 5    -2.631784    2.762600    0.328009
0.238444  0.083739  -0.285309  0.820320  2.772535  1.922071  0.717749  0.194126  -1.362224  1.075911  
-0.300000  1.000000  1.000000  1.000000  1.000000  
 1    -0.833693    0.057651      0.666674   3123.000000      0.460426
 2    -1.580949    0.055275      0.805198   5692.000000      0.971203
 3    -1.916330    0.039444      0.867371   9084.000000      1.325130
 4    -2.081093    0.169895      0.897914   13682.000000      1.952018
 5    -2.213677    0.478512      0.922492   19623.000000      3.074538
 6    -2.380591    0.730129      0.953434   28565.000000      4.969717
 7    -2.440831    0.750229      0.964602   38524.000000      7.392247
 8    -2.513082    0.798994      0.977995   51337.000000     10.912507
 9    -2.539137    0.829420      0.982825   66020.000000     15.939235
10    -2.593041    0.952670      0.992818   81275.000000     21.257338
2.923662    0.510640    
2.668876    6.283185    0.465149    1.043584    
2.766613    6.283185    4.130861    0.486806    1.245042    0.231216    
2.753428    6.212220    4.074865    4.386119    0.454214    1.243907    0.187674    1.382208    
2.775180    6.273862    3.875095    4.513249    2.392432    0.454065    1.192366    0.184989    1.275013    1.374534    
2.820045    0.829367    0.653092    0.953224    0.291458    1.718458    1.259241    0.416743    0.767720    0.973324    0.418540    0.766577    
2.895196    0.770159    0.653469    0.975032    0.308832    1.670381    3.107920    1.268657    0.405397    0.771757    1.029317    0.387147    0.745590    1.472417    
2.771150    6.283185    3.820321    4.788825    2.344497    3.280634    0.115957    6.283185    0.525157    1.102983    0.231716    1.203255    1.359408    0.486505    0.691294    0.300486    
2.823832    6.283185    6.099130    1.525506    2.980037    0.994961    3.106400    2.694378    5.084467    0.728329    1.098153    1.422727    1.486730    1.294319    1.497380    1.499253    0.398176    0.221297    
2.830303    6.283185    6.165833    0.926665    3.496265    1.027624    2.979242    2.775425    5.050228    3.548018    0.754678    1.095907    1.463953    1.498968    1.225799    1.498986    1.535048    0.413275    0.309923    1.392914    
