 5    -1.739027    1.100089    0.466215
0.865590  -0.505806  0.978056  0.089766  -0.313105  -0.997138  -0.062213  -0.719255  0.387988  0.285235  
0.438950  -0.312309  -0.024937  -0.664141  0.011638  
 1    -1.271779    0.273225      0.835425   3840.000000      0.430662
 2    -1.322783    0.323587      0.853390   7720.000000      0.961271
 3    -1.427638    0.483914      0.890322   14958.000000      2.025385
 4    -1.517186    0.594942      0.921863   21862.000000      3.207930
 5    -1.592527    0.720375      0.948399   30186.000000      4.708219
 6    -1.637438    0.787318      0.964218   40120.000000      7.062658
 7    -1.644142    0.803608      0.966580   59747.000000     12.050636
 8    -1.649292    0.815469      0.968394   82321.000000     18.840361
 9    -1.655515    0.828384      0.970585   99154.000000     24.815731
10    -1.663074    0.844696      0.973248   114744.000000     30.591581
4.396774    0.654204    
2.845367    4.151271    0.635675    0.246477    
4.824309    6.283185    5.844201    0.618634    0.208939    0.318588    
3.444309    6.283185    6.283185    4.943369    0.601890    0.151142    0.357374    0.218366    
3.822940    6.283185    6.283185    5.990380    5.163042    0.473755    0.000000    0.234477    0.282378    0.238055    
3.532423    6.283185    6.283185    6.283185    6.283185    5.067419    0.575306    0.000000    0.178899    0.149647    0.288616    0.183060    
3.671511    6.283185    6.283185    6.283185    6.283185    4.528688    5.038020    0.583449    0.109328    0.226749    0.040147    0.163905    0.238873    0.125856    
3.742700    6.283185    6.283185    6.283185    6.283185    6.283185    6.283185    5.014785    0.581004    0.185482    0.323349    0.112037    0.122093    0.047841    0.178358    0.108195    
3.516742    6.283185    6.283185    6.283185    6.283185    6.283185    6.283185    6.283185    5.253062    0.535559    0.191816    0.351233    0.186775    0.150619    0.000000    0.052460    0.134877    0.123953    
3.733170    6.283185    6.283185    6.283185    6.283185    6.283185    6.283185    6.283185    6.283185    5.798501    0.543288    0.211188    0.348457    0.214459    0.226510    0.000000    0.000000    0.050878    0.165309    0.100516    
