 5    -3.491513    2.215561    1.034929
-1.105140  -1.607770  -1.264305  -0.061869  -0.944557  -1.679209  -0.822992  -0.049193  -0.700455  0.428230  
-0.300000  1.000000  1.000000  1.000000  1.000000  
 1    -0.655721    0.188297      0.503109   2586.000000      0.303427
 2    -1.864297    0.531921      0.714877   5893.000000      0.759031
 3    -2.831628    0.833921      0.884374   8633.000000      1.179089
 4    -2.717489    0.769433      0.864375   12304.000000      1.799938
 5    -2.882147    0.832703      0.893226   17254.000000      2.691665
 6    -2.997034    0.831652      0.913357   22384.000000      3.844422
 7    -3.164044    0.896984      0.942621   30886.000000      5.790327
 8    -3.340148    0.959117      0.973478   38210.000000      7.953471
 9    -3.361387    0.969521      0.977199   52434.000000     12.268653
10    -3.433982    0.984659      0.989919   70598.000000     18.840423
4.536963    1.192227    
0.524110    1.100438    0.757215    1.108836    
0.446369    1.012924    0.573634    0.715158    1.115090    1.236932    
0.531889    1.066255    2.563367    4.848688    0.720894    1.143690    0.276783    1.248970    
0.497315    1.094053    4.180009    5.663137    2.730798    0.757549    1.079601    1.330149    0.164447    0.201293    
4.506467    4.211691    3.719488    2.063370    1.966169    3.594565    1.214589    0.352016    1.076565    1.217891    1.294388    0.106060    
0.597145    1.132842    3.315416    0.860658    3.542985    4.185215    3.409593    0.740035    1.020146    1.570796    1.433037    1.441531    1.348789    1.478019    
0.492844    1.121111    4.261035    3.801433    1.332564    2.628672    1.282953    5.621784    0.699797    1.144952    1.463789    1.400516    0.170261    1.363096    0.000000    1.432636    
0.443661    0.992435    0.325787    1.124356    0.684877    2.690100    4.215004    5.826081    3.994099    0.692810    1.249212    1.320279    0.374633    0.283222    1.481467    1.499080    0.053722    0.063316    
0.747842    0.950734    4.071651    2.064698    3.780225    4.695673    2.633546    4.542432    6.061011    1.288857    0.899097    0.971739    1.470738    1.438279    0.202410    0.073482    0.199599    1.150788    0.247581    1.551255    
