 5    -4.307064    2.540182    1.331707
1.044560  -1.449536  0.588023  1.842537  1.549008  -0.023531  -0.878637  1.253610  1.377716  0.376270  
-0.300000  1.000000  1.000000  1.000000  1.000000  
 1    -0.794552    0.019651      0.487018   2586.000000      0.303262
 2    -1.186035    0.267446      0.544192   6256.000000      0.802149
 3    -2.937507    0.584917      0.799984   10135.000000      1.378115
 4    -3.359369    0.737394      0.861595   14025.000000      2.016351
 5    -3.519634    0.747445      0.885001   18763.000000      2.883211
 6    -3.904443    0.863954      0.941200   26274.000000      4.491399
 7    -3.640168    0.810493      0.902604   34065.000000      6.390975
 8    -4.074895    0.930707      0.966093   50812.000000     11.264800
 9    -4.215215    0.966085      0.986586   56726.000000     13.106566
10    -4.182121    0.954607      0.981753   75236.000000     20.590508
3.742230    0.698240    
3.352893    3.130165    0.777727    0.937366    
4.107019    1.184872    2.566757    0.318219    0.904543    0.747595    
4.045007    1.244257    2.618574    4.490130    0.328161    0.980191    0.606984    1.349269    
4.082029    1.228451    2.603724    4.411898    2.573001    0.315231    0.917478    0.658163    1.274687    1.397687    
4.132772    1.202950    2.640239    4.433791    2.545363    2.163355    0.375394    0.894042    0.639370    1.188553    1.332183    1.383832    
4.068129    1.308621    2.661246    4.433964    5.847414    6.198930    4.545232    0.350806    0.974431    0.637642    1.298978    1.542998    1.522604    0.145760    
4.180652    1.211515    2.637345    4.540286    2.614238    2.286280    0.801485    3.400588    0.318399    0.896162    0.671422    1.225015    1.273649    1.374860    0.063182    0.147734    
1.775210    0.861374    4.110620    1.721419    1.820970    1.040119    6.096958    1.994285    2.115716    0.677106    1.452775    1.084288    0.761285    1.171573    0.057406    0.128983    1.311749    1.360878    
4.100940    1.286197    2.782422    4.575853    2.227828    6.283185    2.409650    6.002417    1.822592    4.638190    0.383544    0.984821    0.526344    1.063329    1.336014    0.123468    1.346800    0.233640    0.164836    0.099605    
