 5    -2.686214    2.073182    0.584844
-1.789561  -0.620432  -1.171035  0.148565  0.893654  -1.575155  -0.288518  -0.152455  -0.774642  -0.676979  
-0.300000  1.000000  1.000000  1.000000  1.000000  
 1    -0.724765    0.067186      0.587879   3006.000000      0.362112
 2    -1.359282    0.081197      0.721197   5685.000000      0.754717
 3    -1.540800    0.490307      0.759336   9152.000000      1.272380
 4    -2.130357    0.596470      0.883208   12906.000000      1.854913
 5    -2.321987    0.794795      0.923472   18131.000000      2.857446
 6    -2.137045    0.514714      0.884614   22910.000000      3.869557
 7    -2.278988    0.717531      0.914437   32342.000000      6.118514
 8    -2.499285    0.923801      0.960724   42463.000000      8.896685
 9    -2.573519    0.891715      0.976321   55241.000000     12.978377
10    -2.577049    0.913511      0.977063   68938.000000     18.057485
6.283185    1.045500    
6.253169    6.283185    0.966397    1.174381    
6.084176    4.512740    5.530147    1.107141    1.371828    0.539588    
2.387474    5.496849    4.331679    0.758585    1.116565    1.157956    0.662365    1.409623    
5.477455    5.499199    0.781944    5.915485    1.426497    0.893278    0.435195    0.603398    0.174555    0.309851    
5.978808    6.258851    6.263048    2.732085    1.382239    2.011131    0.901230    1.400817    1.368639    0.457421    1.305701    0.145643    
6.081356    6.281378    5.476452    3.796777    3.697993    5.925945    1.655383    1.001123    1.057875    0.362525    0.648247    1.119617    0.451849    1.278233    
5.562912    5.563297    0.753105    5.959633    1.354363    2.288215    2.826930    2.580831    0.930228    0.427958    0.569692    0.213342    0.197476    1.365067    1.414503    1.466629    
5.308480    5.380360    0.642755    5.710427    1.868482    3.076092    2.423990    1.515658    2.681292    0.938803    0.526620    0.792337    0.176729    0.295779    0.206004    0.188383    1.474137    0.293310    
5.738622    6.283185    4.232246    2.196279    3.877409    1.840652    4.785346    3.037857    1.531541    3.699424    0.837007    0.576416    0.000000    1.052806    1.412126    0.228371    1.398321    0.000000    0.236223    1.322886    
