 5    -2.589479    2.660096    1.095302
-0.374470  1.163536  1.171028  0.762805  -1.399164  -0.805286  -0.567384  0.003154  0.933997  -1.232669  
-0.607355  0.087095  0.168336  0.287423  0.267264  
 1    -1.461392    0.518487      0.785109   3093.000000      0.386527
 2    -2.282440    0.864982      0.941512   7095.000000      0.900891
 3    -2.479383    0.947274      0.979028   12100.000000      1.752121
 4    -2.556583    0.984328      0.993734   18333.000000      2.744542
 5    -2.583443    0.996890      0.998850   30163.000000      5.090157
 6    -2.588711    0.999634      0.999854   60186.000000     12.684583
 7    -2.589281    0.999915      0.999962   114602.000000     27.439734
 8    -2.589334    0.999941      0.999972   152844.000000     37.888859
 9    -2.589447    0.999981      0.999994   200565.000000     55.107756
10    -2.589464    0.999991      0.999997   224676.000000     63.973104
5.451660    0.544639    
4.924342    5.613066    0.625185    0.339485    
3.699676    4.817122    5.500530    0.583214    0.444230    0.211572    
3.345573    4.709649    5.355864    6.283185    0.609477    0.473490    0.314399    0.124520    
2.429586    4.298012    4.798600    5.647297    6.283185    0.604325    0.489334    0.384947    0.233307    0.094310    
1.995912    3.963764    4.563329    5.277395    6.088238    6.283185    0.626592    0.498025    0.425603    0.299572    0.163101    0.053559    
1.544928    3.324876    4.221955    4.869713    5.589965    6.197813    6.283185    0.621980    0.502926    0.452238    0.360963    0.235575    0.116057    0.030746    
1.470255    3.242487    4.167190    4.784366    5.376274    5.606434    4.891123    4.956104    0.628064    0.513081    0.458237    0.372735    0.249653    0.124871    0.050134    0.016568    
1.253447    2.805289    3.699802    4.425334    4.992220    5.586780    6.022800    5.084164    3.558692    0.631564    0.516570    0.465635    0.409882    0.319628    0.206507    0.101576    0.024777    0.013343    
1.279007    2.819016    3.700554    4.459790    5.040330    5.604018    6.053264    5.538170    3.406589    5.291636    0.634172    0.520899    0.476665    0.422996    0.340492    0.232313    0.126777    0.040799    0.019785    0.007493    
