 5    -2.423388    3.504786    0.747997
0.425188  -0.032820  0.989448  -1.579437  0.454097  0.217572  -1.497999  1.743353  -0.600091  -0.362574  
-0.300000  1.000000  1.000000  1.000000  1.000000  
 1    -0.501645    0.088760      0.675829   2967.000000      0.446643
 2    -1.132941    0.329993      0.782320   5440.000000      0.918250
 3    -1.472505    0.542445      0.839599   8849.000000      1.309600
 4    -1.807395    0.616987      0.896091   13309.000000      1.934082
 5    -1.893610    0.682088      0.910634   18304.000000      2.844371
 6    -2.051354    0.769907      0.937243   27321.000000      4.705181
 7    -2.206859    0.814244      0.963474   33995.000000      6.370353
 8    -2.159287    0.825154      0.955450   44096.000000      9.259734
 9    -2.293179    0.912490      0.978036   59243.000000     13.695843
10    -2.335845    0.910539      0.985233   77480.000000     20.261904
1.771852    0.407108    
1.975039    1.550873    0.674947    0.470487    
2.158704    3.558971    2.479708    0.894348    1.091131    1.278541    
2.207309    3.712455    3.467665    2.869516    0.826100    0.887252    1.319143    0.194474    
1.592739    2.506735    3.226939    6.170372    4.716794    0.352806    0.401560    1.045322    1.188813    1.199104    
2.013360    1.546569    4.398570    5.273728    1.237202    2.644215    0.457327    0.476216    1.405159    1.236108    0.440963    0.070278    
1.699926    1.888043    0.906591    3.931345    4.494541    1.530923    1.840428    0.671695    0.322195    0.383650    0.320292    1.124479    0.287622    1.402780    
1.657731    1.186638    3.968644    6.251854    3.699784    3.929930    6.170811    2.052906    0.531401    0.329443    1.570796    1.237138    0.173913    0.606059    1.291268    0.068913    
2.424295    4.332774    2.922328    0.538416    6.283185    5.439283    2.220274    6.189212    2.796299    1.369764    0.347956    0.964088    0.443037    1.189132    1.337492    1.254946    0.397536    1.495442    
2.034456    1.526103    4.273066    5.457940    1.133024    2.930519    1.332929    0.439899    5.853854    2.110851    0.478770    0.424522    1.325619    1.316511    0.359174    0.167808    1.305719    0.274948    1.365969    0.109046    
