 5    -2.739875    2.196550    0.476534
-1.005836  0.503446  1.199233  1.483479  -0.592821  -0.667869  -0.277927  -0.746122  -1.144461  -0.517024  
-0.614196  0.004842  0.167078  0.167174  0.401294  
 1    -1.628537    0.357154      0.774870   2907.000000      0.335036
 2    -2.455024    0.517073      0.942296   6969.000000      0.904698
 3    -2.517590    0.535467      0.954971   12658.000000      1.705247
 4    -2.520200    0.540902      0.955499   18727.000000      2.736119
 5    -2.524005    0.553064      0.956270   31472.000000      5.405042
 6    -2.538159    0.586775      0.959137   50657.000000      9.855600
 7    -2.562609    0.639235      0.964090   71420.000000     15.329412
 8    -2.579316    0.667670      0.967475   93067.000000     21.870790
 9    -2.588194    0.686682      0.969273   122944.000000     31.930879
10    -2.606436    0.726751      0.972969   146752.000000     41.280823
5.566661    0.540666    
5.149521    5.886091    0.604952    0.305791    
3.080906    5.151883    5.949441    0.577359    0.438378    0.210111    
2.497278    4.868886    5.330042    6.283185    0.611203    0.456002    0.314378    0.094554    
2.878609    4.991989    5.542503    6.283185    6.283185    0.650738    0.485908    0.365438    0.184797    0.063589    
3.281313    5.303421    5.968825    6.283185    5.791421    6.283185    0.585580    0.462674    0.336662    0.192312    0.183652    0.110923    
3.794048    4.714330    6.283185    6.283185    6.283185    6.283185    6.283185    0.536423    0.364161    0.114554    0.067168    0.215915    0.200202    0.141653    
2.946828    5.553587    6.283185    6.283185    6.283185    6.283185    6.283185    6.283185    0.592013    0.465661    0.150431    1.495485    0.091156    0.205354    0.227029    0.146483    
2.963333    4.808427    5.236611    6.283185    6.283185    6.283185    6.283185    6.283185    6.283185    0.556663    0.405366    0.221101    0.000000    0.000000    0.156349    0.213259    0.214224    0.119102    
3.263196    5.271175    6.283185    6.283185    6.283185    6.283185    6.283185    6.283185    6.283185    6.283185    0.565494    0.436989    0.187948    0.000733    0.000000    0.000000    0.127703    0.202016    0.216849    0.129732    
