 5    -2.802020    3.383814    1.200402
1.348629  1.991068  1.393069  -0.686884  -0.095791  -0.756370  0.561199  0.751012  -1.191746  -1.487929  
0.394347  -0.284542  -0.195753  0.422646  0.557573  
 1    -1.346516    0.211984      0.764704   3171.000000      0.369192
 2    -1.506462    0.219962      0.790561   6373.000000      0.820787
 3    -1.772538    0.323264      0.833574   10312.000000      1.413156
 4    -2.294122    0.762958      0.917893   20663.000000      3.301527
 5    -2.344770    0.767329      0.926081   28058.000000      4.804155
 6    -2.646843    0.952018      0.974914   45971.000000      9.080139
 7    -2.755621    0.983115      0.992499   76010.000000     18.177672
 8    -2.781433    0.991652      0.996672   99153.000000     25.361513
 9    -2.793739    0.996207      0.998661   162900.000000     46.076637
10    -2.794767    0.995837      0.998828   245438.000000     76.334611
3.825040    0.530448    
3.646018    6.283185    0.565484    1.411376    
3.446180    6.275314    2.097704    0.615786    1.570796    1.192608    
2.584757    6.283185    3.487463    6.283185    0.967566    1.427840    0.934860    1.204861    
2.464244    6.184024    3.487237    6.283185    6.283185    0.948048    1.413365    0.952402    1.112295    0.114314    
2.396584    5.472449    1.850212    6.283185    4.921981    3.137668    1.117760    1.038131    1.226664    1.070633    0.964668    0.957073    
2.803428    4.334753    1.315010    6.283185    3.984986    3.173552    6.283185    1.055765    1.148131    1.137612    1.207384    1.177163    0.911207    1.144229    
2.850328    4.035906    1.254638    6.031604    4.124439    3.200567    6.283185    6.283185    1.018085    1.089444    1.187247    1.197654    1.159704    0.922787    1.270704    1.388503    
2.627640    4.114368    1.421521    6.283184    3.987175    3.086592    6.226939    6.283185    4.465721    1.033684    1.146354    1.140499    1.228481    1.194841    0.933414    1.309774    1.191299    0.202164    
2.247589    3.923441    1.187212    6.283185    4.306660    0.667750    2.558748    5.840252    6.282208    0.758662    1.058261    1.261587    0.994004    1.185150    0.779652    0.408268    0.910418    1.259229    0.831703    0.665593    
