 5    -2.385465    1.681702    0.253019
-0.387979  1.027428  -0.161652  -1.247563  0.865654  -0.059300  -0.902750  -0.009563  0.619805  0.494273  
-0.300000  1.000000  1.000000  1.000000  1.000000  
 1    -0.774245    0.184191      0.603847   2514.000000      0.294417
 2    -1.342750    0.483969      0.743626   5882.000000      0.759375
 3    -1.674935    0.696203      0.825301   9582.000000      1.299602
 4    -1.821774    0.687103      0.861404   13740.000000      1.973601
 5    -1.871106    0.744942      0.873534   19901.000000      3.146498
 6    -2.021255    0.817139      0.910451   26863.000000      4.673454
 7    -2.133396    0.639812      0.938023   35600.000000      6.727693
 8    -2.273157    0.849695      0.972386   48194.000000     10.348370
 9    -2.355559    0.973868      0.992647   62396.000000     15.006182
10    -2.364837    0.979365      0.994928   81422.000000     23.427841
2.738009    1.023820    
2.788504    1.291175    0.952354    0.312842    
2.761663    1.323452    5.083394    0.851736    0.342130    0.250550    
2.791307    1.300157    2.888520    5.371513    0.830699    0.436642    0.175399    1.321058    
2.762776    1.407137    5.165663    1.973816    1.995400    0.705173    0.320006    0.390455    1.362056    0.306138    
2.696695    1.228138    2.988301    5.290813    3.100907    4.112126    0.750628    0.464352    0.245575    1.163630    1.286152    0.144668    
2.692740    1.143205    3.047776    5.149739    3.136608    4.674575    1.655848    0.685370    0.458811    0.283481    1.116579    1.141307    0.083304    0.172187    
2.673226    1.237027    2.990179    4.974679    3.081090    2.090734    1.290225    4.869397    0.601824    0.405069    0.280662    1.174651    1.288461    1.361477    1.427105    0.163836    
2.640729    1.118543    2.955830    5.112955    3.147372    1.642091    1.210441    5.916080    2.089113    0.425598    0.379868    0.369738    1.153885    1.280313    1.261079    1.345082    0.141655    1.422688    
2.707403    1.390619    2.914292    4.697344    2.795329    2.780086    3.292607    5.702175    5.627098    2.877767    0.615226    0.325022    0.223520    1.267617    1.338281    1.115244    1.356127    1.464481    1.399173    1.496871    
