 5    -2.699229    2.271191    1.112517
1.023492  0.283144  -0.004423  -0.507907  0.852055  -1.412692  0.568955  1.263137  -1.571967  -0.876978  
-0.300000  1.000000  1.000000  1.000000  1.000000  
 1    -0.600163    0.055854      0.577688   2895.000000      0.336211
 2    -0.773243    0.150522      0.612510   6004.000000      0.781161
 3    -1.658354    0.552841      0.790586   10403.000000      1.420203
 4    -2.085988    0.722210      0.876622   14760.000000      2.189567
 5    -2.174852    0.765000      0.894500   20861.000000      3.216300
 6    -2.299879    0.842801      0.919655   26154.000000      4.407400
 7    -2.537046    0.932775      0.967370   35103.000000      6.482180
 8    -2.567653    0.938031      0.973528   46051.000000      9.669061
 9    -2.562671    0.941864      0.972526   59266.000000     13.686523
10    -2.627826    0.974976      0.985634   77989.000000     21.066263
5.170016    0.746630    
5.050774    3.650245    0.937693    0.470221    
5.211667    3.899098    5.390667    1.213862    0.745072    0.864044    
5.133019    2.139763    1.917748    5.446199    1.277303    0.267903    0.803612    0.869492    
5.154556    2.094239    1.958930    5.449925    4.579217    1.253421    0.304257    0.784895    0.889535    0.116741    
5.009792    2.083226    5.346637    5.003831    5.238965    2.905446    0.644588    0.269124    0.908254    1.385975    0.329569    0.396106    
4.941988    2.227105    5.248556    3.990618    5.972662    3.942504    4.234711    0.154599    0.254682    1.059871    1.109974    0.239830    0.375412    0.168134    
5.100409    1.708388    4.851596    3.763933    1.010538    5.649762    4.443067    4.466331    0.522640    0.509881    1.079743    0.426914    1.243267    0.437555    0.235374    0.068831    
5.064723    4.284674    5.492746    1.474634    3.256514    6.283185    5.506989    1.228300    5.379129    1.236826    0.814593    1.062180    0.294518    0.224780    0.276740    1.318186    1.491794    1.287999    
5.159756    5.702819    5.438458    3.236527    3.923492    2.383019    3.600282    0.847476    2.325294    3.812182    0.542340    0.135937    0.526380    0.993469    0.547863    0.617787    0.223790    1.440007    0.088983    1.479071    
