 5    -2.009773    2.332053    0.521246
-0.337545  -0.225671  -0.825266  -1.519911  0.236885  -0.567556  1.783642  0.438508  -0.234935  0.649691  
0.103490  -0.448802  0.137915  -0.165122  0.218402  
 1    -1.038949    0.467302      0.776402   3036.000000      0.392763
 2    -1.768736    0.839690      0.944485   6150.000000      0.804592
 3    -1.945905    0.943632      0.985290   11224.000000      1.600054
 4    -1.979259    0.967995      0.992972   16791.000000      2.681094
 5    -2.001548    0.990653      0.998106   25341.000000      4.102196
 6    -2.007747    0.997287      0.999534   37201.000000      6.913253
 7    -2.009069    0.999273      0.999838   70245.000000     16.362663
 8    -2.009612    0.999890      0.999963   89979.000000     22.225257
 9    -2.009726    0.999968      0.999989   132652.000000     35.911693
10    -2.009751    0.999986      0.999995   152113.000000     43.162017
6.283185    0.529029    
6.283185    6.283185    0.537445    0.331052    
4.940122    6.283185    6.283185    0.529116    0.379805    0.197801    
3.068586    6.283185    6.188248    6.283185    0.612664    0.439719    0.308153    0.149209    
3.680694    5.981605    6.183189    6.283185    6.283185    0.617746    0.447773    0.326781    0.178271    0.082701    
2.686684    5.363667    6.016761    6.283185    6.064810    6.283185    0.583117    0.463574    0.383019    0.236679    0.115054    0.062145    
2.532030    5.211022    5.809701    6.186813    6.283185    6.197157    6.283185    0.614071    0.463379    0.393316    0.283570    0.154341    0.082333    0.032842    
2.562369    5.112699    5.861975    6.257974    6.210860    6.283185    6.258160    6.283185    0.613830    0.476726    0.404358    0.297039    0.186772    0.109901    0.049137    0.022137    
2.092259    4.371904    5.478838    6.097941    6.252535    5.906231    6.279380    6.166251    6.067334    0.596574    0.474582    0.421511    0.339804    0.226257    0.141181    0.083506    0.035113    0.015730    
2.019083    4.415081    5.520931    6.088098    6.148790    5.936516    6.191983    6.168852    6.106028    5.165783    0.616387    0.496142    0.431836    0.349569    0.241049    0.158964    0.096860    0.048956    0.019577    0.007073    
