 5    -2.741001    3.038601    0.100011
1.852027  1.201873  -0.549276  0.219038  -0.016983  0.671893  0.333167  -1.771524  1.975094  0.418604  
-0.379360  0.464340  0.145116  0.158561  -0.304140  
 1    -1.685179    0.403540      0.817319   3366.000000      0.382929
 2    -2.311926    0.829480      0.925760   6657.000000      0.842956
 3    -2.681804    0.967551      0.989758   12128.000000      1.633922
 4    -2.726242    0.992475      0.997446   19334.000000      2.828451
 5    -2.737192    0.997180      0.999341   32078.000000      5.459884
 6    -2.740262    0.999108      0.999872   52863.000000     10.179577
 7    -2.740354    0.998984      0.999888   59739.000000     12.186910
 8    -2.740414    0.999256      0.999898   76755.000000     17.406766
 9    -2.740457    0.999287      0.999906   98387.000000     25.124754
10    -2.740601    0.999562      0.999931   134928.000000     39.219692
5.127054    0.551436    
3.470153    4.836234    0.590953    0.384716    
2.678889    4.261719    4.483963    0.596056    0.462282    0.243490    
2.137964    3.894242    4.112954    4.627010    0.627986    0.476910    0.332555    0.130556    
1.871839    3.499342    3.794154    4.363004    5.010450    0.621286    0.471002    0.375066    0.207840    0.060384    
1.653966    3.086971    3.558725    4.068965    4.711611    5.289731    0.602043    0.463657    0.405015    0.281487    0.135557    0.047623    
1.682004    3.104711    3.549076    4.058662    4.673662    5.053313    6.238428    0.595314    0.458067    0.396306    0.263055    0.110087    0.028410    1.559114    
1.563479    2.958111    3.437727    3.860777    4.354132    4.914137    6.110707    2.112980    0.593079    0.455227    0.398848    0.279239    0.133611    0.042877    1.570796    1.560017    
1.548307    2.943069    3.392892    3.719128    4.005339    4.433178    2.848818    6.122643    4.087828    0.589637    0.451908    0.391228    0.266685    0.127706    0.042942    0.002317    1.555779    0.000664    
1.271506    2.754013    3.347253    3.787493    4.433800    5.209637    5.925805    4.264880    6.201951    2.370122    0.606111    0.474652    0.422408    0.331121    0.192425    0.073254    1.570796    1.551533    1.565507    1.562644    
