 5    -4.403010    3.136480    1.018893
1.584050  0.306209  -0.722096  0.029006  -2.123688  -1.829934  0.920972  -0.910938  0.595995  2.324745  
-0.098082  0.277482  0.185943  0.149988  -0.675000  
 1    -2.704417    0.458540      0.774707   3321.000000      0.377475
 2    -4.003632    0.765013      0.947029   7055.000000      0.889425
 3    -4.197959    0.840746      0.972803   12503.000000      1.677268
 4    -4.317503    0.941399      0.988659   18330.000000      2.647096
 5    -4.362706    0.977573      0.994654   29178.000000      4.715906
 6    -4.398315    0.998675      0.999377   40947.000000      7.399390
 7    -4.402586    0.999909      0.999944   109153.000000     26.587145
 8    -4.402802    0.999957      0.999972   138760.000000     36.148563
 9    -4.402927    0.999983      0.999989   167373.000000     47.205312
10    -4.402945    0.999987      0.999991   179171.000000     52.131016
5.263675    0.542816    
4.414422    4.975375    0.576147    0.319750    
2.573156    4.634955    5.051542    0.572226    0.444592    0.225476    
3.060573    4.573720    5.169123    6.283185    0.609294    0.478126    0.302457    0.137623    
2.293380    4.460339    4.887352    5.929156    6.283185    0.612394    0.495313    0.391414    0.227464    0.106331    
2.194395    4.248203    4.859116    5.833461    6.283185    6.283185    0.616224    0.496440    0.399774    0.278197    0.174119    0.078573    
1.658000    3.567660    4.317490    5.113376    5.930373    6.186904    6.245004    0.618040    0.486294    0.431665    0.323590    0.228624    0.139030    0.054532    
1.543310    3.304421    4.140888    4.908459    5.657804    6.119039    6.243762    6.283185    0.609001    0.490376    0.439395    0.348690    0.251692    0.164620    0.083245    0.020324    
1.479847    3.191083    4.025036    4.759113    5.425609    5.915883    6.193853    6.280867    6.278762    0.614518    0.499307    0.449445    0.370062    0.279267    0.189589    0.112915    0.048349    0.013540    
1.450276    3.120464    3.913195    4.566821    5.200340    5.615060    5.940445    5.981322    5.309343    3.421614    0.610126    0.486934    0.438378    0.360203    0.271693    0.190955    0.116210    0.052617    0.011873    0.008213    
