 5    -0.811526    2.073757    0.052141
-0.470129  0.670906  -0.822153  0.503401  -0.184276  0.514476  -0.472338  -0.433457  0.480020  -0.085906  
-0.300000  1.000000  1.000000  1.000000  1.000000  
 1    -0.392854    0.415920      0.854894   3006.000000      0.347947
 2    -0.458451    0.297315      0.877629   5555.000000      0.714080
 3    -0.584225    0.479878      0.921220   9882.000000      1.337634
 4    -0.637685    0.699156      0.939749   13893.000000      2.059252
 5    -0.704819    0.670747      0.963017   19424.000000      3.059503
 6    -0.724172    0.492378      0.969724   27780.000000      4.830314
 7    -0.752894    0.853274      0.979679   38532.000000      7.356708
 8    -0.771955    0.829134      0.986285   49498.000000     10.540727
 9    -0.795253    0.911067      0.994360   62959.000000     14.742472
10    -0.792481    0.780691      0.993399   83758.000000     24.266165
3.557936    0.740299    
3.465498    4.290251    0.757211    1.150386    
3.592346    2.481298    5.644359    0.430382    0.200890    1.253583    
3.753658    2.768689    5.134920    1.845272    0.342807    0.192219    1.277564    0.203065    
3.640959    2.820368    3.340170    4.574209    5.499577    0.610496    0.318244    0.224591    1.487224    1.088122    
2.711616    1.637229    5.080186    0.975277    1.447302    1.542876    0.680890    0.590247    0.193580    1.077229    1.163664    1.107393    
3.721210    3.146424    4.164033    3.734322    2.425908    4.459747    5.222753    0.547114    0.212251    0.230478    1.140926    0.262490    0.364173    1.276883    
2.725713    1.443884    1.203686    5.347826    4.818472    5.312436    5.440834    4.610872    0.590658    0.192805    1.194603    1.431528    0.422247    0.000000    0.146764    0.272131    
3.768970    1.533035    3.925707    4.195971    2.576786    3.972967    3.477550    1.392442    4.029503    0.366063    1.217018    1.206265    0.394551    1.190329    1.398638    1.291118    1.338832    1.394878    
3.831494    3.001936    2.963576    4.041503    6.059477    2.568331    3.224350    3.655340    4.460808    2.690180    0.541500    0.445320    0.289040    1.263024    1.222650    1.258341    0.217508    0.339055    0.198020    1.466305    
