 5    -2.325207    1.898876    1.287952
-0.934865  0.816632  0.671318  0.859880  0.640418  0.266168  -0.867070  -0.429947  0.784486  0.648298  
-0.300000  1.000000  1.000000  1.000000  1.000000  
 1    -0.604762    0.180625      0.592706   2640.000000      0.399325
 2    -1.212842    0.494764      0.736661   5743.000000      0.999494
 3    -1.489206    0.695486      0.802087   9264.000000      1.637802
 4    -1.664001    0.683023      0.843467   12682.000000      2.185962
 5    -1.821002    0.776736      0.880635   18852.000000      2.920311
 6    -1.941715    0.804957      0.909213   25640.000000      4.311553
 7    -2.023818    0.866576      0.928650   34302.000000      6.432124
 8    -2.112311    0.893196      0.949599   43801.000000      9.060081
 9    -2.216336    0.951284      0.974226   61535.000000     14.665197
10    -2.288468    0.982998      0.991302   79285.000000     20.961510
2.711041    1.024110    
2.784824    1.241087    0.928209    0.354372    
2.769475    1.336731    5.124880    0.880959    0.376032    0.255285    
2.757000    1.356599    1.278874    0.768798    0.980163    0.438789    0.253878    1.286287    
3.808417    0.870542    4.358853    0.841358    4.044012    0.519688    1.093577    0.818863    1.055927    0.193212    
2.764181    1.467355    1.387665    3.671571    1.338874    1.831875    0.745538    0.318053    0.107852    0.480095    1.416279    0.264484    
2.673890    1.505602    5.273375    1.162481    3.675290    1.136423    6.283185    0.947581    0.432788    0.000000    1.258088    0.078620    0.441831    1.379214    
2.697457    1.258208    5.220572    1.298940    3.788241    0.960976    6.283171    6.094057    0.895267    0.455021    0.146909    1.200054    0.008041    0.269496    1.570796    1.294034    
2.698982    1.236666    5.267795    1.120482    3.703980    1.009703    6.192904    6.283185    5.607367    0.937373    0.484811    0.164568    1.163416    0.015733    0.344550    1.521716    1.385083    1.382981    
2.656708    1.585655    6.282813    4.863635    3.539359    1.898882    2.409744    2.452059    5.033054    2.156172    1.063641    0.491402    1.061419    0.317026    0.218078    1.437396    1.322002    1.424025    0.101330    1.362664    
