 5    -1.564781    0.903420    0.449752
0.522022  0.069947  0.869230  0.424554  -0.220960  -0.632086  -0.455699  -0.681874  0.387163  -0.009748  
-0.300000  1.000000  1.000000  1.000000  1.000000  
 1    -0.634766    0.471316      0.623201   2574.000000      0.322771
 2    -1.137785    0.742973      0.827001   5369.000000      0.742886
 3    -1.332746    0.854146      0.905990   8897.000000      1.320961
 4    -1.427106    0.908482      0.944220   13006.000000      1.865470
 5    -1.545798    0.988491      0.992309   17812.000000      2.741075
 6    -1.536029    0.975892      0.988351   23343.000000      3.879549
 7    -1.559307    0.994796      0.997782   32806.000000      6.114440
 8    -1.563536    0.999344      0.999496   45525.000000     10.008058
 9    -1.562386    0.998598      0.999029   63551.000000     15.802012
10    -1.563815    0.999368      0.999609   80883.000000     23.525061
0.410458    0.542331    
0.384860    0.469597    0.645577    0.364234    
0.357799    0.440958    0.543191    0.651551    0.455427    0.218045    
0.341625    0.422982    0.561508    2.326616    0.633109    0.452244    0.232925    1.440272    
0.340721    0.422353    0.528503    0.615284    2.196628    0.630824    0.451504    0.297158    0.206444    1.517134    
0.279548    0.402001    0.491088    6.266082    4.458261    5.066447    0.645207    0.452767    0.229212    1.423748    1.436383    0.117519    
0.259802    0.390578    0.456344    0.574358    2.236019    0.568068    3.587577    0.642445    0.508239    0.355948    0.198451    1.447470    1.478603    1.538062    
0.191625    0.353828    0.414617    0.513127    0.554343    2.351118    2.264981    2.998300    0.605948    0.506331    0.401046    0.263133    0.162952    1.509718    0.049158    0.031204    
0.282578    0.406017    0.463138    0.624784    2.317749    2.336243    4.995048    4.734229    5.026778    0.681388    0.508997    0.346960    0.235956    1.513553    0.139496    1.490362    1.570796    1.528956    
0.238052    0.391885    0.434136    0.624473    2.121324    4.382175    4.488165    4.006721    2.331365    2.187145    0.640568    0.503080    0.346341    0.116036    1.509721    1.435198    1.491722    0.095282    1.494097    0.053707    
