 5    -2.699229    2.271191    1.112517
1.023492  0.283144  -0.004423  -0.507907  0.852055  -1.412692  0.568955  1.263137  -1.571967  -0.876978  
-0.800000  0.248802  0.098342  -0.135544  0.137377  
 1    -0.432951    0.157520      0.544047   3411.000000      0.388769
 2    -1.609753    0.480833      0.780808   7071.000000      0.896227
 3    -1.835305    0.537979      0.826187   12017.000000      1.613232
 4    -1.958501    0.648932      0.850973   16023.000000      2.273956
 5    -2.104483    0.743467      0.880343   21668.000000      3.268414
 6    -2.121361    0.741544      0.883739   32717.000000      5.753210
 7    -2.124039    0.733792      0.884277   52219.000000     10.689990
 8    -2.425968    0.875064      0.945023   73511.000000     17.200831
 9    -2.496787    0.909161      0.959271   121048.000000     33.295947
10    -2.611263    0.955981      0.982302   225318.000000     74.440898
6.283185    0.587113    
6.283185    3.775260    1.331511    0.897472    
6.283185    2.607534    6.283185    1.473231    0.929280    1.299577    
6.283185    4.096635    6.283185    6.283185    1.165041    0.969409    1.570796    1.335344    
6.283185    4.126085    6.112176    6.112176    6.283185    1.194472    0.970271    1.570796    1.391321    1.420142    
6.283185    3.714885    5.417273    5.417262    6.283185    2.860493    1.229412    0.957797    1.570796    1.399687    1.490351    1.465643    
6.283185    3.675524    5.279703    5.279721    6.283185    3.695667    5.787299    1.245995    0.964415    1.570796    1.394388    1.487098    1.450500    0.032380    
5.764232    4.782909    2.968143    6.283185    6.283185    4.487243    6.089945    6.261162    1.036138    1.055906    1.443431    1.570796    1.191853    1.570796    0.000000    1.275271    
5.677195    5.992859    5.410210    5.575522    5.575518    3.757829    5.490589    6.283185    1.931663    1.319239    1.093350    1.423601    1.570796    1.197071    1.570796    0.094036    0.368567    0.909261    
4.659489    6.028080    6.175689    4.630016    4.919735    6.283185    1.178932    2.172813    6.283185    4.188057    1.317172    1.045301    1.350046    1.570796    1.114640    1.366363    0.526143    1.298087    0.270394    0.991523    
