 5    -2.110629    4.220697    0.080942
1.736738  1.897914  -2.106773  -0.148912  0.583062  -2.259233  0.137240  -0.701213  -0.620780  -0.479620  
-0.300000  1.000000  1.000000  1.000000  1.000000  
 1    -1.132333    0.469532      0.845483   2520.000000      0.304718
 2    -1.780743    0.741622      0.947896   5654.000000      0.743163
 3    -1.917124    0.853964      0.969437   8468.000000      1.174851
 4    -2.072069    0.979312      0.993910   13019.000000      1.915354
 5    -2.034261    0.944127      0.987938   17217.000000      2.719361
 6    -2.099316    0.992819      0.998213   24736.000000      4.336766
 7    -2.091589    0.988613      0.996993   34615.000000      6.838236
 8    -2.105764    0.996326      0.999231   45224.000000     10.116408
 9    -2.106255    0.996807      0.999309   64812.000000     16.830874
10    -2.108698    0.998320      0.999695   86712.000000     27.468595
0.400484    0.533963    
0.383256    0.446594    0.627025    0.324508    
0.342664    0.417381    0.501740    0.640841    0.443829    0.191450    
0.376626    0.440414    0.559248    0.608888    0.625320    0.449246    0.272928    0.189666    
0.407342    0.451919    6.101032    4.302106    6.131249    0.606923    0.399549    1.470806    1.403292    0.155469    
0.309692    0.406193    0.472060    0.664383    4.695578    5.007054    0.639647    0.503569    0.329328    0.198282    0.104613    1.474378    
0.273656    0.397162    0.485064    2.569180    1.867691    4.428886    5.040107    0.649675    0.465353    0.262641    1.478586    0.077408    0.161033    1.449979    
0.319350    0.429216    0.511568    0.666432    5.291235    2.725643    4.673411    4.660707    0.645826    0.497141    0.292473    0.232041    1.458138    0.087456    0.101439    0.050285    
0.242733    0.399802    0.444166    0.600006    2.255561    4.146674    6.223304    2.538976    4.155083    0.651382    0.526783    0.362142    0.210667    1.521173    1.459822    0.079516    0.012622    0.039556    
0.227763    0.383588    0.438044    0.642956    4.099077    0.629170    5.037758    3.389628    3.313148    3.364610    0.617215    0.502996    0.353509    0.124342    0.071407    0.184560    1.449500    1.520374    1.507685    1.570796    
