 5    -1.012904    1.848152    0.084897
-0.804458  0.320932  -0.025483  0.644324  -0.300797  0.389475  -0.107437  -0.479983  0.595036  -0.464668  
-0.300000  1.000000  1.000000  1.000000  1.000000  
 1    -0.350843    0.217688      0.768596   2676.000000      0.312667
 2    -0.465790    0.111219      0.808772   5872.000000      0.757490
 3    -0.600402    0.314202      0.855822   9354.000000      1.286688
 4    -0.752276    0.549202      0.908905   13837.000000      2.003692
 5    -0.805724    0.441815      0.927586   19945.000000      3.110834
 6    -0.887176    0.580055      0.956055   26355.000000      4.518234
 7    -0.931792    0.556807      0.971650   33782.000000      6.429883
 8    -0.926428    0.790247      0.969775   45612.000000      9.474201
 9    -0.956285    0.593568      0.980210   63041.000000     15.098465
10    -0.970973    0.810805      0.985344   80173.000000     23.201680
1.613556    1.102145    
1.907496    6.062684    0.986365    0.322480    
1.319338    1.470976    5.644013    1.083810    0.136093    0.427586    
1.076922    0.937736    6.283185    3.661100    1.042037    0.079753    0.458789    0.311736    
1.105517    0.883428    6.234749    2.505634    4.845846    0.973962    0.104180    0.522313    0.249425    0.176388    
1.024487    0.913213    6.283185    2.137873    5.300856    4.264091    0.980047    0.086728    0.575797    0.205852    0.188021    1.334627    
1.031270    0.856619    6.245003    1.345772    0.915234    5.141993    4.297813    0.970532    0.083433    0.552993    0.153015    0.132100    0.156868    1.339234    
2.066988    5.868616    1.209276    4.124665    4.022185    6.185263    2.849031    3.703348    0.970338    0.147422    0.328149    1.570796    1.091004    0.351761    1.289839    0.145993    
1.027114    0.823823    6.260074    1.307867    0.983992    5.126948    4.212120    3.594375    2.339801    0.943654    0.067230    0.558437    0.169232    0.115101    0.162748    1.296372    0.053741    0.075556    
1.007561    0.892211    6.283185    1.394902    4.084574    6.138639    4.265705    5.551469    6.081983    2.073997    1.007720    0.078857    0.630850    0.269359    1.494602    1.354497    0.001970    1.423602    0.250836    1.533509    
