 5    -1.961676    2.140587    0.363274
-0.275434  0.009924  0.464788  0.342611  1.134445  -1.210976  -1.443573  -0.759583  0.937481  0.102493  
-0.300000  1.000000  1.000000  1.000000  1.000000  
 1    -0.652104    0.028745      0.680768   2760.000000      0.322446
 2    -0.960350    0.014146      0.755909   5953.000000      0.763235
 3    -0.969871    0.115504      0.758230   9925.000000      1.344336
 4    -1.452690    0.307800      0.875926   14674.000000      2.097055
 5    -1.514987    0.333188      0.891112   19279.000000      2.998533
 6    -1.549589    0.382113      0.899546   27839.000000      4.826300
 7    -1.756837    0.751558      0.950067   35070.000000      6.557897
 8    -1.810716    0.822099      0.963201   50373.000000     10.849221
 9    -1.841602    0.903109      0.970730   59064.000000     13.632876
10    -1.910210    0.921521      0.987454   78539.000000     21.946090
3.519277    0.872302    
2.731753    1.346033    0.976700    0.278076    
3.688359    6.241510    5.352243    0.874310    0.448922    1.311689    
3.493003    6.057825    5.560865    2.922811    0.856057    0.375571    1.308710    0.462339    
3.510109    6.102032    5.531456    2.847362    5.447421    0.772352    0.425114    1.356790    0.458362    0.132761    
3.501611    6.061207    5.581988    2.853801    5.444996    4.498221    0.772281    0.423388    1.349324    0.521851    0.139731    0.116863    
4.127839    5.259180    4.150062    3.413143    5.593772    5.942573    4.265193    0.817700    0.512577    1.447485    0.708089    0.613389    1.510152    1.460110    
3.347648    5.388023    3.082767    2.515187    0.682543    5.778530    3.858818    1.364095    0.801209    1.205085    1.430349    0.462934    0.151289    0.939712    1.386111    0.240084    
3.722891    4.860651    2.833828    2.680657    3.494327    4.110595    6.165954    4.548532    2.660160    0.961553    0.527510    1.207166    1.147928    0.288295    0.502194    1.282650    0.704970    0.291635    
3.632476    5.430555    3.649711    5.969095    2.632072    6.240760    5.434975    5.137332    4.607743    4.048043    1.013130    0.833290    1.131812    1.100969    0.836113    1.078408    0.435017    0.368333    0.831811    1.458599    
