 5    -4.055787    2.852971    2.423375
-1.945109  0.620710  -0.432221  0.462573  0.020115  -0.392806  2.213288  1.454509  -1.097804  0.429880  
0.104391  -0.799962  -0.108482  0.128799  -0.183286  
 1    -1.597027    0.363846      0.644110   2817.000000      0.324852
 2    -2.545342    0.637211      0.781372   6536.000000      0.830418
 3    -3.363156    0.806320      0.899746   11551.000000      1.556606
 4    -3.517965    0.832716      0.922154   17326.000000      2.503614
 5    -3.631819    0.877165      0.938633   27916.000000      4.548407
 6    -3.732124    0.899387      0.953152   43547.000000      8.185754
 7    -3.828413    0.938506      0.967089   53510.000000     10.600965
 8    -3.942443    0.965883      0.983594   72248.000000     16.144736
 9    -4.019831    0.991243      0.994796   101632.000000     25.784017
10    -4.012713    0.985745      0.993765   104953.000000     27.399980
6.283185    1.011876    
6.283185    5.684106    1.133262    1.264822    
4.490598    6.283185    6.283185    1.172197    1.402358    1.235288    
3.205488    6.283185    6.283185    6.283185    1.109886    1.322524    1.334904    1.394727    
3.830367    6.283185    3.044722    6.283185    6.283185    1.048024    1.374212    1.340570    1.524828    1.285236    
2.770427    6.283185    5.634513    5.734328    6.283185    6.283185    1.008967    1.190350    1.398768    1.328521    1.570796    1.373097    
3.506114    6.283185    6.283185    5.837596    6.283185    6.283185    6.283185    1.071036    1.315415    1.214637    1.477270    1.538643    1.570796    1.374532    
3.392782    6.283185    5.996288    6.283185    5.559568    5.559069    6.189689    6.133345    1.074540    1.252478    1.382243    1.289790    1.570796    1.506870    1.570796    1.391771    
4.934467    6.106425    6.106853    2.100286    6.283185    1.472209    5.049497    4.594831    4.176815    0.773520    1.570796    1.390368    1.058585    1.105044    1.281942    0.677939    1.367474    0.010145    
2.922466    6.283185    6.211631    6.283185    6.283185    6.283185    6.283185    6.283185    6.283185    6.283185    1.027626    1.211586    1.333603    1.360861    1.520289    1.429317    1.542394    1.496854    1.570796    1.455772    
