 5    -3.779225    1.824854    1.594828
-0.944526  -0.876067  0.826348  -0.320301  -1.080067  1.307439  -0.072256  1.633084  1.209046  -0.966583  
-0.300749  -0.244989  -0.291073  0.284718  0.254667  
 1    -2.349410    0.612981      0.744862   3135.000000      0.358779
 2    -3.612732    0.956890      0.970291   6692.000000      0.848973
 3    -3.763043    0.995772      0.997113   12979.000000      1.755788
 4    -3.776447    0.998919      0.999504   21301.000000      3.184227
 5    -3.778816    0.999886      0.999927   33754.000000      5.747005
 6    -3.779000    0.999940      0.999960   41857.000000      7.618537
 7    -3.779020    0.999949      0.999963   51175.000000     10.259140
 8    -3.779020    0.999949      0.999963   58466.000000     12.468454
 9    -3.779026    0.999950      0.999965   66654.000000     15.236708
10    -3.779032    0.999953      0.999966   68693.000000     16.252943
4.846778    0.530270    
4.702578    5.307257    0.699329    0.360000    
2.840909    4.122797    4.820450    0.598132    0.491396    0.242013    
1.749503    3.561860    3.862219    4.578616    0.597376    0.489023    0.386623    0.171120    
1.840027    3.571599    4.003895    4.779631    6.283185    0.605441    0.497133    0.405657    0.219109    0.046219    
1.787223    3.513640    3.938169    4.731471    6.283185    6.283185    0.605439    0.492231    0.404310    0.200418    0.000000    1.545879    
1.789401    3.520874    3.962292    4.784661    6.174202    3.603727    2.692766    0.604131    0.493950    0.405403    0.199958    0.000000    0.004555    1.544261    
1.789639    3.511132    3.949972    4.783101    5.785119    2.455653    4.443709    4.493376    0.602214    0.492314    0.404203    0.200007    0.000000    0.004933    1.548943    0.002284    
1.796327    3.509524    3.954080    4.775316    6.283185    6.266185    4.320206    5.901079    5.233524    0.603851    0.492643    0.405660    0.202449    0.000000    1.540681    1.563541    1.567839    0.001454    
1.805091    3.527744    3.965677    4.820748    6.246944    2.324437    5.471670    3.806843    3.283549    2.174692    0.603445    0.493241    0.403735    0.197930    0.000244    0.002406    1.546157    0.016377    1.559474    0.005950    
