 5    -2.942189    3.490665    0.546084
0.441145  -0.576500  -1.269955  -2.450535  1.899251  -0.074970  -0.255748  -0.274553  -0.856710  0.858997  
-0.300000  1.000000  1.000000  1.000000  1.000000  
 1    -0.777179    0.433052      0.663445   2979.000000      0.395775
 2    -1.267993    0.364728      0.739743   5919.000000      0.790781
 3    -1.812503    0.383652      0.824388   9395.000000      1.333920
 4    -2.023065    0.578376      0.857120   13311.000000      2.084184
 5    -2.211735    0.544498      0.886449   18093.000000      3.148483
 6    -2.701314    0.910812      0.962556   25994.000000      5.553150
 7    -2.604178    0.724651      0.947456   33250.000000      6.220922
 8    -2.787587    0.916768      0.975967   43489.000000      8.948565
 9    -2.900331    0.970906      0.993493   53733.000000     12.365642
10    -2.912234    0.984913      0.995344   79970.000000     21.051673
5.227017    0.890924    
4.786337    1.287216    1.122196    0.508880    
2.881383    3.720900    3.327679    0.466851    0.479627    1.132810    
6.283185    2.407780    5.473013    6.283185    0.562084    1.570796    0.461073    0.184037    
5.123988    6.283185    4.518773    1.934051    3.540826    1.024349    0.145913    0.399795    1.238534    1.358202    
5.500704    6.270101    5.233025    4.643716    0.551269    0.982727    0.801604    0.719744    1.030441    1.248354    0.936411    1.570796    
4.481298    2.461750    5.644894    5.535725    1.112084    2.133953    1.209378    1.292861    0.223171    0.140327    0.890965    0.296681    0.000000    0.304766    
5.468408    6.264210    5.230988    4.639853    0.563114    0.858227    3.910986    2.085755    0.819215    0.693395    1.035213    1.253351    0.936096    1.570796    1.513357    1.498070    
5.924368    2.589901    1.249678    2.495936    4.931382    6.226218    5.314999    4.870189    1.529914    0.916307    1.229816    1.337686    0.855487    0.662835    0.696812    0.215686    0.206214    0.441136    
4.676559    2.006960    4.512040    2.965163    3.319897    2.164642    1.564451    3.810114    0.490093    1.878743    1.007154    0.285119    1.207624    0.703743    0.614634    1.077850    0.189406    0.684884    1.363496    0.303766    
