 5    -3.779225    1.824854    1.594828
-0.944526  -0.876067  0.826348  -0.320301  -1.080067  1.307439  -0.072256  1.633084  1.209046  -0.966583  
-0.300000  1.000000  1.000000  1.000000  1.000000  
 1    -0.756324    0.205453      0.460589   2925.000000      0.338931
 2    -1.146987    0.239965      0.530300   5770.000000      0.763747
 3    -2.016293    0.386013      0.685420   9021.000000      1.225972
 4    -2.784636    0.693377      0.822524   14648.000000      2.116549
 5    -2.630849    0.600790      0.795082   20908.000000      3.326123
 6    -3.060026    0.781439      0.871665   28037.000000      4.805477
 7    -3.310706    0.813959      0.916397   37119.000000      7.067957
 8    -3.620609    0.961811      0.971696   47059.000000     10.077171
 9    -3.720487    0.985224      0.989519   62840.000000     14.789350
10    -3.742463    0.989011      0.993440   77910.000000     21.704077
2.231848    0.967533    
2.181598    0.707424    0.826624    0.324996    
2.018099    3.564982    6.283185    0.775454    0.982202    0.497651    
6.021171    4.606808    4.872020    3.500806    0.455084    0.587564    1.371735    1.309916    
1.238303    1.170707    2.177748    1.490095    6.280792    1.035766    0.359766    1.179851    0.000000    0.252271    
2.161948    3.437639    4.109928    2.224636    1.481336    3.175091    0.899586    1.227893    0.279199    0.371084    0.217670    0.183408    
2.442534    2.200436    5.251344    2.804659    1.802553    1.583467    2.363063    0.142196    0.519897    1.044514    0.406985    1.113867    0.093188    1.202684    
1.369298    3.265211    4.202956    3.668346    4.517397    5.614075    6.283185    1.528229    0.901385    1.270590    0.413016    0.492851    0.431587    0.070254    0.095555    1.300949    
2.562352    0.549650    1.170407    5.681826    5.356853    3.739190    3.703521    3.281898    2.761187    0.587561    0.711125    0.207201    0.215462    1.317922    0.119681    0.379331    0.211622    1.419330    
2.578742    0.565356    1.119140    5.719170    5.365041    3.727020    3.637170    3.318869    2.910511    0.634353    0.573224    0.727920    0.186778    0.217332    1.318691    0.096599    0.386431    0.230067    1.350980    0.096513    
