 5    -4.809496    4.219781    2.874947
2.630205  0.331635  -0.987540  1.196508  1.705176  0.144573  -0.224789  0.221373  2.062121  2.356455  
-0.435019  0.323871  0.062767  -0.736192  -0.108406  
 1    -2.552605    0.421372      0.750047   3162.000000      0.366079
 2    -3.525956    0.698596      0.857847   6377.000000      0.807666
 3    -3.850983    0.800604      0.893844   9466.000000      1.262644
 4    -3.862206    0.793868      0.895087   14762.000000      2.062983
 5    -3.899255    0.766140      0.899190   23485.000000      3.813227
 6    -4.159018    0.859026      0.927959   38162.000000      7.171768
 7    -4.383360    0.896700      0.952805   52838.000000     10.972908
 8    -4.450628    0.908071      0.960255   70444.000000     16.180778
 9    -4.504312    0.926984      0.966201   100535.000000     26.630045
10    -4.705950    0.972700      0.988532   141716.000000     42.335615
6.283185    1.009307    
6.283185    6.283185    0.930663    1.253603    
6.283185    6.283185    3.773537    0.937696    1.252699    1.418948    
6.283185    6.283185    3.837222    6.283185    0.948980    1.251455    1.446228    0.040495    
6.283185    6.283185    3.433074    4.024904    6.283185    0.949958    1.347712    1.420966    0.083947    0.122079    
6.283185    6.283185    6.283185    6.283185    6.283185    1.108789    0.877493    1.185598    1.471694    0.000536    0.917301    0.690566    
6.283185    6.283185    5.419190    6.283185    6.283185    2.640890    1.346085    0.851313    1.175972    1.444651    0.000000    1.450514    0.737084    0.942701    
6.283185    6.055412    4.513824    6.262672    6.262673    2.977433    1.393705    1.285414    0.865085    1.219184    1.434873    0.000000    1.570796    1.113034    0.818502    1.220719    
6.283185    5.258256    4.144857    4.598370    5.484962    6.283185    1.518351    3.876444    2.044242    0.866384    1.259744    1.397151    0.001642    1.570796    1.031797    0.696973    1.295011    0.226566    
6.283185    1.634110    6.283185    5.961183    6.159139    3.560405    3.369521    3.832255    2.649489    3.534328    1.202945    1.242549    1.218342    0.000000    1.374168    0.283759    1.219539    0.497763    1.281435    0.175147    
