 5    -3.131985    2.706653    1.072408
-0.497271  0.107765  1.882873  -1.069230  -1.527741  -1.511618  0.386228  0.482651  2.007500  -0.509702  
-0.300000  1.000000  1.000000  1.000000  1.000000  
 1    -0.677928    0.197373      0.579687   2601.000000      0.304485
 2    -1.277828    0.351744      0.682433   6041.000000      0.802626
 3    -1.745024    0.464269      0.762451   9403.000000      1.280897
 4    -2.116564    0.598898      0.826086   13489.000000      2.028872
 5    -2.388900    0.703389      0.872730   19185.000000      3.086765
 6    -2.720968    0.866996      0.929604   25336.000000      4.437891
 7    -2.583255    0.746373      0.906017   34518.000000      6.678783
 8    -2.880455    0.874691      0.956920   47176.000000     10.503513
 9    -3.016277    0.948448      0.980182   61159.000000     14.887787
10    -3.044112    0.955218      0.984950   77880.000000     22.660937
3.025555    1.201281    
2.759733    1.310904    1.131156    0.578500    
2.900420    1.253786    2.211808    1.168971    0.386676    0.300591    
4.575091    2.633844    5.560375    2.276955    0.431640    1.216836    0.321418    1.434855    
3.167960    1.359132    2.146972    3.555267    5.083599    1.038306    0.620734    0.425197    1.279941    1.256838    
0.727604    5.897448    0.431074    4.608868    1.402635    5.328338    1.062910    0.990369    0.458544    0.695194    0.359335    1.519054    
1.312464    2.045014    3.822448    4.331897    1.761264    4.383065    5.368461    1.139440    0.708794    0.473723    0.230829    1.280485    0.214070    1.425139    
2.987473    1.173961    5.057820    2.646289    2.749002    5.567486    4.201715    4.292522    1.426482    0.462861    1.121218    1.158844    1.320707    1.412516    0.422428    1.434866    
2.115650    2.178959    4.214509    4.215422    0.715680    5.848166    5.604719    3.429318    5.087719    1.246423    0.577424    1.395031    0.623067    1.047390    1.278214    0.611195    1.435106    0.253549    
2.534506    2.558148    3.085355    2.878201    1.518319    4.564484    6.283185    2.443489    2.896221    3.663474    1.097079    0.146398    0.147750    0.313387    0.064692    0.387461    1.228358    0.885052    1.105412    0.123954    
