 5    -2.949339    2.414487    0.486025
-0.277191  -1.145218  1.062622  -0.870811  -1.755050  -1.015249  1.560385  0.481436  -1.006437  1.485005  
-0.300000  1.000000  1.000000  1.000000  1.000000  
 1    -0.519079    0.079281      0.546917   2577.000000      0.301787
 2    -1.255032    0.166277      0.684124   5964.000000      0.773329
 3    -1.567974    0.071650      0.742467   9092.000000      1.244959
 4    -1.928455    0.188503      0.809672   14027.000000      2.019835
 5    -2.264668    0.597299      0.872354   20025.000000      3.169978
 6    -2.439938    0.525304      0.905030   25735.000000      4.450187
 7    -2.580385    0.797945      0.931214   38088.000000      7.459296
 8    -2.796152    0.894751      0.971441   43381.000000      9.194638
 9    -2.816098    0.868188      0.975159   60164.000000     14.446009
10    -2.884254    0.972431      0.987866   76134.000000     20.676234
4.866449    0.641812    
4.749994    0.610228    0.571576    0.353622    
4.831640    3.458207    3.499051    0.134168    0.912228    1.184830    
1.354621    5.819748    1.443076    1.029057    1.392502    1.173018    0.387599    1.216928    
4.996578    0.502510    2.994256    4.398458    2.868080    0.436076    0.323168    0.309699    0.367666    0.430477    
5.006070    0.514718    2.952033    4.381739    2.906892    3.473998    0.373310    0.306507    0.356350    0.383856    0.412163    0.154474    
4.920908    0.346899    3.141784    4.642467    2.748347    6.122473    2.001945    0.505376    0.406634    0.363808    0.147766    0.281471    0.229712    1.301698    
4.720578    0.425973    3.169117    6.283185    1.312032    5.335904    3.430468    3.064926    0.688157    0.038797    0.356658    0.463979    1.464207    0.243447    0.375918    0.088465    
4.046248    3.935117    3.588390    6.016444    3.954899    3.669209    3.539726    1.646230    2.695600    0.372633    0.841826    0.894865    0.261235    0.249964    1.429086    1.196036    1.443179    1.372893    
1.148918    4.031679    4.889058    4.739252    4.222978    4.686579    3.534621    3.157939    5.262059    6.283185    0.966975    1.341728    0.930683    1.116848    1.457000    1.417310    0.385138    1.340853    1.460173    1.473156    
