 5    -3.363047    3.055049    1.027158
0.286737  -1.614226  -2.273977  -0.592228  0.483037  0.143706  -2.061878  -0.378867  -1.044350  -0.467956  
-0.784375  -0.090129  -0.651390  -0.536403  -0.349834  
 1    -1.934794    0.424914      0.777465   3486.000000      0.395275
 2    -2.929525    0.694329      0.932453   6642.000000      0.835599
 3    -3.139662    0.806960      0.965195   10117.000000      1.360034
 4    -3.223349    0.885829      0.978234   15609.000000      2.252879
 5    -3.317077    0.982069      0.992837   22764.000000      3.612534
 6    -3.337198    0.990495      0.995972   32716.000000      5.795465
 7    -3.360824    0.999289      0.999654   46279.000000      9.413637
 8    -3.361234    0.999305      0.999718   75864.000000     18.094891
 9    -3.360412    0.998580      0.999589   121685.000000     34.085358
10    -3.362063    0.999418      0.999847   150903.000000     46.911023
1.494839    0.566041    
1.301108    1.550819    0.609041    0.319593    
1.005228    1.463358    1.697724    0.623493    0.437415    0.199891    
0.926075    1.450712    1.671045    2.026275    0.645545    0.474487    0.314830    0.125743    
1.098552    1.577815    1.866021    2.323145    2.352176    0.663028    0.477714    0.313668    0.201645    0.123118    
1.017800    1.557591    1.894779    2.380557    2.411130    4.140023    0.638193    0.459847    0.290892    0.196837    0.141366    1.513160    
0.690137    1.387319    1.641560    2.064202    2.307042    2.218495    4.052160    0.643431    0.517164    0.384908    0.253986    0.192006    0.114990    1.541450    
0.657368    1.364663    1.620647    2.046314    2.248591    2.226741    3.959104    5.321792    0.638847    0.514739    0.382046    0.254105    0.188335    0.111103    1.530470    1.556513    
0.696038    1.332060    1.595062    2.121283    2.385194    4.643492    6.283185    4.362646    2.185357    0.617780    0.488302    0.336840    0.200101    0.114672    1.521828    1.511849    0.097547    0.069785    
0.645923    1.331412    1.597697    2.034800    2.170508    2.133962    4.173420    5.482335    3.750146    5.014707    0.624973    0.505308    0.370214    0.244806    0.180325    0.083336    1.535055    1.531334    0.027404    0.000815    
