 5    -0.874577    0.897121    0.018733
-0.659308  -0.719588  -0.144427  -0.408353  0.227388  0.597708  -0.412917  -0.404949  0.066307  0.000811  
0.339897  0.161910  0.577341  -0.054900  0.227692  
 1    -0.640135    0.400321      0.867674   3228.000000      0.371758
 2    -0.799179    0.690760      0.957443   6836.000000      0.924371
 3    -0.858097    0.774077      0.990698   13180.000000      1.828008
 4    -0.866076    0.838070      0.995202   21637.000000      3.373796
 5    -0.868776    0.892335      0.996725   31872.000000      5.455198
 6    -0.871706    0.954146      0.998380   53884.000000     10.989153
 7    -0.873189    0.991672      0.999217   85578.000000     19.521308
 8    -0.874446    0.999618      0.999926   158588.000000     41.276700
 9    -0.874533    0.999551      0.999975   205467.000000     57.178372
10    -0.874564    0.999927      0.999992   260890.000000     78.889575
5.481249    0.658424    
3.967202    4.486181    0.572551    0.282051    
2.735201    4.438775    5.659212    0.603231    0.450651    0.223350    
2.053364    4.116019    4.685586    5.880179    0.643445    0.476525    0.358132    0.133480    
1.898265    3.720407    4.390828    5.215090    6.283185    0.625812    0.483506    0.381350    0.231644    0.072645    
1.865499    3.647450    4.331644    5.142414    5.757379    6.283185    0.613800    0.494376    0.403057    0.288687    0.161242    0.068384    
1.965374    3.796589    4.550126    5.318960    6.138633    6.026014    6.283185    0.641899    0.502441    0.413911    0.307249    0.201325    0.123179    0.052919    
1.647703    3.365447    4.148906    5.034088    5.681203    6.268689    6.219946    6.283185    0.607590    0.497301    0.422605    0.330084    0.235348    0.178762    0.109446    0.048709    
1.413047    3.096773    3.943891    4.733567    5.433232    5.983421    6.024822    5.666491    5.305674    0.618221    0.505847    0.442007    0.358825    0.263260    0.192708    0.131452    0.069355    0.027287    
1.192445    2.815695    3.757309    4.528776    5.250328    5.904916    6.224536    6.116708    5.586349    3.441821    0.642462    0.531043    0.467636    0.400587    0.303945    0.222362    0.158699    0.097771    0.034779    0.012521    
