 5    -1.928144    1.216005    0.190224
1.319751  -0.169291  -0.060430  0.880154  0.440474  0.282055  -1.219574  -0.679306  -0.367388  -0.797539  
-0.300000  1.000000  1.000000  1.000000  1.000000  
 1    -0.870830    0.474530      0.663720   2865.000000      0.332495
 2    -1.480276    0.743358      0.857555   5574.000000      0.720093
 3    -1.671262    0.854188      0.918298   9166.000000      1.245301
 4    -1.901805    0.979055      0.991623   13306.000000      1.900789
 5    -1.908610    0.985583      0.993787   17732.000000      2.746108
 6    -1.916646    0.992876      0.996343   24793.000000      4.166764
 7    -1.927870    0.999851      0.999913   33254.000000      6.288742
 8    -1.926326    0.996992      0.999422   45730.000000      9.580584
 9    -1.923213    0.996818      0.998431   58325.000000     13.959195
10    -1.927246    0.999425      0.999714   94616.000000     28.857633
0.424755    0.541353    
0.383018    0.457999    0.635093    0.360546    
0.355678    0.431305    0.563044    0.652977    0.458782    0.203402    
0.375487    0.432186    0.552504    0.618770    0.626533    0.448704    0.286021    0.217331    
0.335255    0.415513    0.558758    0.645032    1.141899    0.596885    0.418332    0.252992    0.241175    1.502420    
0.302455    0.407880    0.485307    0.613423    2.275781    2.371565    0.624141    0.481709    0.321071    0.221346    1.500252    0.057626    
0.162188    0.334886    0.405479    0.508698    0.568450    0.551894    1.714189    0.606160    0.507303    0.414581    0.283573    0.222080    0.111077    0.016576    
0.276068    0.400164    0.460047    0.648423    2.448361    2.224415    4.931781    2.006851    0.655548    0.504710    0.346003    0.210117    1.508370    0.107462    1.501960    0.009164    
0.275300    0.395669    0.479797    0.674318    3.831460    2.460608    4.616474    2.650989    5.420926    0.607055    0.479739    0.307259    0.161736    0.099625    1.458239    1.553713    0.046864    0.072255    
0.295173    0.422478    0.482228    0.662480    2.198434    3.097247    5.765490    3.822556    3.267858    2.260416    0.661078    0.484618    0.316657    0.201034    1.487910    1.453424    1.480379    0.042552    1.508634    0.046302    
