 5    -2.188356    2.782625    0.758927
-0.772544  -0.339930  -0.892330  0.660013  0.253680  1.573258  -0.578790  -1.557856  0.295479  -0.485479  
-0.300000  1.000000  1.000000  1.000000  1.000000  
 1    -1.041256    0.433311      0.769241   2949.000000      0.341696
 2    -1.249878    0.431030      0.811209   5877.000000      0.755830
 3    -1.527255    0.548324      0.867008   9638.000000      1.313853
 4    -1.592754    0.606966      0.880184   14828.000000      2.141664
 5    -1.752506    0.746950      0.912321   20386.000000      3.172751
 6    -1.889700    0.793084      0.939920   28018.000000      4.760225
 7    -1.958886    0.818895      0.953838   37398.000000      7.004169
 8    -2.056252    0.917553      0.973425   47843.000000     10.023809
 9    -2.097263    0.918553      0.981675   64695.000000     15.168326
10    -2.118022    0.947224      0.985851   89426.000000     25.631982
3.616055    0.747676    
3.616964    3.309860    0.591087    0.245211    
3.922078    4.635839    5.584361    0.932013    1.220902    1.012397    
3.904674    4.676555    5.563814    5.133756    0.942132    1.218249    1.074445    0.119784    
2.756782    2.680666    5.195822    6.253659    6.272513    0.671962    1.219448    1.465544    1.213913    0.285488    
2.736712    2.695200    5.292939    6.094379    6.283185    1.133485    0.657405    1.328995    1.503673    1.184180    0.418638    0.229129    
2.871350    2.218810    5.877435    6.083708    3.413085    2.972490    3.523730    0.423396    1.251771    1.432205    1.332787    0.470707    0.118657    1.191835    
2.721837    2.712289    5.150932    6.171109    6.190421    5.628682    4.324895    1.776776    0.585999    1.233342    1.482351    1.194581    0.540647    1.360195    1.434648    0.190007    
3.377564    0.527673    4.869216    5.110364    5.699447    5.906490    4.819435    1.336193    2.829257    1.250617    0.912131    1.186507    0.934049    0.271436    1.188016    1.343208    0.194310    1.360339    
3.485221    0.618889    0.384164    0.714943    4.332986    3.079769    3.611746    6.052126    2.483457    5.257187    0.623193    0.439694    0.736428    0.210015    1.380259    0.199296    1.053192    1.432142    1.438379    0.277321    
