 5    -2.378962    3.892400    0.524338
1.412241  2.337697  1.611915  1.649743  0.798248  -0.038336  -0.416919  0.573888  0.379333  0.395861  
-0.300000  1.000000  1.000000  1.000000  1.000000  
 1    -0.815072    0.226420      0.750630   2949.000000      0.340578
 2    -1.109130    0.350110      0.797519   6123.000000      0.772616
 3    -1.418136    0.327556      0.846791   9842.000000      1.314050
 4    -1.794754    0.590076      0.906845   13496.000000      1.955095
 5    -1.989246    0.735468      0.937858   18961.000000      2.938318
 6    -2.145408    0.819541      0.962759   24461.000000      4.168600
 7    -2.248130    0.904142      0.979138   33510.000000      6.343601
 8    -2.275215    0.920300      0.983457   45862.000000      9.814235
 9    -2.306508    0.944847      0.988447   57654.000000     13.884578
10    -2.325295    0.966870      0.991443   69785.000000     18.452618
4.328835    0.416212    
1.389721    3.978756    0.597143    0.281434    
4.438354    4.722811    4.536452    0.531247    1.231006    0.339940    
4.205394    4.816722    2.989388    3.345073    0.573161    1.294835    0.342021    1.213274    
4.199043    4.811797    2.964268    3.288760    3.064238    0.732927    1.424223    0.438016    1.135742    0.203226    
4.292135    4.988973    6.131662    3.732300    1.912694    5.271331    0.613928    1.364502    1.412396    1.117105    1.367953    0.284105    
4.200917    5.420813    2.246493    3.853606    5.101836    6.259877    3.972524    0.649325    1.490358    0.615728    0.123249    0.515766    1.338665    1.492701    
4.106018    4.853302    2.905767    3.421637    3.612390    2.607898    3.589672    0.921929    0.604825    1.335345    0.369227    1.170872    1.382058    0.168714    1.298230    0.176428    
4.038714    5.141638    2.606544    3.541362    4.789535    4.319723    3.747872    2.561830    2.606525    0.823034    1.391521    0.541474    1.132074    1.362926    0.397571    1.273152    1.342630    0.136782    
4.230672    5.329386    2.363131    5.226466    3.701011    6.283185    0.440776    1.343045    6.257258    2.766008    0.483524    1.475223    0.817294    0.078255    0.632326    1.180462    1.405721    1.437286    0.167537    0.077292    
