 5    -2.588137    3.163287    0.898975
-0.000432  -1.841434  -0.203556  -0.624784  -1.219408  -1.390574  -1.150531  0.491366  0.054424  0.097679  
0.270127  0.150234  0.151179  0.862459  0.136506  
 1    -1.647192    0.480939      0.836398   3231.000000      0.390276
 2    -2.296512    0.889095      0.949295   6981.000000      0.876594
 3    -2.451437    0.946323      0.976232   12695.000000      1.707123
 4    -2.570953    0.992031      0.997012   20121.000000      2.966058
 5    -2.586735    0.999360      0.999756   31942.000000      5.328005
 6    -2.587796    0.999822      0.999941   55713.000000     10.996252
 7    -2.587977    0.999923      0.999972   79056.000000     17.695927
 8    -2.588106    0.999986      0.999995   87356.000000     20.637769
 9    -2.588105    0.999985      0.999994   98729.000000     24.667546
10    -2.588112    0.999988      0.999996   122882.000000     34.021366
5.523932    0.713593    
3.481402    3.664235    0.495473    0.379766    
2.182321    3.645274    3.820622    0.512103    0.412313    0.226563    
2.059667    3.422116    3.753760    4.277148    0.618942    0.469390    0.301114    0.192677    
1.468363    3.087389    3.466956    3.937589    4.446488    0.603516    0.470554    0.393525    0.225946    0.107788    
1.281381    2.713042    3.246678    3.647221    4.150261    4.350330    0.604223    0.470443    0.404682    0.303232    0.156364    0.060992    
1.140251    2.509113    3.147625    3.594852    4.099276    4.382683    4.966340    0.594887    0.474641    0.419312    0.329606    0.202574    0.088420    0.022138    
0.954022    2.274988    2.993584    3.536503    3.939468    4.438079    4.559492    5.392602    0.635401    0.524170    0.461412    0.398313    0.305794    0.187612    0.083460    0.028749    
0.940857    2.260718    2.991303    3.534351    3.939259    4.454343    4.567625    5.524266    2.625848    0.634806    0.524159    0.460965    0.397905    0.304108    0.185054    0.080247    0.028268    1.568900    
0.927384    2.219294    2.954189    3.500564    3.900840    4.370193    4.519085    5.287311    4.053022    4.200800    0.630619    0.521436    0.461996    0.400215    0.310475    0.191876    0.091125    0.026264    0.002669    1.567085    
