 5    -2.079940    2.193059    0.117123
-0.643717  -1.251820  -0.563915  0.331439  1.203907  0.410914  1.678242  -1.025964  -0.021762  0.530480  
0.159748  -0.147026  0.174957  0.092990  0.758321  
 1    -1.153513    0.432730      0.783190   3012.000000      0.345884
 2    -1.835510    0.863217      0.942796   6516.000000      0.825588
 3    -1.972568    0.941960      0.974872   10751.000000      1.440064
 4    -2.058851    0.986966      0.995065   17652.000000      2.575684
 5    -2.075699    0.996541      0.999007   28982.000000      4.789745
 6    -2.078100    0.998836      0.999569   63571.000000     12.953747
 7    -2.079081    0.999632      0.999799   84169.000000     18.744151
 8    -2.079717    0.999874      0.999948   142203.000000     36.681448
 9    -2.079867    0.999956      0.999983   196520.000000     57.052156
10    -2.079920    0.999990      0.999995   259990.000000     79.863046
6.283185    0.666669    
5.732371    6.283185    0.569684    0.327144    
3.865630    5.855037    6.283185    0.548661    0.411403    0.210161    
3.349068    5.640560    6.014950    6.283185    0.609938    0.458300    0.296556    0.153829    
2.526976    4.972374    5.554765    6.191868    6.283185    0.597093    0.460364    0.372719    0.211753    0.084757    
2.255427    4.554885    5.305778    5.746057    6.225229    6.283185    0.611045    0.462632    0.389725    0.269553    0.132612    0.042833    
2.109160    4.297140    5.246685    5.887477    6.156384    6.283185    6.283185    0.602233    0.485018    0.413777    0.314576    0.187504    0.077809    0.032450    
1.636697    3.794778    4.891194    5.659156    6.203009    6.283185    6.279759    6.283185    0.604888    0.496326    0.444236    0.366986    0.262274    0.146588    0.066097    0.030583    
1.501403    3.488719    4.486141    5.235548    5.753493    6.137255    6.248818    6.093647    5.778150    0.627375    0.504746    0.445841    0.386212    0.306257    0.205263    0.108562    0.046827    0.017954    
1.409287    3.267706    4.338890    5.232585    5.774076    6.156163    6.282510    5.883258    5.270614    5.166657    0.636842    0.522145    0.467430    0.413603    0.343006    0.239944    0.139977    0.062985    0.026764    0.012373    
