 5    -4.403010    3.136480    1.018893
1.584050  0.306209  -0.722096  0.029006  -2.123688  -1.829934  0.920972  -0.910938  0.595995  2.324745  
-0.300000  1.000000  1.000000  1.000000  1.000000  
 1    -0.455030    0.026859      0.476360   2703.000000      0.326957
 2    -1.973306    0.325424      0.677736   5939.000000      0.809085
 3    -2.223780    0.318205      0.710958   9560.000000      1.309787
 4    -2.973336    0.482557      0.810375   13315.000000      1.949929
 5    -3.531067    0.783121      0.884350   18159.000000      2.827013
 6    -3.667379    0.787154      0.902430   25234.000000      4.389532
 7    -3.791279    0.844938      0.918863   33519.000000      6.477347
 8    -4.081828    0.893404      0.957400   44271.000000      9.429926
 9    -4.302569    0.975615      0.986678   60364.000000     14.691716
10    -4.307489    0.974392      0.987331   84346.000000     24.986622
0.391446    0.511775    
1.211594    5.747292    0.580204    0.992976    
0.482723    2.705145    2.739654    0.283250    1.013089    1.095524    
1.169194    5.718727    3.093767    2.613520    0.573602    1.066091    0.366017    0.137993    
3.525130    4.888129    4.996620    5.331243    4.910646    0.579869    0.972389    0.317038    0.243812    0.484260    
0.257571    3.196237    2.758119    0.456289    5.270934    3.706190    0.620343    1.322179    1.193185    0.540786    1.366528    0.543776    
0.427678    4.357855    2.216752    5.136819    2.328291    1.450833    5.821794    0.442301    0.236123    1.229354    1.504875    1.376047    1.129303    0.156735    
0.750856    4.582255    2.741549    4.982773    5.672740    4.177006    5.988659    5.192761    0.457372    0.608756    0.362737    1.313042    0.236670    1.334086    1.356727    1.261729    
0.581927    3.261709    3.935987    5.021031    6.239684    2.143098    4.709042    5.591213    2.077462    0.645614    0.563685    0.587554    0.988645    0.155721    1.054836    1.360286    1.263641    0.275438    
1.842535    1.690267    5.911872    2.431155    1.288572    5.599426    2.509193    1.999623    5.247231    4.024293    0.725500    0.279818    1.282894    0.864407    0.532225    0.226152    0.133115    1.287301    1.132559    0.337951    
