 5    -2.059740    2.390790    0.075007
0.127319  -0.882520  0.047507  0.623834  -1.852717  -1.683985  -0.291250  -0.089777  -0.375991  -0.228138  
-0.300000  1.000000  1.000000  1.000000  1.000000  
 1    -1.301701    0.228227      0.829675   2547.000000      0.298424
 2    -1.937688    0.240663      0.972576   5776.000000      0.740141
 3    -1.977470    0.358385      0.981515   8549.000000      1.173624
 4    -1.967066    0.163539      0.979177   13287.000000      1.911741
 5    -2.005399    0.487512      0.987790   18911.000000      2.929425
 6    -2.002547    0.442029      0.987149   24532.000000      4.229155
 7    -1.999707    0.525757      0.986511   34489.000000      6.547406
 8    -2.022038    0.652414      0.991529   49589.000000     10.821171
 9    -2.037141    0.855734      0.994922   66253.000000     16.142326
10    -2.042776    0.830098      0.996188   87026.000000     23.611596
0.411568    0.530582    
0.369001    0.417155    0.612836    0.322198    
0.318497    0.370141    1.025507    0.560228    0.399874    1.448461    
0.357546    0.368761    1.542713    1.183846    0.587260    0.334452    0.135635    1.492203    
0.306331    0.414657    1.081432    4.008359    2.333989    0.599877    0.474536    1.366341    1.489965    0.063209    
0.290583    0.436488    1.103356    4.621860    2.366867    6.011541    0.608391    0.493062    1.384908    0.031951    1.501980    0.046285    
0.387228    0.389241    1.401148    2.138447    2.671097    0.558992    2.336221    0.602819    0.295036    0.018879    0.029841    0.144090    0.155409    1.538470    
0.293194    0.418812    1.102676    3.843825    0.613903    2.506220    2.770899    4.280795    0.602568    0.498067    1.382326    1.475397    1.490844    1.546330    0.083017    0.074522    
0.270409    0.334558    0.986687    4.521979    1.768118    1.432944    4.930956    6.151023    5.639794    0.524203    0.367296    1.253197    1.457160    0.000000    1.421684    0.149660    1.459685    0.137523    
0.342782    0.431329    1.100334    3.964836    2.371061    0.945115    5.348371    4.227152    6.283185    4.279017    0.632573    0.469988    1.357299    1.424171    0.124714    1.537078    0.039728    0.061488    1.472373    1.443270    
