 5    -2.423388    3.504786    0.747997
0.425188  -0.032820  0.989448  -1.579437  0.454097  0.217572  -1.497999  1.743353  -0.600091  -0.362574  
0.250275  0.065166  0.459961  -0.270804  0.193153  
 1    -1.323482    0.432366      0.814461   3069.000000      0.352336
 2    -2.117092    0.753689      0.948332   7377.000000      0.929970
 3    -2.295007    0.854808      0.978344   13046.000000      1.765049
 4    -2.347237    0.913446      0.987154   18509.000000      2.770170
 5    -2.384649    0.966037      0.993465   26454.000000      4.313326
 6    -2.418048    0.997041      0.999099   42169.000000      8.087240
 7    -2.422070    0.999430      0.999778   84819.000000     19.953857
 8    -2.422954    0.999813      0.999927   137963.000000     36.010260
 9    -2.423282    0.999946      0.999982   185034.000000     51.750558
10    -2.423348    0.999980      0.999993   222956.000000     67.037413
5.447212    0.566258    
4.717352    5.607324    0.602074    0.330054    
3.243690    5.127587    5.647121    0.589543    0.430684    0.212069    
2.811879    4.903893    5.421211    6.283185    0.628836    0.465760    0.312510    0.121027    
2.998179    4.919575    5.400268    6.283185    6.283185    0.645074    0.484145    0.357470    0.199411    0.089708    
2.638670    4.462581    4.963597    5.733953    6.283185    6.283185    0.593407    0.463383    0.368463    0.250934    0.162325    0.095282    
1.925849    4.004006    4.713147    5.439134    6.111928    6.283185    5.833414    0.599673    0.474800    0.404116    0.296600    0.195073    0.128194    0.051591    
1.896534    3.822908    4.643886    5.391097    6.023574    6.283185    6.145218    6.283185    0.614666    0.487905    0.421192    0.324699    0.221864    0.149201    0.075389    0.025453    
1.534848    3.345441    4.272363    5.056908    5.768280    6.278940    6.212311    6.162594    5.748387    0.600965    0.489661    0.437795    0.360136    0.264512    0.182683    0.108035    0.047109    0.018741    
1.262791    2.987230    4.029489    4.825745    5.516652    6.106527    6.283185    6.121524    5.349598    4.735889    0.608872    0.505055    0.456444    0.392195    0.303147    0.215737    0.140750    0.070099    0.030912    0.012975    
