 5    -2.686214    2.073182    0.584844
-1.789561  -0.620432  -1.171035  0.148565  0.893654  -1.575155  -0.288518  -0.152455  -0.774642  -0.676979  
0.392134  0.298806  0.015507  0.578243  0.058968  
 1    -1.984556    0.300150      0.852574   2997.000000      0.342563
 2    -2.171177    0.395377      0.891785   7027.000000      0.882634
 3    -2.295339    0.536766      0.917873   11795.000000      1.565346
 4    -2.475203    0.692234      0.955664   18962.000000      2.745340
 5    -2.545489    0.767544      0.970432   29826.000000      4.863741
 6    -2.557906    0.790474      0.973041   46591.000000      8.782677
 7    -2.570602    0.812995      0.975709   66163.000000     14.061775
 8    -2.591899    0.851467      0.980183   83450.000000     19.418102
 9    -2.614954    0.886422      0.985027   121726.000000     32.679575
10    -2.637990    0.930160      0.989868   151211.000000     44.165534
4.924370    0.607896    
3.363878    4.753849    0.607845    0.253239    
4.105572    5.047303    6.283185    0.690820    0.365113    0.196715    
3.607190    5.193540    6.283185    5.891852    0.616136    0.371383    0.299042    0.214835    
2.755194    4.041527    6.283185    6.283185    5.360237    0.541463    0.312110    0.202269    0.290246    0.168515    
3.020939    4.718452    6.166197    6.283185    6.283185    6.283185    0.606566    0.397594    0.255414    0.225397    0.159629    0.091855    
3.116635    5.280833    6.283185    5.716015    6.283185    6.283185    5.255270    0.618439    0.447357    0.331992    0.227667    0.029855    0.140362    0.117210    
3.737671    5.249011    6.283185    5.650821    6.283185    6.283185    6.283185    6.283185    0.584041    0.429851    0.368297    0.288534    0.029444    0.071503    0.153196    0.133484    
2.629157    4.811453    6.283185    6.283185    5.865422    6.283185    6.283185    6.283185    5.941232    0.608973    0.397431    0.301722    0.358759    0.224584    0.000000    0.000000    0.165317    0.126901    
3.218056    4.827172    6.283185    6.152543    6.283185    6.283185    6.283185    6.283185    6.283185    6.147917    0.586196    0.399544    0.274785    0.265393    0.210316    0.165671    0.000000    0.000000    0.137695    0.126629    
