 5    -2.571120    1.904660    0.883202
0.120886  0.610718  -0.940969  -1.296675  -0.444179  -1.381420  0.602617  -0.815498  1.472935  -0.054761  
-0.143907  0.419915  0.215352  0.075908  -0.417919  
 1    -1.456415    0.459795      0.750947   3276.000000      0.379345
 2    -2.261585    0.782416      0.930842   7439.000000      0.969403
 3    -2.442545    0.915427      0.971273   11639.000000      1.629208
 4    -2.538237    0.975548      0.992653   18425.000000      2.701235
 5    -2.556576    0.987847      0.996751   34693.000000      5.946211
 6    -2.564854    0.994782      0.998600   47239.000000      8.851403
 7    -2.569361    0.998960      0.999607   85058.000000     19.040878
 8    -2.570882    0.999890      0.999947   143137.000000     36.441832
 9    -2.571090    0.999990      0.999993   193772.000000     54.151762
10    -2.571097    0.999992      0.999995   222088.000000     64.426010
5.621680    0.574053    
4.905321    5.709424    0.601179    0.310521    
3.892964    5.367762    6.283185    0.598971    0.423541    0.194450    
3.511038    5.140711    5.784613    6.283185    0.614791    0.451861    0.305585    0.136820    
2.632253    4.662862    5.319204    6.109695    6.283185    0.599586    0.466900    0.361075    0.217447    0.081842    
2.558984    4.667381    5.281852    6.016565    6.283185    6.283185    0.652548    0.491640    0.397233    0.266117    0.138216    0.052092    
2.226541    4.243838    5.027669    5.770371    6.152275    6.283185    6.283185    0.620547    0.498295    0.419751    0.305258    0.184476    0.094368    0.041217    
1.807365    3.929344    4.810877    5.547760    6.052624    6.278368    6.283185    6.283185    0.636598    0.520887    0.451223    0.358931    0.243615    0.138979    0.075672    0.028875    
1.493931    3.302037    4.310128    5.120836    5.731855    6.189241    6.282097    5.918036    6.072463    0.613853    0.505222    0.456473    0.387491    0.295010    0.188113    0.103785    0.052400    0.017889    
1.472405    3.299870    4.317396    5.121738    5.719893    6.143911    6.123571    5.365384    4.981225    4.531711    0.618591    0.510527    0.459931    0.390986    0.298222    0.191072    0.103443    0.051503    0.022901    0.005875    
