 5    -2.009773    2.332053    0.521246
-0.337545  -0.225671  -0.825266  -1.519911  0.236885  -0.567556  1.783642  0.438508  -0.234935  0.649691  
-0.300000  1.000000  1.000000  1.000000  1.000000  
 1    -0.372068    0.027045      0.622807   2658.000000      0.415643
 2    -0.789583    0.009177      0.718969   5605.000000      1.010340
 3    -1.030482    0.029881      0.774452   9389.000000      1.740586
 4    -1.144739    0.219631      0.800767   14631.000000      2.582644
 5    -1.536304    0.573339      0.890952   19683.000000      3.098460
 6    -1.683193    0.718724      0.924783   26681.000000      4.531885
 7    -1.826636    0.816215      0.957820   35052.000000      6.652867
 8    -1.867675    0.901714      0.967272   49366.000000     10.477120
 9    -1.935885    0.944482      0.982982   62728.000000     14.732067
10    -1.984532    0.981352      0.994187   89686.000000     23.787528
6.283185    0.851732    
6.232493    6.283185    1.088000    1.130565    
6.262801    6.283185    5.259137    1.112645    1.159700    0.286577    
6.283185    2.570449    2.890679    2.554926    0.983399    1.086460    1.383214    0.395966    
6.163361    2.533508    2.894640    2.500249    5.295674    1.185917    1.221029    1.205597    0.233372    0.332026    
6.049826    2.547884    2.906531    2.711595    1.242150    3.998891    1.195969    1.105077    1.360319    0.230036    0.233715    0.414218    
6.150344    2.488955    3.478250    5.053494    6.283185    3.730497    4.806957    1.106399    0.831857    1.335482    0.346380    1.076595    1.223222    1.118358    
0.181474    5.158616    3.651006    3.678547    3.204861    3.814523    3.980818    3.676680    0.794509    0.484941    1.026139    0.575271    0.252325    0.636694    0.157742    1.416114    
6.135300    3.222812    3.132872    5.325993    6.052650    3.105278    1.858205    6.018284    0.487279    0.725079    0.964271    1.414897    0.252338    0.890538    1.160859    0.414430    1.090944    0.109525    
0.724313    4.875135    3.117653    2.002525    5.180514    1.528243    4.497316    1.857680    4.577908    1.280447    0.761964    0.724963    0.611782    1.302099    0.594564    0.217906    0.342712    1.468583    0.063105    1.499816    
