 5    -3.491513    2.215561    1.034929
-1.105140  -1.607770  -1.264305  -0.061869  -0.944557  -1.679209  -0.822992  -0.049193  -0.700455  0.428230  
0.139908  0.097943  -0.799962  0.105714  0.092700  
 1    -1.505591    0.351732      0.652024   2718.000000      0.314218
 2    -2.466724    0.671706      0.820435   6875.000000      0.869586
 3    -3.066165    0.819956      0.925470   11035.000000      1.480105
 4    -3.301779    0.888486      0.966755   16743.000000      2.386650
 5    -3.389664    0.921103      0.982154   27072.000000      4.317655
 6    -3.419601    0.940022      0.987400   40428.000000      7.502669
 7    -3.435363    0.953316      0.990161   52272.000000     10.341014
 8    -3.463329    0.979254      0.995062   72524.000000     16.271600
 9    -3.470057    0.983835      0.996240   96247.000000     24.620174
10    -3.478340    0.991191      0.997692   122443.000000     33.931082
6.283185    0.967603    
6.283185    6.283185    1.179163    1.234469    
4.181162    6.283185    6.283185    1.162424    1.358002    1.259465    
3.418201    6.283185    6.283185    5.746994    1.113110    1.345870    1.316479    1.402949    
2.984295    5.905861    5.721206    6.283185    5.208551    1.064007    1.277362    1.385656    1.401136    1.424892    
2.809170    6.157042    6.283185    5.956674    6.283185    6.283185    1.015353    1.189372    1.335019    1.401320    1.489014    1.445000    
2.703127    5.745615    6.283185    6.283185    6.283185    6.283185    6.283185    1.011620    1.166508    1.267780    1.377915    1.484140    1.462698    1.475988    
3.278189    6.283185    5.651485    5.791267    6.283185    6.283185    6.283185    6.283185    1.042976    1.224638    1.329968    1.309114    1.476334    1.490677    1.561761    1.425834    
2.496760    5.708366    6.283185    6.139676    6.283185    6.283185    6.283185    6.283185    6.283185    1.032316    1.182875    1.263890    1.341553    1.403118    1.487723    1.510072    1.521727    1.476218    
2.523809    5.544033    6.283185    6.283185    6.283185    6.283185    6.283185    6.283185    6.283185    6.283185    1.003753    1.173711    1.259026    1.339831    1.416347    1.411730    1.495295    1.560157    1.504877    1.489375    
