 5    -2.687229    2.286363    0.561461
-0.835604  0.665364  0.481271  -0.938764  -0.122347  -1.126123  -0.846273  -1.317148  -1.813608  -0.155595  
-0.300000  1.000000  1.000000  1.000000  1.000000  
 1    -1.402767    0.228068      0.741743   3006.000000      0.415326
 2    -2.199609    0.244431      0.901958   5726.000000      0.876985
 3    -2.351405    0.812686      0.932479   9262.000000      1.763555
 4    -2.482696    0.753885      0.958876   14042.000000      2.983489
 5    -2.481183    0.885692      0.958572   18431.000000      2.996725
 6    -2.624140    0.948669      0.987315   25775.000000      4.521528
 7    -2.612048    0.966884      0.984884   36170.000000      6.955361
 8    -2.656060    0.986543      0.993733   43541.000000      9.114039
 9    -2.637371    0.965815      0.989975   54259.000000     12.567631
10    -2.674434    0.991004      0.997427   82304.000000     22.177325
0.383935    0.551329    
0.361468    0.418497    0.622178    0.305211    
0.424084    1.012989    0.530927    0.679102    1.163043    1.290228    
0.228661    0.448689    1.059190    0.591976    0.642302    0.547678    1.161806    1.336884    
0.457443    0.986733    0.439958    1.214967    2.747781    0.703361    1.216022    1.233063    0.134106    1.494197    
0.373636    0.765638    0.175151    0.627803    1.306586    1.410781    0.662716    0.319543    0.955131    1.207457    0.159321    1.484431    
0.497247    1.010437    0.405395    3.898088    3.321296    4.354221    3.131126    0.700724    1.145006    1.382834    1.418705    1.490241    1.373421    1.507021    
0.365956    0.739838    0.188945    0.622181    1.226012    6.228982    5.818419    4.018325    0.662995    0.325889    0.988367    1.240991    0.132285    1.506935    0.088132    0.076852    
0.411016    2.435406    0.985004    4.035919    5.620252    6.105481    1.572101    6.060308    5.698176    0.716969    1.091983    0.622929    0.316496    1.275334    0.259175    1.158652    0.310351    0.101536    
0.276285    0.298640    0.816168    0.462787    1.282401    0.700366    5.646575    2.381418    5.253404    5.734245    0.468507    0.401290    1.351660    1.217362    0.195752    0.114403    1.488494    0.017220    1.499158    0.057139    
