 5    -2.121990    2.475694    0.275807
0.439265  0.438488  1.147810  -0.067318  1.282502  1.203008  1.135877  -0.804010  -0.355338  1.115535  
-0.051201  -0.386132  0.247399  0.071443  0.612500  
 1    -1.282275    0.350288      0.817361   3195.000000      0.364539
 2    -1.588881    0.558363      0.884048   7658.000000      0.966283
 3    -1.869935    0.780089      0.945178   11490.000000      1.529338
 4    -2.013124    0.894237      0.976321   18327.000000      2.642060
 5    -2.032229    0.914090      0.980477   25653.000000      4.083532
 6    -2.080575    0.959711      0.990992   39116.000000      7.022319
 7    -2.110416    0.990910      0.997482   54551.000000     10.844399
 8    -2.119460    0.997630      0.999450   85474.000000     20.379989
 9    -2.121721    0.999656      0.999941   161709.000000     46.906402
10    -2.121934    0.999966      0.999988   240224.000000     77.831656
5.367370    0.646866    
3.868740    5.118133    0.608110    0.280000    
4.501560    5.543154    6.283185    0.706342    0.377785    0.254811    
3.565175    5.057848    6.283185    6.283185    0.620132    0.408040    0.299855    0.170502    
2.940618    4.686832    5.823197    6.283185    6.283185    0.625221    0.447033    0.309737    0.223162    0.093064    
4.764322    5.373684    6.283185    5.548679    6.283185    6.283185    0.682004    0.447396    0.347486    0.108931    0.075461    0.171064    
3.701353    5.397795    6.283185    5.794206    6.283185    6.283185    5.541492    0.605314    0.450793    0.361561    0.215957    0.022531    0.147334    0.125323    
2.688682    4.639054    5.906973    6.283185    5.934947    6.283185    6.283185    6.283185    0.594671    0.463642    0.357830    0.301887    0.125219    0.061491    0.142427    0.085435    
1.838045    4.006968    5.069599    6.191586    6.283185    6.254355    6.260425    6.137989    6.276239    0.623016    0.501697    0.398967    0.321339    0.240029    0.110089    0.079616    0.117871    0.065650    
1.513266    3.438828    4.392681    5.480094    6.097540    6.283185    6.281065    6.244485    6.214494    6.088713    0.626190    0.499737    0.427564    0.339318    0.270190    0.184536    0.107048    0.087448    0.093075    0.043999    
