 5    -2.454467    1.735566    0.121039
0.108446  0.858697  -0.303699  -1.112064  2.308893  -1.048867  0.947621  0.883204  0.070424  0.041427  
0.298419  0.140106  -0.215237  0.497612  0.183131  
 1    -1.292279    0.519821      0.722630   3009.000000      0.347227
 2    -2.158488    0.886341      0.929361   6791.000000      0.865596
 3    -2.357743    0.959719      0.976916   12185.000000      1.641638
 4    -2.438154    0.992786      0.996107   20210.000000      2.963228
 5    -2.452680    0.998746      0.999574   32879.000000      5.641869
 6    -2.453643    0.999486      0.999804   58200.000000     11.878812
 7    -2.454156    0.999819      0.999926   100794.000000     24.020898
 8    -2.454393    0.999959      0.999982   120218.000000     30.297976
 9    -2.454202    0.999814      0.999937   112908.000000     27.831043
10    -2.454417    0.999964      0.999988   175178.000000     50.358270
5.034018    0.557065    
4.281971    5.064433    0.604308    0.339059    
3.095309    4.548824    5.034757    0.586577    0.442003    0.220227    
2.598390    4.271597    4.643071    5.380994    0.616428    0.477245    0.337644    0.149274    
1.823643    3.784424    4.251044    4.857283    5.516621    0.616501    0.484301    0.407134    0.250056    0.088841    
1.504227    3.116712    3.886668    4.389945    4.979161    5.518412    0.613449    0.479807    0.426807    0.331527    0.182787    0.057089    
1.402241    3.053180    3.875292    4.439702    5.049451    5.639622    6.283185    0.611161    0.495946    0.444020    0.356691    0.226853    0.095413    0.024010    
1.250906    2.874339    3.681223    4.144368    3.264037    2.454269    5.116541    5.982916    0.626870    0.512114    0.450185    0.354857    0.116530    0.196150    0.115540    0.032606    
1.384615    3.056166    3.882323    4.437380    5.057577    5.574606    6.257576    4.307817    4.985990    0.616717    0.497586    0.445562    0.358387    0.223746    0.092480    0.019339    0.000000    1.566596    
1.226551    2.809515    3.577557    3.984987    3.333993    2.487747    4.062796    3.304599    4.534991    4.380145    0.625828    0.506836    0.444595    0.350421    0.152500    0.175052    0.104875    0.050258    0.028511    0.002906    
