 5    -0.874577    0.897121    0.018733
-0.659308  -0.719588  -0.144427  -0.408353  0.227388  0.597708  -0.412917  -0.404949  0.066307  0.000811  
-0.300000  1.000000  1.000000  1.000000  1.000000  
 1    -0.342267    0.020075      0.699548   2733.000000      0.465868
 2    -0.555967    0.246331      0.820167   5755.000000      0.846353
 3    -0.622046    0.250494      0.857464   8831.000000      1.207926
 4    -0.678258    0.008634      0.889192   13213.000000      1.890454
 5    -0.760726    0.177659      0.935739   18665.000000      2.879354
 6    -0.777339    0.398489      0.945116   26760.000000      4.681881
 7    -0.841085    0.573688      0.981096   34224.000000      6.404907
 8    -0.835148    0.173689      0.977745   44708.000000      9.412542
 9    -0.852353    0.763123      0.987456   63429.000000     15.422332
10    -0.856616    0.924606      0.989862   83651.000000     22.517636
3.604594    0.699299    
4.617749    4.415445    1.161676    0.323685    
4.607660    4.366748    4.976052    1.159762    0.295877    1.388932    
4.010499    4.382569    5.520179    2.040277    0.831941    1.064504    1.077866    0.145728    
3.363149    3.477518    2.879897    0.728380    0.693159    0.577940    0.166083    0.552650    0.191922    0.195850    
3.460787    3.406845    4.526721    5.882867    5.844773    0.942116    0.367671    1.321926    1.076764    0.211804    0.258801    0.194613    
3.665851    3.452815    5.861794    4.806083    1.100871    1.257533    1.747243    0.346875    0.572547    0.522350    0.827554    1.301634    1.187755    1.368962    
3.481081    3.496789    3.145757    0.834439    0.576755    1.942295    4.758382    6.134287    0.587275    0.084147    0.385352    0.270142    0.319736    0.121760    0.131752    0.078364    
3.618334    3.830689    4.489544    1.638745    5.541062    5.183405    3.340658    2.098469    5.185911    0.421174    1.234064    1.409673    1.102959    0.041278    1.151001    0.115958    0.276671    1.392028    
4.781434    4.203150    1.584140    3.452912    0.962140    3.571930    0.956289    2.243844    0.531786    1.293895    1.069547    0.627053    0.375273    1.293723    1.226643    0.368858    0.308186    1.087562    0.594876    1.290851    
