 5    -2.159444    2.102624    0.743353
-0.894779  0.121654  -0.763285  -0.481901  1.059032  0.356689  -0.392180  1.515508  -0.183340  -0.140353  
0.192691  0.158625  -0.106399  -0.799962  0.118554  
 1    -0.911631    0.410933      0.707228   2925.000000      0.336522
 2    -1.306367    0.636033      0.799844   7169.000000      0.913786
 3    -1.799868    0.786474      0.915634   12469.000000      1.701528
 4    -1.874597    0.812464      0.933167   19209.000000      2.800071
 5    -1.909482    0.832487      0.941352   25459.000000      3.964960
 6    -1.988201    0.894974      0.959822   38298.000000      6.821806
 7    -2.037790    0.927897      0.971457   53069.000000     10.534052
 8    -2.149959    0.995903      0.997775   90181.000000     21.543511
 9    -2.152523    0.996891      0.998376   102952.000000     25.992360
10    -2.152825    0.997165      0.998447   156177.000000     46.014163
6.283185    0.927698    
6.283185    4.981007    1.121965    1.259849    
4.713271    6.283185    5.694127    1.185612    1.457084    1.172251    
3.423188    6.283185    6.283185    6.283185    1.119025    1.348349    1.356108    1.351795    
2.667307    6.283185    6.283185    6.283185    6.283185    1.083543    1.271702    1.389628    1.371125    1.463717    
2.685557    6.283185    4.174494    6.283185    6.276600    5.615541    1.001467    1.198852    1.446347    1.295564    1.570796    1.337806    
2.804464    6.283185    3.921691    6.222744    6.283185    6.283185    2.028890    1.004107    1.034548    1.570796    1.150603    1.570796    0.881147    0.453995    
2.738468    4.796579    2.805859    3.575440    3.220779    3.876253    5.558504    5.674924    0.481657    0.540831    1.523157    1.570796    0.492025    1.030113    0.323576    1.455347    
2.899287    4.900657    0.960849    4.015885    3.700193    3.895940    5.308841    6.283185    4.480305    0.508636    0.465590    1.570796    1.570796    0.433945    1.070637    0.390579    1.330683    0.095163    
2.921479    4.885283    1.967413    4.009458    2.545734    4.041981    5.400714    6.283185    4.330547    6.283185    0.512878    0.452108    1.570796    1.570796    0.436548    1.075269    0.402041    1.329366    0.074047    0.022191    
