 5    -0.811526    2.073757    0.052141
-0.470129  0.670906  -0.822153  0.503401  -0.184276  0.514476  -0.472338  -0.433457  0.480020  -0.085906  
0.224175  -0.163685  0.799996  0.290654  -0.407334  
 1    -0.518217    0.439197      0.898343   2940.000000      0.339214
 2    -0.712729    0.784546      0.965758   6437.000000      0.826823
 3    -0.800144    0.856426      0.996055   11342.000000      1.530118
 4    -0.808119    0.984908      0.998819   18303.000000      2.699105
 5    -0.811238    0.998647      0.999900   29292.000000      4.896621
 6    -0.811418    0.999761      0.999963   44577.000000      8.480101
 7    -0.811430    0.999805      0.999967   49286.000000      9.854944
 8    -0.811497    0.999893      0.999990   71821.000000     16.788155
 9    -0.811514    0.999974      0.999996   99862.000000     26.255437
10    -0.811523    0.999995      0.999999   125841.000000     36.342790
2.640579    0.685436    
2.000477    2.393551    0.613386    0.293458    
1.990965    2.229574    3.467331    0.636370    0.438626    0.252768    
1.544682    1.925175    2.189290    2.555041    0.576050    0.431132    0.255452    0.181918    
0.821435    1.870459    2.117440    2.533389    2.703929    0.594932    0.487363    0.394095    0.247193    0.108932    
0.854113    1.768968    2.080111    2.449426    2.622927    2.961665    0.594027    0.483853    0.396808    0.272935    0.138885    0.031841    
0.840231    1.781058    2.087299    2.474864    2.588614    2.956135    3.568780    0.586182    0.483096    0.392218    0.257853    0.123461    0.014212    1.561158    
0.801387    1.759352    2.065515    2.393855    2.395248    6.283185    2.160558    3.815692    0.598677    0.487778    0.403854    0.262911    0.140236    1.539477    1.535392    1.531864    
0.840901    1.743549    2.076725    2.407410    2.451532    6.283185    2.574568    3.404624    4.826074    0.597926    0.489756    0.405257    0.279241    0.142656    1.535955    1.533328    1.536710    0.013842    
0.694029    1.474210    1.820841    2.108394    2.364693    2.776611    6.025974    3.437392    1.968222    4.447334    0.591901    0.466742    0.409246    0.323490    0.223241    0.089544    0.000003    1.553673    0.015176    0.025679    
