 5    -2.942344    2.888078    1.036083
-0.270164  0.934725  -0.978179  1.679502  -0.282496  -2.137573  -0.087249  -0.115780  1.694825  0.442736  
-0.300000  1.000000  1.000000  1.000000  1.000000  
 1    -0.585272    0.009646      0.595729   2946.000000      0.343701
 2    -1.340995    0.329195      0.725346   6560.000000      0.844289
 3    -1.840423    0.374738      0.811005   9952.000000      1.346203
 4    -2.018225    0.581422      0.841501   15756.000000      2.301258
 5    -2.382922    0.759134      0.904051   19112.000000      2.929567
 6    -2.502399    0.801148      0.924543   26979.000000      4.540380
 7    -2.770869    0.896262      0.970590   33678.000000      6.213660
 8    -2.818945    0.935215      0.978835   46589.000000      9.652802
 9    -2.800181    0.915307      0.975617   58295.000000     13.475543
10    -2.812925    0.946667      0.977803   80681.000000     20.918867
3.291057    1.138012    
2.989478    2.548263    1.141519    0.997329    
3.216223    4.538189    5.450075    0.828548    0.922518    0.307836    
3.385030    4.354780    0.545031    4.894833    0.879087    1.145752    1.235950    0.253408    
3.833789    4.461566    1.871469    0.581920    2.497220    0.924943    1.024659    1.091372    0.613022    0.148609    
3.260131    2.342497    4.863600    4.058963    4.032031    2.469640    1.350388    0.967605    1.216589    0.389305    0.461565    1.372052    
0.375238    2.846875    2.653719    3.941747    4.102541    1.238269    6.148111    0.425727    1.263509    0.994630    1.441389    0.388553    0.259335    1.299348    
2.958499    2.225486    5.011601    4.209295    1.926385    5.543125    0.397666    3.352830    1.188187    1.208782    1.186768    0.377726    1.192162    0.854826    0.573325    1.171893    
3.872280    4.598103    0.681680    3.124042    0.330953    5.853435    3.897099    0.849253    3.921925    0.574655    0.780521    1.064092    1.135992    0.492039    1.053527    1.370562    1.304143    1.412143    
3.245926    2.326193    4.980852    4.028744    3.934761    3.976261    3.991538    3.379810    5.574236    4.089200    1.426936    1.045894    1.270800    0.440650    0.475959    1.524728    1.424260    0.162107    1.286879    1.433209    
