 5    -2.688966    2.831876    0.408955
-0.865377  -0.906804  -0.216282  -1.436207  -1.287836  0.000968  0.262022  -0.588278  -0.086633  2.495468  
-0.300000  1.000000  1.000000  1.000000  1.000000  
 1    -0.400278    0.162599      0.585446   2763.000000      0.321655
 2    -1.104647    0.209742      0.713029   5826.000000      0.753018
 3    -1.883695    0.445950      0.854140   9510.000000      1.305595
 4    -1.666067    0.144155      0.814721   13252.000000      1.931212
 5    -1.815211    0.409988      0.841735   20975.000000      3.343611
 6    -2.157294    0.545514      0.903697   27826.000000      4.887187
 7    -2.365472    0.693835      0.941405   32479.000000      6.031679
 8    -2.534426    0.898073      0.972008   44504.000000      9.172175
 9    -2.586444    0.908293      0.981430   57967.000000     13.479879
10    -2.625341    0.966495      0.988476   81891.000000     22.517890
2.133986    0.514094    
2.116775    5.648028    0.641354    1.215588    
0.994709    2.468800    3.644900    1.169341    1.026010    1.169456    
1.583578    1.952080    3.913350    4.492313    0.859971    0.649857    0.418565    0.243474    
2.096731    6.283185    3.899882    3.059724    1.141749    0.455596    1.148609    1.426522    0.464563    1.040509    
3.964779    4.390067    6.006104    0.277998    4.368329    3.666481    0.591931    0.572797    0.815964    0.650819    0.527568    1.017622    
2.142617    5.800957    3.686173    5.102176    3.237206    2.799126    6.210906    0.925256    1.305275    1.207458    0.546224    1.305098    1.150516    0.344936    
2.033843    5.664522    3.683265    5.127042    3.548304    6.037250    1.777180    2.180368    0.921769    1.369605    1.140175    0.264177    0.986192    0.419183    0.198602    1.465984    
2.044037    5.505133    3.837982    5.049721    3.671606    6.090218    1.927803    2.575728    1.165934    0.994807    1.371404    1.092928    0.224967    0.970545    0.376441    0.258112    1.373926    0.186639    
1.881072    5.410898    3.750395    4.381390    5.545999    6.217874    0.971605    1.474864    1.849667    1.554956    0.989652    1.286909    1.551880    0.838456    0.535996    1.152936    1.410299    1.113843    0.391297    1.136818    
