 5    -2.226448    2.646183    0.213681
1.980655  1.795750  -0.728124  -0.283760  1.757234  -0.700888  0.749530  1.466181  -0.359759  -0.314563  
0.612012  -0.014521  -0.342810  0.497285  0.011093  
 1    -1.774795    0.257157      0.907308   5196.000000      0.638766
 2    -1.798163    0.310356      0.912104   8935.000000      1.095569
 3    -1.838803    0.399950      0.920444   13677.000000      1.765145
 4    -1.889640    0.492375      0.930878   20804.000000      3.011555
 5    -1.975402    0.596894      0.948478   31069.000000      5.232703
 6    -2.066156    0.728066      0.967104   39990.000000      7.230655
 7    -2.108833    0.788481      0.975862   53579.000000     10.702403
 8    -2.165859    0.875106      0.987565   76654.000000     17.677387
 9    -2.176480    0.894839      0.989745   95186.000000     23.551698
10    -2.182340    0.909414      0.990948   126231.000000     34.555946
5.309475    0.842752    
6.283185    6.283185    0.918567    1.458680    
6.283185    6.283185    3.912385    0.951552    1.230094    1.320435    
6.283185    6.283185    4.743969    6.210960    1.070209    1.287506    1.320639    1.327405    
6.283185    6.283185    6.283185    4.653356    5.074706    0.971445    0.044030    1.468453    1.178539    1.340111    
6.234626    6.283185    6.283185    6.283185    6.283185    5.410586    0.980650    0.044277    1.570796    1.363886    1.227303    1.355485    
6.283185    6.283185    6.283185    6.283185    6.283185    3.986495    4.819439    0.963804    1.569803    1.570796    1.570796    1.359184    1.250215    1.359800    
3.867021    6.283185    6.283185    6.283185    6.283185    6.283185    5.875575    5.500899    0.665950    0.000000    1.570796    1.518014    1.488272    1.392842    1.251236    1.368190    
6.283185    4.180663    6.283185    6.283185    6.283185    6.283185    6.283185    6.283185    5.385998    0.947426    1.439179    1.552624    1.542003    0.192058    1.495897    1.346250    1.237117    1.370831    
3.409670    6.283185    6.283185    5.614621    6.283185    6.283185    6.283185    6.283185    6.283185    5.552763    0.643581    0.000000    1.506282    1.326638    1.451126    1.529223    1.499872    1.416932    1.381921    1.466439    
