 5    -2.579357    2.550833    1.153121
0.339865  0.191300  -1.140822  0.778411  1.707351  1.008358  -1.292085  -0.473293  0.210802  -0.992069  
-0.300000  1.000000  1.000000  1.000000  1.000000  
 1    -1.002484    0.271068      0.692629   2925.000000      0.389441
 2    -1.237597    0.350961      0.738458   5326.000000      0.767328
 3    -1.487639    0.491783      0.787197   9704.000000      1.661903
 4    -1.789969    0.631392      0.846129   14040.000000      2.749161
 5    -1.912516    0.677743      0.870016   18980.000000      3.077588
 6    -2.088070    0.791586      0.904236   25923.000000      4.343862
 7    -2.306999    0.865885      0.946911   35296.000000      6.508561
 8    -2.431848    0.938819      0.971247   48695.000000     10.508013
 9    -2.414526    0.905209      0.967870   62330.000000     14.452342
10    -2.509951    0.968242      0.986471   86398.000000     23.182345
2.743335    0.676026    
2.721075    2.718688    0.542468    1.282321    
3.602272    2.465554    5.756201    0.437622    0.226888    1.266081    
2.842127    2.445057    3.769247    3.756027    0.495601    1.296906    1.436023    0.353346    
2.766897    5.797895    4.399622    3.282029    4.626712    0.378087    1.258850    0.282064    1.273629    1.295770    
2.751165    2.688714    5.151738    6.283185    6.263346    5.972108    0.683266    1.238672    1.426028    1.242111    0.375955    1.446827    
3.044351    2.995940    5.830371    4.718875    2.200057    2.948775    6.253042    0.438882    1.040467    1.279769    0.098120    0.366847    1.133954    1.414508    
2.740692    5.751940    4.400242    3.579451    4.259958    5.916095    3.799163    3.872577    0.362834    1.152543    0.249394    1.111617    0.960417    0.281519    0.339716    1.470847    
2.937778    6.164519    4.223021    2.059211    4.297883    1.708203    3.009530    0.837577    4.776209    0.348990    1.299127    1.373666    1.438583    0.247122    1.072981    1.386421    0.263894    1.466948    
2.740526    5.802529    5.049262    2.942479    4.298119    1.372067    4.555338    3.905081    1.903334    5.011792    0.343767    1.152515    0.129716    1.340700    0.999194    0.229882    0.199314    0.444501    1.395035    1.439257    
