 5    -1.564938    3.163184    0.331881
-0.217286  -0.915852  1.062431  0.444871  -0.375857  -1.325971  -0.652894  -0.842896  -0.447425  1.539325  
-0.300000  1.000000  1.000000  1.000000  1.000000  
 1    -0.508108    0.037916      0.776480   2967.000000      0.341811
 2    -1.006242    0.000026      0.881836   6085.000000      0.767196
 3    -1.136341    0.330487      0.909352   9138.000000      1.240195
 4    -1.202244    0.292440      0.923290   13497.000000      1.937322
 5    -1.292714    0.596934      0.942424   20061.000000      3.130516
 6    -1.322706    0.581966      0.948768   30753.000000      5.513302
 7    -1.429770    0.900203      0.971412   37920.000000      7.366653
 8    -1.455377    0.803521      0.976828   55453.000000     12.426430
 9    -1.506837    0.897040      0.987712   72420.000000     18.401667
10    -1.545285    0.972022      0.995843   93946.000000     27.406701
0.367001    0.635594    
0.366228    0.452241    0.655023    0.333320    
0.337409    5.658113    6.126839    0.369678    1.003296    0.359642    
4.259873    4.177859    6.283185    1.757171    0.305618    0.239494    0.482728    0.412821    
0.600997    1.360749    3.152966    1.924748    1.408924    0.937008    0.546847    1.409993    0.635939    0.112072    
0.366410    5.773223    2.692775    5.328266    2.099252    2.776015    0.593836    1.224448    0.220717    0.406760    1.385842    1.328945    
0.565774    0.481052    2.264522    2.348137    1.602557    5.218633    4.640283    0.495346    0.496346    1.570796    0.160802    0.778545    1.183122    1.093937    
0.133947    5.509173    0.582577    6.255975    2.881668    1.044024    4.465320    5.868750    0.461292    0.598478    1.207317    0.286421    0.544348    1.471977    0.845815    0.221471    
0.778909    4.707523    5.309127    2.987327    1.311873    2.025655    5.382288    1.437153    3.977890    0.958522    1.324600    0.844767    1.565023    0.102562    0.849416    0.265884    0.177731    0.263273    
0.292490    0.826676    5.850747    6.117262    4.655063    0.542028    1.126785    0.657881    5.241525    3.046935    0.764836    0.448379    0.345590    1.198919    0.198386    0.527839    0.421956    0.159814    1.303056    0.361968    
