 5    -2.478062    2.157965    1.277414
0.458901  1.173661  0.398716  1.044500  0.584015  0.653871  1.328473  -0.097377  -0.441175  -0.278228  
-0.300000  1.000000  1.000000  1.000000  1.000000  
 1    -0.539799    0.225860      0.581913   2898.000000      0.476871
 2    -1.414553    0.498251      0.770599   5394.000000      0.795986
 3    -1.661396    0.661978      0.823844   9137.000000      1.241171
 4    -1.807581    0.735911      0.855376   13301.000000      1.898029
 5    -2.015699    0.800197      0.900267   18567.000000      2.878466
 6    -2.179068    0.871000      0.935506   24435.000000      4.103217
 7    -2.249488    0.904038      0.950696   33428.000000      6.196261
 8    -2.352895    0.949823      0.973001   43548.000000      8.874518
 9    -2.411554    0.972163      0.985654   57386.000000     13.294435
10    -2.438923    0.983415      0.991558   76304.000000     19.945987
4.505865    0.412133    
4.550601    4.495579    0.625078    1.060750    
4.532656    4.468737    5.470361    0.585976    1.235931    0.248543    
4.498260    4.524044    4.285046    5.629746    0.660452    1.105156    0.199753    0.305022    
4.454081    4.262037    5.907368    2.668319    0.897019    0.508527    1.184349    0.354428    1.277040    1.339053    
4.423123    4.370884    5.922158    2.578923    4.667207    3.336306    0.435421    1.139257    0.302664    1.184260    1.386297    1.347351    
4.414092    4.347577    5.882325    2.622194    0.918756    3.664904    3.441221    0.450989    1.148725    0.329350    1.215033    1.459440    1.429111    1.403927    
4.331291    4.232970    5.895738    2.577210    4.635264    1.431808    2.102482    0.940639    0.440752    1.194152    0.532220    1.072062    1.381862    0.304653    1.293721    0.109883    
4.257872    4.447316    5.617287    2.583665    1.244617    3.295785    3.442962    6.245328    5.905442    0.388085    1.063984    0.473926    1.012334    1.437628    1.274127    1.325877    1.381074    1.384509    
4.245693    4.467052    5.659765    2.571233    1.317311    3.181276    3.533323    6.283185    5.860528    4.543349    0.413243    1.086344    0.515088    1.016036    1.451379    1.302749    1.302779    1.385905    1.345504    1.477615    
