 5    -2.949339    2.414487    0.486025
-0.277191  -1.145218  1.062622  -0.870811  -1.755050  -1.015249  1.560385  0.481436  -1.006437  1.485005  
-0.432925  0.029006  -0.240774  0.324147  -0.238866  
 1    -1.790189    0.414016      0.783895   2934.000000      0.347958
 2    -2.708087    0.624220      0.955022   7187.000000      0.932220
 3    -2.786917    0.674368      0.969719   13534.000000      1.921206
 4    -2.808124    0.718671      0.973673   18694.000000      2.786927
 5    -2.859248    0.854524      0.983204   30702.000000      5.028449
 6    -2.913587    0.957155      0.993335   44091.000000      8.071685
 7    -2.937124    0.984833      0.997723   66565.000000     14.227584
 8    -2.944427    0.997113      0.999084   88119.000000     20.487721
 9    -2.947745    0.999489      0.999703   118180.000000     31.572973
10    -2.949230    0.999950      0.999980   261355.000000     87.262193
5.405720    0.534198    
4.894446    5.436724    0.601282    0.322987    
2.966153    4.855124    5.606026    0.583764    0.444245    0.213291    
2.771653    4.711482    5.317692    6.283185    0.634447    0.469542    0.328337    0.114421    
4.037151    5.023358    5.544704    6.283185    6.161224    0.586678    0.428009    0.263474    0.187847    0.144804    
3.847061    5.217639    6.283185    6.283185    5.505285    6.283185    0.575139    0.367549    0.192787    0.172341    0.255762    0.150956    
2.791502    4.679575    5.490950    6.283185    6.283185    6.283185    6.283185    0.570807    0.443137    0.220286    0.101522    0.199226    0.218781    0.123132    
2.654810    4.844132    5.294752    6.283185    6.283185    6.283185    6.214097    6.283185    0.608943    0.459266    0.261870    0.078658    0.137711    0.210072    0.181625    0.070193    
2.424442    4.635607    5.184466    6.258254    6.283185    6.263886    6.283185    6.022198    6.283185    0.617525    0.474105    0.339323    0.147158    0.107429    0.161255    0.172423    0.127283    0.051761    
1.956058    4.093269    4.845635    5.800455    6.283185    5.850261    6.265445    5.858831    5.297306    5.944222    0.613472    0.480150    0.390874    0.218710    0.107543    0.124553    0.160602    0.138048    0.095691    0.044123    
