 5    -4.809496    4.219781    2.874947
2.630205  0.331635  -0.987540  1.196508  1.705176  0.144573  -0.224789  0.221373  2.062121  2.356455  
-0.300000  1.000000  1.000000  1.000000  1.000000  
 1    -1.257996    0.427329      0.606668   2490.000000      0.292787
 2    -1.948499    0.368546      0.683142   5252.000000      0.687302
 3    -2.662292    0.544037      0.762195   8594.000000      1.192472
 4    -3.493203    0.711616      0.854219   12930.000000      1.916253
 5    -3.669524    0.744359      0.873747   18957.000000      2.999914
 6    -4.103856    0.826837      0.921850   23978.000000      4.174378
 7    -4.168808    0.863975      0.929043   35022.000000      6.818128
 8    -4.377762    0.899655      0.952185   45553.000000      9.851606
 9    -4.674198    0.966462      0.985016   59094.000000     14.034933
10    -4.750142    0.986312      0.993427   75301.000000     20.743863
3.705323    0.750561    
2.788815    3.002451    0.642603    1.248198    
3.790269    1.081032    2.842000    0.532889    1.224321    0.274015    
4.019870    2.544729    5.080912    2.250081    0.349836    0.298946    1.103695    0.336925    
3.869028    1.051066    2.994324    2.584432    5.108653    0.486808    1.331845    0.308504    0.116404    1.219842    
3.660361    5.492237    2.313919    4.897938    4.233534    5.691920    0.565977    1.357704    1.110279    1.350846    1.269915    1.252222    
3.737557    5.823191    5.967547    6.271913    5.020169    4.289147    5.258640    0.523463    1.344943    1.017673    1.547079    0.000000    1.359209    0.418060    
3.586837    5.703067    6.070628    6.210798    5.006277    4.545781    0.619373    5.952547    0.488059    1.298830    1.130385    0.940238    0.343014    0.933362    0.290208    1.362908    
3.655773    1.135197    5.945557    5.797166    5.118679    1.097817    5.712161    5.140664    3.916286    0.499883    1.011695    0.293330    1.283694    1.155149    1.310689    1.387940    1.434104    1.469938    
3.657094    1.206008    5.904933    5.988960    4.911723    1.023644    5.838253    5.480588    3.433975    6.283185    0.545253    1.024813    0.367841    1.300162    1.174797    1.269072    1.283118    1.515736    1.356429    1.402546    
