 5    -2.098138    2.987567    0.267707
-0.035920  -1.299604  0.889104  -0.585994  0.462999  -0.768262  -1.095189  -1.467687  1.944982  -0.321040  
0.163761  -0.167896  0.154861  0.846825  -0.145128  
 1    -1.573466    0.367366      0.896834   3747.000000      0.435407
 2    -1.634587    0.380922      0.908852   7276.000000      0.936238
 3    -1.771699    0.491862      0.935812   11862.000000      1.582458
 4    -1.836770    0.678138      0.948607   17496.000000      2.526901
 5    -1.900455    0.726979      0.961130   27752.000000      4.517140
 6    -2.036765    0.903877      0.987932   44470.000000      8.452806
 7    -2.037340    0.906605      0.988045   59776.000000     12.469605
 8    -2.092739    0.997135      0.998938   141057.000000     38.072538
 9    -2.096007    0.998214      0.999581   210789.000000     63.735605
10    -2.080829    0.980844      0.996596   367127.000000    122.345166
5.716522    0.779695    
5.558338    6.283185    0.768331    0.094256    
4.886534    6.283185    4.263926    0.701225    0.163525    1.398966    
4.851099    6.283185    4.217417    3.273034    0.665792    0.257006    1.223757    0.189644    
4.867136    6.283185    4.653080    2.426083    5.088310    0.684565    0.157413    1.222808    0.260002    1.438730    
4.837924    6.283185    5.223965    3.211040    5.468367    2.297328    0.736124    0.205678    0.988986    0.410716    0.664123    0.801067    
4.824958    6.283185    5.134980    3.346346    5.317018    2.362732    3.962846    0.738547    0.210016    0.976134    0.426328    0.625548    0.817217    0.016705    
1.947069    4.537323    4.288604    1.966177    5.774316    3.341941    5.777173    1.704477    0.632768    0.478747    0.689757    1.202683    0.592262    1.152277    0.353364    1.385990    
1.779128    4.046845    3.387286    1.473459    6.082022    3.216160    4.719428    4.088310    5.057876    0.585353    0.558491    1.053926    0.829637    0.565470    1.175704    0.423570    1.300406    0.111710    
2.556210    4.004165    6.283185    3.996800    4.340430    5.027063    1.182970    4.337826    6.271525    0.482962    0.600717    0.406275    0.457515    1.137866    0.421591    0.969174    0.437270    1.570796    1.569541    0.036519    
