 5    -2.571120    1.904660    0.883202
0.120886  0.610718  -0.940969  -1.296675  -0.444179  -1.381420  0.602617  -0.815498  1.472935  -0.054761  
-0.300000  1.000000  1.000000  1.000000  1.000000  
 1    -0.590951    0.208620      0.557581   2841.000000      0.329109
 2    -1.250567    0.308496      0.704956   5487.000000      0.707440
 3    -1.626253    0.215083      0.788893   9338.000000      1.268950
 4    -1.601037    0.270286      0.783260   14614.000000      2.086576
 5    -1.844818    0.494878      0.837726   21268.000000      3.405924
 6    -2.073215    0.650044      0.888756   29746.000000      5.226892
 7    -2.308912    0.848503      0.941416   35192.000000      6.703590
 8    -2.411354    0.924444      0.964304   45603.000000      9.736271
 9    -2.445003    0.911376      0.971822   59284.000000     14.088037
10    -2.448268    0.913157      0.972552   82235.000000     21.570974
3.130896    1.100500    
3.204355    4.077062    0.886250    0.459833    
3.170444    4.316593    6.275592    0.714408    0.755959    1.323288    
3.221182    4.171623    1.027167    5.243833    0.884990    0.524822    0.187016    1.439106    
3.200879    2.960212    0.696286    0.551170    4.506615    0.893264    1.304202    0.377044    0.446127    0.193824    
3.060330    4.005636    0.614119    5.545585    6.137040    2.324809    0.684674    0.934010    0.000000    1.307459    1.199851    0.228039    
3.183514    3.791742    6.283185    5.736556    5.693482    6.283185    3.966580    0.767852    1.010438    1.507976    1.403867    1.494688    1.400739    1.216451    
4.822782    3.300418    4.848117    2.417400    5.023404    5.427033    2.370995    6.283185    1.367644    1.124270    0.148832    1.128642    0.455870    0.196825    1.102518    0.054870    
3.114838    3.895085    1.345347    4.823025    6.283185    2.709400    0.627280    4.056900    6.203536    0.516265    1.021338    0.124384    1.369098    1.163716    0.152047    1.349398    1.325254    0.092657    
3.129820    3.855505    1.365344    4.807478    6.283185    2.694484    0.655566    4.171265    2.178869    1.329090    0.518908    1.017226    0.108384    1.360795    1.166549    0.144247    1.338166    1.354272    0.060264    1.489781    
