 5    -2.961033    1.845525    1.313159
-0.253089  -0.637147  -1.909595  -0.106139  0.001714  -0.962448  0.254333  -1.112221  0.210460  1.389632  
-0.300000  1.000000  1.000000  1.000000  1.000000  
 1    -0.738871    0.003679      0.537681   2562.000000      0.300089
 2    -1.217391    0.299556      0.637237   5938.000000      0.792103
 3    -1.461479    0.267394      0.688019   9962.000000      1.355139
 4    -1.861189    0.516394      0.771178   14119.000000      2.062376
 5    -2.154287    0.733312      0.832157   19430.000000      3.037940
 6    -2.461283    0.772856      0.896027   27007.000000      4.575263
 7    -2.669348    0.888398      0.939315   35306.000000      6.733389
 8    -2.616017    0.850940      0.928220   45911.000000      9.759531
 9    -2.901821    0.975426      0.987681   62205.000000     15.044793
10    -2.804811    0.939624      0.967498   74956.000000     21.085640
3.544484    0.774008    
3.360422    4.906045    0.893009    1.148185    
3.414843    5.081459    3.512358    0.791756    1.159976    0.255821    
3.388408    5.151879    5.381323    4.518957    0.703298    1.305831    1.194826    1.354350    
3.143452    4.823028    4.524683    6.233591    2.512811    1.200706    0.961070    0.546275    0.331605    0.151323    
3.304190    5.075736    5.446779    4.769530    0.672490    2.020790    0.976793    1.415100    1.036845    1.057465    0.425332    0.147487    
3.213547    5.041968    4.029875    5.169566    0.332950    1.170246    6.274641    1.218755    1.151689    0.437162    0.522383    1.157502    0.319655    1.386845    
3.340393    4.849967    3.079968    5.829034    5.473236    2.770718    4.172247    0.223910    0.812261    0.916628    0.031237    1.151802    0.018312    1.320158    1.106261    0.346514    
3.830808    4.711172    3.587356    2.297475    3.216457    5.508526    2.550873    1.965868    0.300680    0.539913    1.092622    0.356672    1.176501    1.371037    0.410904    1.408003    1.060813    0.509716    
4.371823    0.864285    4.332004    3.516883    1.686264    5.644501    3.679306    1.997777    3.797706    4.541299    1.292232    0.383753    0.380422    1.382767    0.394169    1.169520    1.472701    0.157605    1.401176    1.463920    
