 5    -2.028809    1.921318    0.018946
-1.450948  1.910953  0.711879  -0.247738  0.361466  -0.032950  -0.221347  0.477257  -0.691939  0.792006  
-0.300000  1.000000  1.000000  1.000000  1.000000  
 1    -0.583515    0.064134      0.634115   2475.000000      0.290514
 2    -1.159194    0.023913      0.779851   5834.000000      0.766234
 3    -1.379428    0.024856      0.835605   9271.000000      1.276327
 4    -1.805410    0.855990      0.943445   12926.000000      1.909067
 5    -1.590555    0.634654      0.889053   19257.000000      2.991637
 6    -1.860746    0.880927      0.957454   24997.000000      4.322497
 7    -1.838694    0.084791      0.951871   37678.000000      7.443280
 8    -1.919025    0.031123      0.972207   47128.000000     10.117809
 9    -1.979175    0.168565      0.987435   62128.000000     14.554090
10    -1.997398    0.228586      0.992048   78198.000000     23.258791
2.721341    1.185584    
2.832191    1.231988    0.931624    0.410028    
2.778510    1.333873    5.075821    0.875466    0.378009    0.256812    
6.280780    4.084803    2.394798    5.209164    1.098859    0.305579    0.951042    0.140798    
6.283185    6.170532    2.083892    4.124371    4.057028    1.315101    0.968710    0.384301    1.295576    1.412922    
6.283185    4.094846    2.403156    6.283185    2.548748    2.747580    1.071682    0.247438    1.006718    1.443101    0.183731    1.427726    
2.737712    1.216143    5.090866    3.508579    3.764720    2.093121    3.007828    0.832314    0.514766    0.113553    1.392836    1.188578    0.418211    0.396348    
6.283185    2.264057    4.669952    2.409075    2.014861    3.412883    4.587517    5.567679    1.003458    0.650007    0.292703    1.259419    0.282567    1.309308    0.330140    0.115711    
6.274668    1.607899    4.856555    2.167230    2.043211    4.199657    1.903055    1.505221    5.009262    1.224931    0.610926    0.414876    1.223873    0.317857    1.202817    0.158500    1.501779    1.447730    
5.913009    1.868444    4.823473    2.188867    1.343751    0.947291    3.961648    1.371493    4.794327    4.777718    1.213394    0.583260    0.469413    1.220949    1.282083    0.467002    1.304626    0.197652    1.473543    0.045642    
