 5    -3.366501    2.254816    1.894731
1.857565  -0.203968  0.711019  -0.958718  0.636314  0.984796  0.976736  -0.773217  -0.776050  -1.071380  
-0.761700  0.462344  -0.067926  -0.074058  -0.215671  
 1    -1.186674    0.217110      0.612221   2937.000000      0.341649
 2    -2.208483    0.546362      0.793995   6731.000000      0.873389
 3    -3.008757    0.839125      0.936359   11072.000000      1.516726
 4    -3.154787    0.908857      0.962337   18173.000000      2.740421
 5    -3.282913    0.969310      0.985130   28524.000000      4.790083
 6    -3.347611    0.992993      0.996640   42389.000000      8.077323
 7    -3.359812    0.997855      0.998810   74545.000000     16.919000
 8    -3.360848    0.998025      0.998994   118937.000000     31.303415
 9    -3.361926    0.998573      0.999186   140270.000000     39.292331
10    -3.365411    0.999595      0.999806   192458.000000     61.081520
2.139375    0.444784    
3.021051    4.919674    0.553657    0.425448    
2.515856    5.087649    3.248609    0.473032    0.393228    0.305223    
2.717426    4.327147    4.062954    4.640390    0.639839    0.483455    0.183410    0.218762    
3.203865    4.623002    4.015607    4.120052    6.283185    0.758898    0.555246    0.283151    0.127275    0.209337    
2.484455    4.127999    3.767506    4.509360    6.283185    3.595496    0.618746    0.490622    0.336731    0.211043    0.094507    0.147132    
2.605465    3.913424    4.044335    4.285402    5.617588    3.623561    3.243659    0.674331    0.495340    0.243518    0.330123    0.001587    0.165313    0.074400    
2.646182    4.047257    4.103714    4.388137    6.055538    4.067186    3.568798    3.016131    0.667586    0.503387    0.241861    0.325133    0.000000    0.174209    0.077247    1.522743    
2.640428    4.052350    4.089326    4.396819    6.047787    4.104509    2.661020    4.275762    2.839755    0.680027    0.514633    0.273279    0.316326    0.020159    0.207255    0.048832    1.510906    0.050100    
1.487603    3.072440    3.198361    3.597144    3.922084    4.717596    3.959714    5.945559    3.507493    3.590993    0.665100    0.488031    0.392765    0.317336    0.227177    0.137183    0.210146    1.570796    0.088795    0.016414    
