 5    -2.385465    1.681702    0.253019
-0.387979  1.027428  -0.161652  -1.247563  0.865654  -0.059300  -0.902750  -0.009563  0.619805  0.494273  
-0.501409  -0.123650  0.229543  0.045544  -0.448497  
 1    -1.496296    0.433675      0.781379   3297.000000      0.403370
 2    -2.218766    0.695500      0.959013   7060.000000      0.902524
 3    -2.313785    0.793188      0.982376   12391.000000      1.672161
 4    -2.340858    0.839439      0.989032   18493.000000      2.684393
 5    -2.352171    0.883396      0.991814   32111.000000      5.450408
 6    -2.365019    0.944728      0.994973   49521.000000      9.466038
 7    -2.381889    0.996650      0.999121   74519.000000     16.142388
 8    -2.384838    0.999589      0.999846   148093.000000     39.538695
 9    -2.385317    0.999934      0.999964   203086.000000     60.045439
10    -2.385392    0.999969      0.999982   262625.000000     80.639810
5.627046    0.543691    
5.091116    5.843720    0.606931    0.304483    
3.621214    5.317540    6.201265    0.600092    0.429199    0.195060    
2.943153    4.885625    5.498433    6.283185    0.615863    0.450476    0.313776    0.114164    
2.688961    4.772717    5.439174    6.157637    6.283185    0.627497    0.478631    0.362357    0.192772    0.061963    
2.948976    4.969235    5.628969    6.283185    6.137351    6.283185    0.650642    0.492606    0.384831    0.238295    0.128702    0.062752    
2.963803    4.765348    5.510832    6.283185    6.283185    6.204682    6.283185    0.594363    0.464932    0.356146    0.231961    0.165043    0.129664    0.073845    
2.067737    4.345664    5.118511    5.910060    6.283185    6.218421    6.283185    6.283185    0.608852    0.485660    0.400646    0.276909    0.187719    0.149603    0.115507    0.049931    
1.905051    4.011995    4.906708    5.688281    6.222223    6.283185    6.208327    6.196142    6.283185    0.619083    0.489423    0.418365    0.308709    0.209788    0.157668    0.126232    0.076194    0.022549    
1.767132    3.798903    4.809036    5.667829    6.283065    6.169896    5.887513    6.258147    6.086125    5.185122    0.617940    0.496276    0.434559    0.334796    0.227136    0.155705    0.130366    0.091146    0.034655    0.009716    
