 5    -1.959580    1.982110    0.305200
-1.121427  0.552710  -0.128515  -0.098978  0.525132  0.641744  1.041625  -0.042823  1.512432  -1.412685  
-0.300000  1.000000  1.000000  1.000000  1.000000  
 1    -0.831423    0.214340      0.713788   2343.000000      0.278305
 2    -1.155487    0.227229      0.796003   5749.000000      0.738693
 3    -1.416756    0.367544      0.862286   9277.000000      1.271244
 4    -1.517207    0.253697      0.887771   13897.000000      2.012557
 5    -1.593149    0.386254      0.907037   19088.000000      2.971049
 6    -1.687844    0.486254      0.931061   28084.000000      4.804847
 7    -1.810019    0.740149      0.962057   36411.000000      7.098239
 8    -1.859046    0.908184      0.974495   50184.000000     10.777927
 9    -1.877342    0.865648      0.979136   70607.000000     17.880738
10    -1.897615    0.863441      0.984279   91521.000000     27.286550
1.615703    1.139501    
1.529744    1.289157    1.043925    0.311905    
2.486130    2.226193    5.427347    0.964724    0.210251    0.517254    
5.993056    1.156391    4.791991    3.814171    0.724811    0.946395    0.418265    1.310361    
1.846093    4.221298    1.529276    3.154666    1.288619    1.570796    0.505265    1.262205    0.519319    1.416343    
2.115902    3.493533    0.575260    5.668928    3.213157    2.285038    1.287958    0.289665    1.108196    0.205842    1.193518    0.265982    
6.059270    1.076517    4.922005    3.732224    6.283185    5.804526    6.283185    0.686420    1.032110    0.635900    1.211583    1.309743    1.361697    0.364389    
6.082741    4.737491    2.745723    6.009334    5.604189    3.198293    4.923563    5.236455    0.577599    0.646713    1.489244    1.095708    0.058356    1.259634    0.363950    0.044232    
2.301422    1.931473    3.004895    6.283185    1.012077    2.474090    4.601771    4.645657    4.390357    1.374235    0.514456    1.466350    1.222175    0.292152    1.376376    0.695618    0.415907    0.774044    
5.939737    1.080836    4.994808    3.843295    6.211900    5.808529    6.283185    1.141563    0.836632    6.277594    0.484991    1.096027    0.756396    1.119411    1.382872    1.296070    0.591437    1.420644    0.094582    1.365375    
