 5    -1.570921    1.650770    0.105150
1.011944  0.346745  -0.230357  -0.433349  -0.627075  0.791468  -0.598915  -0.869797  -0.788798  -0.724587  
-0.300000  1.000000  1.000000  1.000000  1.000000  
 1    -0.985912    0.475902      0.818416   2883.000000      0.336223
 2    -1.383742    0.734908      0.941900   5309.000000      0.683998
 3    -1.408929    0.796137      0.949718   9058.000000      1.234964
 4    -1.465525    0.864336      0.967285   13116.000000      1.889297
 5    -1.533889    0.965378      0.988505   17272.000000      2.666693
 6    -1.509796    0.960388      0.981027   24612.000000      4.136021
 7    -1.547482    0.944643      0.992725   34056.000000      6.311912
 8    -1.544868    0.971306      0.991913   44955.000000      9.448303
 9    -1.560122    0.949929      0.996648   62959.000000     15.641123
10    -1.563415    0.963329      0.997670   84884.000000     23.108721
0.424016    0.514527    
0.381065    0.424081    0.606471    0.318420    
0.388095    0.432956    4.704454    0.602256    0.342447    0.072951    
0.386237    0.395866    6.283185    2.535602    0.584038    0.399746    1.466238    0.103587    
0.391226    0.407684    3.127849    1.180531    0.626241    0.641046    0.293293    1.415859    0.251492    0.148372    
0.407201    0.468850    4.333425    6.160279    3.237096    4.619870    0.616952    0.348345    0.048713    1.402528    1.452934    1.438223    
0.386647    0.408447    3.014245    1.137615    2.282518    2.223749    6.101604    0.615548    0.300111    1.454668    0.183057    1.473743    0.092743    1.512727    
0.369711    0.434441    4.674407    5.953467    1.885959    2.331796    2.751407    0.582526    0.591462    0.279566    0.083381    1.548025    0.129971    1.452804    1.378684    1.477882    
0.410213    0.435921    3.097610    1.196923    2.006404    2.250091    3.928346    2.416852    5.669210    0.643117    0.283199    1.432235    0.199712    1.538738    0.000000    0.111405    1.570796    0.118066    
0.391214    0.422523    3.077002    1.144064    0.817209    3.353012    3.288982    1.140519    2.448444    5.193275    0.627833    0.296099    1.400174    0.261493    0.031564    0.056173    1.455312    0.025134    0.030781    0.095832    
