 5    -1.468328    1.339942    0.140310
1.197643  -0.714573  -0.331470  0.595437  0.338292  0.659938  -0.500032  0.115505  -0.342145  -0.596453  
-0.300000  1.000000  1.000000  1.000000  1.000000  
 1    -0.633041    0.003681      0.702562   2742.000000      0.320526
 2    -0.949604    0.077227      0.815287   6008.000000      0.775686
 3    -1.041381    0.039716      0.847968   9570.000000      1.296574
 4    -1.140225    0.218478      0.883165   13598.000000      1.970363
 5    -1.162375    0.160828      0.891053   19951.000000      3.062270
 6    -1.193832    0.359402      0.902254   25735.000000      4.413415
 7    -1.342932    0.747156      0.955348   36353.000000      6.884865
 8    -1.371930    0.869861      0.965673   48096.000000     10.125617
 9    -1.379531    0.786853      0.968380   62453.000000     14.869007
10    -1.416787    0.913200      0.981647   84969.000000     25.079201
5.280774    0.808561    
2.781944    2.596153    0.330972    1.002986    
5.324467    4.191547    4.233402    1.054536    0.302856    0.336503    
5.207899    4.055580    4.315562    6.283185    1.085083    0.400655    0.209075    0.229139    
5.219544    4.068142    4.264849    3.328927    3.019464    1.036446    0.368088    0.221186    0.097968    0.202699    
2.773661    2.543118    3.068903    4.325980    3.274397    1.845829    0.412059    1.125624    0.054680    0.157615    0.139176    1.477026    
5.416105    3.222130    5.565591    6.054524    5.226855    1.493906    0.441177    1.175358    0.543588    0.814315    0.180838    1.034301    0.307684    0.204315    
3.920573    3.774759    5.566283    4.981736    2.174958    4.018670    3.512140    3.090467    1.059659    1.289263    1.134945    0.285135    0.403806    1.258283    0.314357    1.411828    
5.303199    3.931847    4.430288    6.089572    1.429377    5.672128    3.844075    5.834573    1.658922    1.181306    0.391208    0.057335    0.342501    1.286747    0.129427    0.248024    1.438603    0.134696    
5.295442    2.531010    3.249971    5.470321    2.443747    5.097615    2.962236    5.803214    0.577407    3.849356    1.308359    0.779233    0.546649    1.196268    0.847323    1.397994    1.049484    0.061575    0.394540    0.356268    
