 5    -2.425368    3.215387    0.248157
-1.347907  0.938718  1.021825  0.788287  -2.600565  0.373243  -1.052956  0.132503  0.415469  -0.735163  
-0.300000  1.000000  1.000000  1.000000  1.000000  
 1    -1.206340    0.052472      0.783889   2898.000000      0.341436
 2    -1.798064    0.000344      0.888791   5689.000000      0.780381
 3    -1.974516    0.001817      0.920072   9418.000000      1.438956
 4    -2.151670    0.006783      0.951478   13460.000000      2.267698
 5    -2.021912    0.372188      0.928475   17711.000000      3.664422
 6    -2.143710    0.000937      0.950067   24247.000000      4.542541
 7    -2.173176    0.000590      0.955291   33655.000000      6.505291
 8    -2.259425    0.673640      0.970581   45172.000000      9.743515
 9    -2.277269    0.652288      0.973745   59011.000000     14.208833
10    -2.332474    0.869836      0.983532   82752.000000     22.637699
0.444304    0.529271    
0.374981    0.425961    0.614157    0.349980    
0.295977    0.392813    0.490742    0.622302    0.459862    0.210658    
0.370263    0.439205    0.564001    0.618183    0.663741    0.441820    0.311938    0.198104    
1.416776    0.670399    4.992629    2.390513    4.944624    0.798609    0.207178    0.145423    0.172793    1.345907    
0.266863    0.389483    0.482515    2.057430    4.273325    6.235465    0.622009    0.448716    0.278610    1.534907    1.396724    0.115469    
0.164645    0.309461    0.374728    2.125879    0.523950    0.506245    3.990913    0.461172    0.446550    0.254749    1.396621    1.306925    1.441392    1.545966    
1.607717    0.699725    4.687427    4.511473    1.228787    1.665897    6.046076    0.504283    0.928471    0.318191    0.000000    0.285863    0.221350    1.195349    0.268427    1.515783    
1.229589    0.933111    4.875330    2.327365    6.275205    5.092916    3.309194    0.941075    1.731486    0.830891    0.070308    0.359401    0.718945    1.242255    1.289573    0.373472    1.264911    1.484586    
1.586842    3.480276    4.762195    4.005693    1.883551    2.946005    3.321453    2.332902    2.455620    6.283185    0.520507    1.272020    1.440155    1.449856    0.836446    0.969475    1.401725    1.515522    1.504014    1.430555    
