 5    -2.271215    3.414297    0.810716
0.054388  0.066855  -0.313268  -0.714383  0.437518  -1.693630  -1.272009  -1.185710  -1.177596  0.719244  
-0.300000  1.000000  1.000000  1.000000  1.000000  
 1    -0.969467    0.224591      0.771041   3150.000000      0.363097
 2    -1.623353    0.244492      0.886050   5616.000000      0.720145
 3    -1.963845    0.816086      0.945938   9000.000000      1.217886
 4    -1.770378    0.765967      0.911910   13045.000000      1.891876
 5    -1.936625    0.700265      0.941150   18274.000000      2.817658
 6    -2.151863    0.915847      0.979008   25639.000000      4.350655
 7    -2.245154    0.985906      0.995416   30559.000000      5.588312
 8    -2.214805    0.969489      0.990078   40212.000000      8.353129
 9    -2.258452    0.994478      0.997755   62487.000000     14.879541
10    -2.253378    0.989957      0.996863   74036.000000     20.364229
0.372227    0.578359    
0.358657    0.420244    0.629512    0.304562    
0.422136    0.996720    0.531808    0.659698    1.154998    1.268483    
0.502975    1.050857    2.659635    4.861567    0.726504    1.143113    0.226257    1.301214    
0.234286    0.411014    1.069062    3.750390    5.976530    0.535921    0.568995    1.268315    1.499686    0.136932    
0.183458    0.402873    1.098390    1.331009    0.705990    2.501973    0.505678    0.546626    1.215081    0.327387    0.232901    1.507144    
0.218804    0.340279    1.086319    1.292919    0.581361    0.580439    3.190849    0.494108    0.502081    1.271999    0.305559    0.321928    0.201584    0.027188    
0.366923    0.915637    0.188999    0.474921    5.250121    1.819605    2.529164    4.093523    0.670120    0.705824    0.553011    1.248319    1.473701    1.483326    0.118268    0.096194    
0.337841    0.600700    0.279979    0.696693    1.247968    2.675347    4.848547    5.320475    1.822213    0.616955    0.221632    1.132104    1.193591    0.205951    1.421979    0.152540    1.520805    1.451530    
0.333912    0.740141    0.176229    0.681877    5.361787    4.374656    2.991837    0.747948    4.571037    4.524466    0.613777    0.374825    0.895827    1.181721    1.530052    0.168654    0.103529    0.000000    1.542656    1.428552    
