 5    -1.160313    2.181008    0.038716
-1.271091  0.176137  -0.296216  0.326929  -0.973419  0.227681  -0.819328  0.107223  0.975278  0.081974  
-0.336559  -0.241242  -0.126170  0.893707  0.109677  
 1    -0.907977    0.308850      0.924480   3411.000000      0.390509
 2    -1.013233    0.087469      0.955982   7723.000000      0.972023
 3    -1.115833    0.204891      0.986688   12348.000000      1.644123
 4    -1.119897    0.321479      0.987904   21945.000000      3.253796
 5    -1.143370    0.918466      0.994929   37544.000000      6.399418
 6    -1.146415    0.920386      0.995841   64203.000000     12.971315
 7    -1.155935    0.961879      0.998690   104312.000000     23.758424
 8    -1.159085    0.996563      0.999633   137408.000000     34.169515
 9    -1.159869    0.997896      0.999867   238871.000000     69.129177
10    -1.160266    0.999955      0.999986   403581.000000    131.343867
5.077683    0.765996    
2.764498    2.673441    0.405887    0.430228    
2.976038    3.085899    5.498876    0.592616    0.486300    0.251620    
2.916877    3.044856    6.230907    2.079117    0.560972    0.505423    0.299459    1.468159    
3.315290    4.123627    4.308053    2.722831    3.753581    0.937568    0.304771    0.711477    1.184956    0.404172    
2.726769    3.181815    5.057350    2.733907    3.738813    3.591064    0.742196    0.349292    0.591392    1.118940    0.458073    1.410350    
2.898788    3.612180    4.970899    2.032146    4.003581    3.235167    4.572924    0.735828    0.443424    0.623321    1.159391    0.479354    1.229549    0.214819    
3.076070    3.712661    4.485975    1.425771    4.400309    3.122021    4.393163    3.267294    0.749736    0.463435    0.725462    1.106162    0.465194    1.237268    0.383195    1.403585    
3.390098    3.504353    4.823304    0.834490    4.608806    3.147869    4.036307    4.154734    6.283185    0.713485    0.476681    0.599728    1.230771    0.371156    1.193194    0.499655    1.224523    0.096086    
3.186609    3.784247    4.750198    1.734012    4.974977    3.712102    4.727134    5.831295    6.041869    1.340123    0.642030    0.539060    0.666843    1.078917    0.517638    1.103089    0.428438    1.367100    0.328080    1.360125    
