 5    -3.227660    1.499903    2.083387
0.779165  0.433715  -0.868448  0.416689  -0.606075  0.537735  -1.068886  0.371192  -1.583441  0.551922  
-0.300000  1.000000  1.000000  1.000000  1.000000  
 1    -0.545128    0.014221      0.432576   3039.000000      0.449811
 2    -1.035339    0.260517      0.536268   5990.000000      0.981508
 3    -1.376498    0.380572      0.608432   9925.000000      1.678505
 4    -1.568867    0.456239      0.649123   14509.000000      2.062345
 5    -2.369344    0.741936      0.818444   18883.000000      2.964155
 6    -2.558596    0.784369      0.858476   26486.000000      4.508670
 7    -2.630551    0.809901      0.873696   33778.000000      6.331000
 8    -2.859481    0.886275      0.922121   44347.000000      9.119897
 9    -3.087573    0.956971      0.970368   59376.000000     13.833990
10    -3.177536    0.985680      0.989397   78524.000000     20.057822
0.421888    0.580865    
1.242645    2.221459    0.649105    1.018378    
2.234977    2.403658    4.943049    0.442608    1.143412    1.192101    
2.258545    2.250040    5.058240    4.049456    0.463396    1.192521    1.189496    0.196396    
0.436668    1.427904    4.729193    2.116773    1.238709    1.095798    0.663136    1.236711    1.088401    1.270668    
0.638522    0.900648    2.256672    3.001113    5.296183    2.438535    0.566740    0.738902    0.954999    0.352345    1.107349    1.158062    
0.582304    0.915467    2.270979    2.987596    5.304799    2.466049    5.098120    0.528484    0.717222    0.964095    0.341471    1.056860    1.211123    1.462133    
1.139605    6.283185    2.357156    1.803733    5.013723    6.065791    5.114097    4.664859    0.143858    0.404725    0.667237    1.078840    1.332976    0.346549    1.431523    0.131604    
2.028958    3.462375    1.950383    2.075664    1.537901    1.039452    1.847020    5.177859    3.988209    0.851272    1.170213    1.292302    1.017710    0.193737    0.497944    1.403613    0.309445    1.188570    
0.458275    1.497000    3.727487    2.232665    1.630354    4.749482    6.283185    1.683582    0.870196    6.194429    1.107229    0.822648    1.134100    1.307644    1.424644    1.273294    1.158267    1.102047    0.092128    1.455372    
