 5    -1.861929    2.466779    0.330335
-0.994205  -0.671251  -0.887883  0.195603  1.382997  0.888781  -0.060407  -0.573972  0.071070  -1.079800  
-0.039355  0.447803  -0.269099  -0.338175  -0.102230  
 1    -1.315314    0.350443      0.873723   3081.000000      0.353048
 2    -1.563186    0.513692      0.930986   7394.000000      0.937312
 3    -1.713971    0.700194      0.965819   11083.000000      1.487678
 4    -1.800582    0.832231      0.985828   17713.000000      2.543334
 5    -1.812321    0.859055      0.988540   28823.000000      4.673008
 6    -1.821420    0.901626      0.990642   41662.000000      7.655733
 7    -1.843921    0.960843      0.995840   58394.000000     12.113067
 8    -1.854485    0.987917      0.998280   84492.000000     19.947139
 9    -1.860355    0.998468      0.999636   118095.000000     31.291542
10    -1.861791    0.999914      0.999968   182113.000000     56.643302
5.112980    0.573069    
3.892434    5.080831    0.600564    0.262034    
4.078512    5.054592    6.283185    0.663833    0.390538    0.207536    
3.461219    5.029322    6.283185    6.283185    0.612611    0.420865    0.301340    0.170727    
2.681965    4.466105    5.642123    6.283185    6.078508    0.605201    0.442065    0.310740    0.235834    0.105459    
3.548238    4.978005    5.939884    6.134990    6.283185    6.283185    0.655346    0.456217    0.332043    0.192081    0.111245    0.092844    
3.252599    5.491575    6.283185    6.057352    6.283185    6.283185    5.521847    0.602779    0.472634    0.370290    0.242889    0.013298    0.132483    0.143537    
3.110821    5.069344    6.283185    6.283185    5.685898    6.283185    6.283185    6.283185    0.613154    0.432037    0.348096    0.296883    0.080676    0.046980    0.170513    0.096019    
2.498025    4.410760    5.426030    6.283185    6.098445    6.283185    6.283185    6.283185    6.283185    0.605121    0.446751    0.328458    0.281771    0.201886    0.082865    0.067452    0.135222    0.091667    
2.013664    4.056810    4.995318    6.134669    6.283185    6.283185    6.283185    6.283185    6.126914    6.091398    0.616399    0.479422    0.367944    0.282086    0.225593    0.141378    0.074035    0.089120    0.116243    0.055590    
