 5    -1.242666    1.481747    0.005383
-0.923498  -0.196534  0.260503  -0.102614  -0.289689  0.713549  1.119250  -0.355867  -0.124338  0.141519  
0.123808  0.241253  0.148816  -0.802056  -0.161092  
 1    -0.740369    0.432274      0.815631   3084.000000      0.361666
 2    -0.995505    0.796022      0.909279   7004.000000      0.907575
 3    -1.114446    0.822084      0.952937   12715.000000      1.761065
 4    -1.204385    0.962331      0.985949   19533.000000      3.071554
 5    -1.226668    0.982096      0.994128   31444.000000      5.524055
 6    -1.240593    0.997772      0.999239   47988.000000      9.615396
 7    -1.242444    0.999727      0.999919   77660.000000     17.906196
 8    -1.242638    0.999976      0.999990   137410.000000     35.911456
 9    -1.242654    0.999992      0.999996   164604.000000     45.601227
10    -1.242658    0.999994      0.999997   181499.000000     52.608919
5.143615    0.679461    
3.425816    3.822467    0.508772    0.339153    
3.160494    3.924475    5.609960    0.590794    0.426353    0.220777    
2.577922    3.728816    3.945137    5.096418    0.543567    0.470947    0.254067    0.183764    
1.751935    3.680700    3.980697    4.519895    5.125877    0.613305    0.472897    0.387895    0.215468    0.125992    
1.677404    3.303373    3.799749    4.579595    4.645911    5.447177    0.591878    0.488138    0.387959    0.282521    0.156918    0.085746    
1.292677    2.839816    3.447634    4.011673    4.629604    4.765317    5.154543    0.606828    0.477543    0.423162    0.321359    0.227252    0.121366    0.057283    
1.109059    2.508050    3.226271    3.793689    4.299867    4.730249    4.875202    5.044688    0.604831    0.489959    0.435119    0.361178    0.266274    0.173254    0.088953    0.034021    
0.973274    2.315950    3.108935    3.706803    4.206663    4.683451    4.966489    5.085273    5.664247    0.617460    0.509497    0.454144    0.392666    0.305442    0.212872    0.121957    0.058451    0.014224    
0.929634    2.243834    3.042416    3.639943    4.123660    4.571738    4.825688    5.025125    4.908575    5.897206    0.616523    0.509438    0.455197    0.395234    0.311857    0.218486    0.132887    0.064813    0.020187    0.003157    
