 5    -3.202743    3.076121    0.973198
-1.243488  -2.264139  0.865807  -1.336708  -1.279517  1.240628  -0.033184  -0.820098  1.200778  0.918955  
-0.333255  -0.203337  -0.132249  0.503101  -0.116657  
 1    -1.812722    0.503370      0.778619   3132.000000      0.357207
 2    -2.884241    0.856539      0.949274   7092.000000      0.895385
 3    -3.098733    0.938468      0.983435   12773.000000      1.729195
 4    -3.178077    0.984876      0.996072   19652.000000      2.911312
 5    -3.197195    0.995708      0.999116   30328.000000      4.978646
 6    -3.200617    0.998608      0.999661   57987.000000     11.549464
 7    -3.202250    0.999746      0.999921   103662.000000     24.190235
 8    -3.202490    0.999888      0.999960   125056.000000     31.143064
 9    -3.202662    0.999977      0.999987   174932.000000     47.934916
10    -3.202704    0.999987      0.999994   174165.000000     49.278212
5.424187    0.551198    
4.631213    5.584047    0.604738    0.327329    
3.414990    4.989128    5.775315    0.590205    0.438834    0.206376    
2.964109    4.706985    5.136938    6.088250    0.620303    0.458349    0.329744    0.140548    
2.125176    4.269936    4.789422    5.526543    6.283185    0.613572    0.481467    0.392834    0.240810    0.085944    
2.050749    4.104116    4.706772    5.383343    6.077429    6.283185    0.627407    0.488577    0.411687    0.286832    0.140013    0.038410    
1.799045    3.736685    4.547286    5.188159    5.835762    6.283185    6.283185    0.619965    0.503506    0.435249    0.336050    0.208687    0.091686    0.027208    
1.542037    3.475659    4.455344    5.105201    5.774047    6.283185    6.016895    4.946339    0.627624    0.521473    0.457784    0.372658    0.252367    0.126719    0.043210    0.012634    
1.382824    3.134695    4.049032    4.760749    5.331808    5.907315    6.243835    4.921212    3.385971    0.634386    0.519453    0.463005    0.399529    0.304886    0.190083    0.089400    0.018927    0.016629    
1.351470    3.137434    4.070080    4.807997    5.363182    5.867904    6.072239    5.024329    3.993406    5.974316    0.656007    0.544119    0.485554    0.424457    0.339100    0.227066    0.119460    0.041103    0.028015    0.008338    
