 5    -2.028809    1.921318    0.018946
-1.450948  1.910953  0.711879  -0.247738  0.361466  -0.032950  -0.221347  0.477257  -0.691939  0.792006  
0.465253  0.259174  -0.401918  0.048980  -0.103544  
 1    -1.609514    0.334272      0.893853   3282.000000      0.372940
 2    -1.725795    0.457980      0.923290   7860.000000      0.986188
 3    -1.810984    0.695748      0.944856   12034.000000      1.619142
 4    -1.969044    0.912582      0.984870   19541.000000      2.836633
 5    -2.005913    0.961800      0.994204   28100.000000      4.508370
 6    -2.012146    0.972435      0.995782   43567.000000      7.923025
 7    -2.016526    0.981876      0.996890   70145.000000     15.225967
 8    -2.023812    0.994201      0.998735   127512.000000     33.486330
 9    -2.027893    0.999112      0.999768   180044.000000     52.209692
10    -2.028712    0.999840      0.999975   281933.000000     91.813876
4.847849    0.597787    
3.358022    4.297956    0.576733    0.230229    
4.162542    4.965204    6.283185    0.676612    0.347312    0.192728    
3.737021    5.088476    6.283185    5.537937    0.624892    0.355619    0.311740    0.208574    
2.550435    4.343566    6.283185    6.283185    5.490983    0.578361    0.407228    0.249104    0.280511    0.137036    
2.449557    4.140428    5.465663    6.283185    6.283185    5.997655    0.604456    0.447659    0.300101    0.242619    0.181481    0.084347    
2.684643    4.568132    5.389888    5.527785    6.283185    6.283185    4.842321    0.618829    0.483233    0.349312    0.268691    0.094978    0.140886    0.095777    
2.719415    4.612119    5.987162    5.782098    5.293695    6.283185    6.283185    5.847868    0.597493    0.450519    0.351432    0.336215    0.126607    0.024828    0.125109    0.102391    
2.255416    4.307638    5.566051    6.283185    5.888052    5.493163    6.283185    6.049393    5.516160    0.615276    0.472629    0.344459    0.342623    0.258568    0.064474    0.005482    0.131728    0.097016    
1.784000    3.826224    4.851393    6.015558    5.818217    5.916317    6.283185    6.283185    6.102432    5.965257    0.626832    0.483571    0.370150    0.322718    0.289058    0.161470    0.058805    0.062069    0.105109    0.058038    
