 5    -2.185791    1.663937    0.979606
-0.579335  -0.256799  -1.403429  0.787643  -0.286088  0.092368  0.611031  -0.920969  -0.368623  0.503275  
-0.258536  -0.133310  -0.674999  -0.173784  0.201239  
 1    -1.409885    0.514597      0.798452   3240.000000      0.372833
 2    -1.974373    0.899337      0.945082   7313.000000      0.925658
 3    -2.086940    0.950758      0.974323   12187.000000      1.651358
 4    -2.175745    0.994156      0.997391   19932.000000      2.908677
 5    -2.185128    0.999657      0.999828   31281.000000      5.098064
 6    -2.185650    0.999929      0.999963   58427.000000     11.705766
 7    -2.185747    0.999979      0.999988   76710.000000     16.938573
 8    -2.185749    0.999980      0.999989   93936.000000     22.049881
 9    -2.185760    0.999986      0.999992   105023.000000     25.600022
10    -2.185765    0.999989      0.999993   102016.000000     24.791169
5.510799    0.661193    
3.704434    3.941629    0.525243    0.345227    
2.260884    3.830421    4.058157    0.528253    0.416269    0.220784    
2.215595    3.588452    3.972601    4.420233    0.636318    0.462141    0.313996    0.181287    
1.583053    3.288750    3.682934    4.176933    4.778840    0.612961    0.472318    0.395337    0.229072    0.096151    
1.443819    2.904995    3.487662    3.936344    4.429001    4.829159    0.608523    0.472683    0.405377    0.303227    0.150153    0.052595    
1.253375    2.665325    3.379773    3.862186    4.405817    4.810092    5.497671    0.596919    0.477277    0.421706    0.332003    0.195080    0.080487    0.017416    
1.223612    2.603758    3.329742    3.811113    4.318843    4.736099    5.081481    4.642371    0.593646    0.475139    0.422040    0.336601    0.204087    0.090768    0.022826    0.003748    
1.198455    2.577698    3.251811    3.660206    3.974227    4.224073    4.165860    5.265683    6.179913    0.599679    0.478399    0.418042    0.335334    0.210500    0.107435    0.038537    0.010192    1.568909    
1.248229    2.711709    3.399748    3.856756    4.255189    4.833719    5.557717    2.456711    5.720805    1.997902    0.616244    0.495786    0.430090    0.345124    0.202778    0.091793    0.000000    1.556079    1.562605    1.556501    
