 5    -2.367160    3.404105    0.173139
-0.736260  0.440260  0.731900  0.254316  -1.807715  1.053235  -2.661686  -1.076339  0.484691  0.170791  
-0.300000  1.000000  1.000000  1.000000  1.000000  
 1    -1.122510    0.011272      0.784337   2580.000000      0.319926
 2    -1.802377    0.002676      0.902139   5686.000000      0.732715
 3    -1.834382    0.001643      0.907684   8695.000000      1.182471
 4    -1.875264    0.000819      0.914768   12728.000000      1.837058
 5    -2.000233    0.000356      0.936422   18542.000000      2.904172
 6    -1.989899    0.002157      0.934631   23558.000000      4.118122
 7    -2.125382    0.414050      0.958107   31681.000000      5.919801
 8    -2.042458    0.180076      0.943738   44931.000000      9.758173
 9    -2.252940    0.616015      0.980209   61079.000000     15.370864
10    -2.287116    0.768732      0.986131   86766.000000     26.994094
0.417122    0.543511    
0.369331    0.425950    0.623314    0.338656    
0.382268    0.445896    4.719212    0.617586    0.344349    0.073591    
0.390952    0.427240    4.612006    3.285537    0.617521    0.406466    0.082087    0.090763    
0.337619    0.421079    0.523690    0.632189    3.833448    0.641175    0.451748    0.301318    0.164646    0.029742    
0.331790    0.352243    1.559343    1.305840    1.297909    2.488090    0.612724    0.293107    0.222323    1.368968    0.144910    1.488827    
4.226243    0.326234    3.854150    5.002103    5.168861    2.415303    2.307273    1.352262    1.228702    1.205225    0.332169    0.252646    0.225551    1.537847    
4.659192    0.270996    5.505147    0.500977    3.797628    6.283185    1.794138    0.769040    0.398370    0.938746    0.845361    1.075711    1.306741    0.117913    1.403132    1.514935    
4.416009    3.894801    5.895733    4.243137    3.426291    4.809846    3.098200    0.590071    4.968085    0.981840    1.304928    1.364554    0.136964    0.434824    1.384486    0.281510    1.306628    0.083547    
0.581981    5.660386    2.311897    4.372671    3.098543    6.082473    3.092991    1.693526    0.108794    5.942483    0.792926    0.783879    0.487129    0.509977    1.341055    1.011275    1.187388    0.738449    0.533645    1.485420    
