 5    -4.055787    2.852971    2.423375
-1.945109  0.620710  -0.432221  0.462573  0.020115  -0.392806  2.213288  1.454509  -1.097804  0.429880  
-0.300000  1.000000  1.000000  1.000000  1.000000  
 1    -0.657026    0.179995      0.508050   2541.000000      0.296421
 2    -1.903376    0.513846      0.688452   5786.000000      0.747198
 3    -2.386649    0.599332      0.758403   8451.000000      1.156885
 4    -2.850166    0.673684      0.825494   13588.000000      1.962160
 5    -3.594874    0.888880      0.933286   19174.000000      3.009186
 6    -3.432391    0.830336      0.909767   25979.000000      4.516786
 7    -3.521807    0.850720      0.922710   35249.000000      6.682681
 8    -3.681470    0.907919      0.945820   48221.000000     10.065453
 9    -3.739110    0.921988      0.954163   62859.000000     14.695837
10    -3.932692    0.964649      0.982183   74523.000000     19.806029
6.207864    1.137493    
6.233720    6.283185    1.109068    1.117605    
6.283185    6.283185    5.464209    1.136576    1.100456    0.287602    
4.427861    4.453008    4.448072    5.220185    0.521184    0.768107    1.455445    1.209832    
6.283185    4.105729    2.372861    4.965771    4.907083    1.065201    0.336386    0.944772    0.134016    1.510712    
6.283185    6.135318    5.611574    2.797920    1.992217    4.365095    1.097456    1.024950    0.044426    1.297647    0.205954    1.273842    
5.435379    2.540036    3.401499    2.946576    3.638594    3.945847    4.677418    0.808278    0.667248    0.731447    1.138900    1.347180    0.672066    1.237216    
6.283185    6.130852    5.614223    2.779213    1.880953    4.280487    3.233003    4.414270    1.108656    1.080380    0.111166    1.273626    0.257610    1.270887    1.444001    0.158185    
6.083858    1.845047    3.223080    1.568749    4.586413    3.059455    4.250607    5.292481    1.515734    1.405109    0.537627    1.319764    1.453288    1.258664    1.193749    1.282323    1.239279    1.322228    
6.283185    6.262624    5.448513    5.392873    1.439248    5.935092    2.757505    4.082400    3.733720    3.811989    1.134406    1.221940    0.496136    0.453571    0.554886    0.210961    0.298558    0.311252    1.281824    0.212302    
