 5    -2.263033    2.354343    0.611756
-0.016842  1.193143  0.399772  -1.002405  -1.181365  -0.378506  -0.714387  -0.865035  1.730648  -0.959349  
-0.300000  1.000000  1.000000  1.000000  1.000000  
 1    -0.871729    0.020301      0.698681   2790.000000      0.324680
 2    -1.394219    0.266071      0.811838   5479.000000      0.711143
 3    -1.611409    0.378751      0.858876   9788.000000      1.328358
 4    -1.698211    0.445261      0.877675   12799.000000      1.848333
 5    -1.805464    0.740079      0.900903   18779.000000      2.946723
 6    -1.929171    0.726350      0.927694   26692.000000      4.559275
 7    -2.042346    0.848150      0.952205   36201.000000      7.122361
 8    -2.183947    0.931207      0.982872   48815.000000     10.485594
 9    -2.208594    0.958206      0.988210   60266.000000     14.269246
10    -2.219621    0.966353      0.990598   75150.000000     19.575674
0.434009    0.497354    
2.795711    1.374679    1.139254    0.456334    
2.870061    1.339519    2.086630    1.163737    0.341617    0.215123    
2.853581    1.393077    1.581766    0.428002    1.134762    0.330456    1.410091    0.249151    
0.325453    5.391122    3.288057    5.651328    1.433022    0.904724    0.111802    0.274471    1.291829    1.194253    
0.230215    4.554643    2.317625    5.564004    1.825421    1.494995    0.636873    0.303324    1.387708    0.165209    1.351336    1.213539    
0.448468    4.543223    3.948868    3.823181    1.771596    6.089187    5.054139    0.400582    0.195424    0.247269    0.483904    1.453536    0.000000    0.369169    
0.734138    0.964010    0.867956    2.979674    3.209608    5.963867    0.290983    1.188770    0.391072    0.129604    0.595626    0.093177    1.261256    0.586356    0.607300    0.037462    
0.475307    4.367138    2.235839    4.458979    4.313367    6.150354    0.282605    4.183956    5.269855    0.384155    0.322334    1.130189    0.158498    1.180589    0.463791    1.152320    0.072517    1.529848    
0.744498    0.216124    3.458545    3.726300    3.300811    2.729558    1.937411    3.917942    4.364518    2.569882    0.676755    0.569620    1.269547    1.292381    0.337115    0.418798    1.225137    0.333409    0.217531    0.019822    
