 5    -2.271215    3.414297    0.810716
0.054388  0.066855  -0.313268  -0.714383  0.437518  -1.693630  -1.272009  -1.185710  -1.177596  0.719244  
0.073746  0.358829  0.177010  0.487500  0.113215  
 1    -1.253348    0.402136      0.820972   2940.000000      0.337419
 2    -1.869468    0.694303      0.929338   7343.000000      0.926851
 3    -2.083007    0.844017      0.966897   11342.000000      1.512743
 4    -2.198178    0.929275      0.987154   16643.000000      2.437784
 5    -2.231105    0.958370      0.992945   27221.000000      4.451663
 6    -2.245006    0.973969      0.995390   40822.000000      7.513231
 7    -2.258313    0.991361      0.997731   56472.000000     11.312393
 8    -2.270144    0.999510      0.999812   95073.000000     23.289086
 9    -2.271093    0.999948      0.999979   131542.000000     36.453044
10    -2.271176    0.999984      0.999993   171367.000000     52.324455
5.452571    0.566967    
4.762099    5.677666    0.594752    0.309432    
3.982015    5.635885    6.283185    0.624536    0.405607    0.201940    
3.389880    5.150594    5.985951    6.283185    0.613403    0.443630    0.289085    0.141515    
2.622453    4.707908    5.424163    6.283185    6.283185    0.611528    0.468082    0.344671    0.212794    0.090039    
2.442924    4.513977    5.211883    5.993088    6.283185    6.283185    0.635569    0.485116    0.377795    0.253240    0.141712    0.058894    
2.801115    4.896933    5.567637    6.283185    6.283185    6.283185    6.283185    0.651504    0.510182    0.392415    0.275019    0.151992    0.092690    0.056989    
2.293061    4.356003    5.154550    6.040142    6.283185    6.233454    6.283185    6.249539    0.609698    0.492745    0.410781    0.309228    0.200343    0.114053    0.086496    0.056748    
1.692040    3.746562    4.685094    5.536499    6.116146    6.269036    6.160186    6.098222    6.110486    0.622282    0.499320    0.438611    0.352636    0.258396    0.161005    0.098586    0.076725    0.037700    
1.398166    3.171723    4.220265    5.053904    5.716936    6.078789    6.089163    5.893924    5.918527    6.014263    0.609838    0.493354    0.442235    0.375088    0.292249    0.203168    0.123946    0.084858    0.060764    0.021527    
