 5    -1.961676    2.140587    0.363274
-0.275434  0.009924  0.464788  0.342611  1.134445  -1.210976  -1.443573  -0.759583  0.937481  0.102493  
-0.799996  0.136972  -0.151719  0.274542  0.226540  
 1    -1.028439    0.439935      0.772507   3501.000000      0.396080
 2    -1.804308    0.899083      0.961639   7266.000000      0.912676
 3    -1.916599    0.957123      0.989012   12792.000000      1.724113
 4    -1.953115    0.990544      0.997913   21219.000000      3.147992
 5    -1.960403    0.999147      0.999690   36431.000000      6.159245
 6    -1.961243    0.999535      0.999895   65182.000000     13.178521
 7    -1.961522    0.999901      0.999963   90398.000000     20.442206
 8    -1.961648    0.999982      0.999993   121886.000000     29.768897
 9    -1.961570    0.999946      0.999974   138904.000000     35.682362
10    -1.961665    0.999991      0.999997   171060.000000     48.740851
5.194796    0.708850    
4.073631    4.715041    0.614170    0.370462    
2.724145    3.888113    4.642397    0.549218    0.447249    0.224138    
1.948464    3.757341    3.956777    4.774505    0.624467    0.478529    0.350104    0.164679    
1.640409    3.380312    3.762451    4.276545    4.993257    0.622772    0.480300    0.401773    0.234896    0.081998    
1.368155    2.846559    3.518622    3.982425    4.591885    5.129424    0.620820    0.494128    0.432534    0.337665    0.183416    0.060511    
1.331944    2.846792    3.513254    4.004112    4.591292    5.092347    5.407702    0.621069    0.500691    0.445185    0.358111    0.229336    0.105435    0.030776    
1.029930    2.399206    3.137407    3.710154    4.139743    4.601694    4.986774    5.324623    0.643813    0.533611    0.476940    0.419444    0.334285    0.213371    0.098517    0.026982    
1.268178    2.703986    3.350180    3.463840    1.803669    3.548737    4.986875    5.768972    3.465626    0.609781    0.482718    0.418396    0.254929    0.130308    0.172624    0.065870    0.013396    1.567990    
0.971950    2.275516    3.032319    3.633791    4.077079    4.479206    4.813822    4.931165    4.400615    3.492964    0.648946    0.544582    0.497003    0.447408    0.380597    0.284231    0.172017    0.075787    0.020954    0.006779    
