 5    -2.325207    1.898876    1.287952
-0.934865  0.816632  0.671318  0.859880  0.640418  0.266168  -0.867070  -0.429947  0.784486  0.648298  
-0.356095  -0.261056  0.236230  -0.388543  0.560608  
 1    -0.845026    0.335275      0.649585   2922.000000      0.340391
 2    -1.910978    0.840269      0.901936   6377.000000      0.874944
 3    -1.674583    0.708386      0.845973   12410.000000      1.717251
 4    -1.927262    0.798896      0.905791   16974.000000      2.569465
 5    -1.964647    0.816665      0.914642   22712.000000      3.622000
 6    -2.097787    0.895524      0.946161   31279.000000      5.626818
 7    -2.191618    0.943201      0.968374   43576.000000      8.902664
 8    -2.234580    0.949013      0.978545   71569.000000     17.273809
 9    -2.260768    0.965505      0.984745   97440.000000     25.983569
10    -2.309196    0.993030      0.996209   165769.000000     50.462285
6.283185    0.657389    
6.283185    3.541949    0.024521    0.772787    
4.291954    6.283185    5.324715    0.594464    0.888053    0.808424    
4.560070    6.283185    5.161906    6.283185    0.669817    0.918877    0.961052    1.317340    
4.222730    6.283185    5.171702    6.017734    2.572061    0.641496    0.887683    0.935374    1.570796    1.328216    
4.252205    5.997369    6.283185    5.559907    3.185827    1.805339    0.630458    0.958595    0.836876    1.570796    0.899988    0.601050    
4.304996    6.283185    5.727041    5.317099    5.881670    6.283185    6.283185    0.562449    1.017187    0.980422    1.116824    0.220341    1.570796    1.298151    
4.850937    6.283185    4.624737    6.283185    6.283185    2.382870    5.790786    6.282028    0.698773    0.846701    0.964454    1.204773    0.405727    1.365547    1.570796    1.322755    
4.675126    6.283185    5.347925    6.267340    6.283185    5.769894    5.775108    6.283185    6.283185    0.686560    1.005571    0.971848    1.199623    0.181572    1.570796    1.535630    1.495176    1.420748    
3.691305    6.053059    5.026176    1.936372    6.264510    1.642752    6.179759    5.130285    6.046015    6.283185    0.546689    0.896853    0.350099    1.570796    0.500376    1.547307    1.248273    0.618228    1.248203    1.345338    
