 5    -2.579357    2.550833    1.153121
0.339865  0.191300  -1.140822  0.778411  1.707351  1.008358  -1.292085  -0.473293  0.210802  -0.992069  
0.121748  -0.439559  0.271322  0.332178  -0.069188  
 1    -1.456091    0.395111      0.781048   3036.000000      0.351408
 2    -2.051520    0.634525      0.897112   6906.000000      0.912524
 3    -2.317241    0.834869      0.948907   11525.000000      1.583908
 4    -2.480243    0.925060      0.980680   19478.000000      2.932085
 5    -2.509644    0.947044      0.986411   26152.000000      4.165983
 6    -2.541580    0.976553      0.992636   38314.000000      7.098367
 7    -2.569147    0.996203      0.998010   57807.000000     12.398013
 8    -2.578477    0.999687      0.999828   112222.000000     29.388026
 9    -2.579281    0.999961      0.999985   178088.000000     51.651332
10    -2.579326    0.999987      0.999994   207768.000000     62.121167
4.743203    0.556729    
4.086429    5.042476    0.604406    0.297885    
4.027489    5.318672    6.211169    0.654660    0.393487    0.202082    
3.272680    4.826909    5.876879    6.201721    0.626134    0.435169    0.301241    0.161215    
2.663838    4.559786    5.400431    6.283185    6.283185    0.649980    0.477443    0.347540    0.228601    0.095063    
3.096600    4.456762    5.232630    5.729644    6.283185    6.283185    0.642397    0.467962    0.354905    0.230268    0.131088    0.093920    
3.057973    4.758758    5.487400    5.939282    6.283185    6.283185    5.623358    0.644757    0.479813    0.370520    0.254892    0.120579    0.121501    0.074205    
2.016644    4.013691    4.832783    5.581741    5.712826    6.283185    6.283185    5.740201    0.618051    0.496715    0.401854    0.311223    0.201708    0.115564    0.111770    0.059919    
1.488149    3.325564    4.221935    5.091883    5.579171    5.888033    6.282965    5.543331    5.322350    0.617933    0.492050    0.427492    0.343135    0.263351    0.158928    0.103849    0.090488    0.043264    
1.475149    3.235973    4.110652    4.927400    5.418782    5.600992    5.649894    5.540073    5.606858    5.672428    0.623608    0.497675    0.433246    0.351507    0.268799    0.175486    0.111324    0.094400    0.063256    0.017069    
