 5    -2.597815    3.419773    0.104090
0.709056  0.857144  1.688367  2.164774  -0.970375  1.072576  1.688920  0.015477  -0.012332  0.213066  
-0.300000  1.000000  1.000000  1.000000  1.000000  
 1    -0.943503    0.194084      0.725087   3150.000000      0.532444
 2    -1.316162    0.157049      0.787015   5683.000000      0.906535
 3    -1.686793    0.430521      0.848607   9789.000000      1.764036
 4    -2.037464    0.262473      0.906881   13368.000000      2.053877
 5    -1.977515    0.490254      0.896919   18623.000000      2.854879
 6    -2.279962    0.268100      0.947179   25657.000000      4.299754
 7    -2.347228    0.315214      0.958357   34803.000000      6.486383
 8    -2.381561    0.263646      0.964063   42699.000000      8.841499
 9    -2.494385    0.633123      0.982812   62744.000000     15.025750
10    -2.520333    0.824759      0.987124   77980.000000     20.465066
1.527554    0.966192    
1.529831    4.963385    0.965522    0.309253    
1.452054    4.826747    2.575135    0.852687    0.257645    0.271446    
1.420151    2.428305    4.764479    4.864879    0.734109    0.055386    0.268387    0.438465    
1.886721    2.761624    4.381965    5.772973    4.821168    1.120460    0.161720    0.287575    1.207256    1.506391    
1.091316    3.394429    3.359119    1.545377    1.207003    3.770225    0.912539    0.214548    0.721819    0.283134    0.398224    0.127235    
1.458413    2.333943    4.712686    5.022008    1.968393    3.918530    2.714093    0.737696    0.075101    0.203009    0.520368    1.355934    0.025365    0.172064    
1.501887    2.282772    4.751980    5.084749    2.041093    6.283185    5.174571    3.474193    0.801139    0.038648    0.166374    0.500762    1.326230    0.212501    0.133925    0.119926    
4.360298    5.007981    2.930684    5.932028    6.092233    4.946738    2.777553    2.483275    2.066474    0.475963    0.547199    0.145278    0.784270    0.827611    1.477800    1.152185    0.669041    1.126778    
1.437813    4.742782    2.521286    4.780458    3.215404    5.643093    0.935608    0.629417    5.925591    5.470742    1.377962    0.408716    0.364400    1.315908    1.258091    0.247325    0.424950    1.252131    0.355700    1.135975    
