 5    -1.801680    1.523818    0.186562
1.594854  -0.655138  1.016982  0.369841  -0.070009  -0.682898  -0.254259  -0.672071  0.295525  0.098739  
0.437390  -0.223544  0.138582  -0.365402  -0.107598  
 1    -1.144981    0.469842      0.802526   3510.000000      0.397124
 2    -1.619559    0.786974      0.945235   6761.000000      0.854943
 3    -1.725996    0.914700      0.977241   12603.000000      1.702429
 4    -1.776087    0.971310      0.992304   18325.000000      2.655437
 5    -1.796430    0.984540      0.998421   31826.000000      5.286524
 6    -1.800015    0.993990      0.999500   62920.000000     12.740932
 7    -1.801321    0.999375      0.999892   101007.000000     23.470176
 8    -1.801605    0.999935      0.999978   154595.000000     40.874777
 9    -1.801665    0.999987      0.999996   193665.000000     55.681015
10    -1.801667    0.999989      0.999996   229012.000000     66.454026
5.134202    0.518420    
4.780162    5.765386    0.617164    0.301610    
3.525021    5.216837    5.859580    0.600886    0.446840    0.207823    
3.269909    5.012184    5.566370    6.283185    0.613931    0.464879    0.331292    0.136909    
2.574366    4.591918    5.216541    5.982639    6.283185    0.590164    0.474696    0.370329    0.233490    0.100019    
2.082716    4.230924    4.929338    5.716101    6.283185    6.283185    0.618387    0.489761    0.410145    0.286094    0.164843    0.056422    
1.943470    3.930318    4.740859    5.467932    6.058519    6.283185    6.283185    0.623105    0.502482    0.433660    0.328547    0.207214    0.108530    0.038310    
1.648611    3.543987    4.453883    5.190834    5.810138    6.219077    5.917249    5.361777    0.617820    0.504339    0.449163    0.362719    0.251494    0.142521    0.064864    0.023306    
1.325836    3.021057    4.074364    4.870447    5.500324    6.012064    6.008546    5.091182    5.435538    0.617348    0.511889    0.466208    0.402548    0.307866    0.197708    0.100974    0.046818    0.019037    
1.345716    3.077932    4.089662    4.854571    5.435325    5.850807    5.643667    4.627096    5.280963    4.918070    0.626105    0.516574    0.466372    0.401074    0.306025    0.195982    0.098794    0.052821    0.025488    0.002719    
