 5    -1.722087    1.569057    0.196999
1.415251  0.219463  -0.718165  -0.944054  -0.116164  0.462922  0.910378  -0.360768  -0.283324  0.908532  
-0.438441  0.298559  -0.024835  -0.546145  -0.019941  
 1    -1.138571    0.278111      0.822701   3726.000000      0.422391
 2    -1.218691    0.342647      0.847045   7556.000000      0.956230
 3    -1.268519    0.439772      0.862186   12013.000000      1.611638
 4    -1.401078    0.646689      0.902463   19312.000000      2.808540
 5    -1.506909    0.779026      0.934619   27895.000000      4.464228
 6    -1.594098    0.887090      0.961111   36494.000000      6.492101
 7    -1.644600    0.926493      0.976456   53252.000000     10.804195
 8    -1.683170    0.920204      0.988175   79467.000000     18.773135
 9    -1.689148    0.922512      0.989992   136284.000000     39.029952
10    -1.694030    0.931315      0.991475   171410.000000     51.649329
4.898635    0.626675    
3.204120    4.907405    0.636833    0.267564    
3.990821    5.167325    6.283185    0.709370    0.371771    0.187512    
4.287691    6.283185    6.283185    5.238031    0.548621    0.171630    0.310923    0.250995    
4.429464    6.283185    6.283185    5.107318    5.800790    0.623859    0.000000    0.156701    0.372285    0.215697    
4.701332    6.283185    6.283185    5.307620    6.283185    5.739574    0.659030    0.000000    0.010702    0.264349    0.326764    0.204916    
4.800531    6.283185    6.283185    6.283185    6.283185    5.024536    5.664395    0.655097    0.000000    0.000000    0.022314    0.183626    0.358712    0.203454    
4.241979    5.556668    5.555391    5.555099    6.283185    6.283185    5.918387    5.910779    0.633537    0.000000    0.000000    0.139653    0.000000    0.162679    0.329837    0.186210    
2.963149    4.567930    6.283185    6.283185    6.283185    6.283185    6.283185    6.283185    5.960401    0.605165    0.293572    0.107129    0.154454    0.076960    0.019765    0.139903    0.258741    0.131032    
2.874227    4.648575    6.283185    6.283185    6.283185    6.283185    6.283185    6.283185    6.073806    6.118321    0.598242    0.356781    0.155560    0.136984    0.155608    0.120259    0.000000    0.094671    0.204330    0.109839    
