 5    -5.033599    3.172425    2.471475
0.883490  -0.457785  -0.092110  -1.329808  3.064264  2.017759  0.917338  -1.485646  0.912503  -1.919773  
-0.300000  1.000000  1.000000  1.000000  1.000000  
 1    -1.806843    0.433183      0.606782   3276.000000      0.375405
 2    -2.166979    0.403752      0.650669   5566.000000      0.708207
 3    -3.065938    0.612350      0.760217   9077.000000      1.223124
 4    -3.741433    0.737151      0.842534   13631.000000      1.971779
 5    -4.001227    0.812458      0.874193   18912.000000      3.031240
 6    -4.196782    0.817324      0.898024   24623.000000      4.189236
 7    -4.479576    0.872806      0.932486   33940.000000      6.399532
 8    -4.642991    0.903553      0.952400   43867.000000      9.345507
 9    -4.795350    0.945713      0.970967   58251.000000     13.827001
10    -4.866635    0.961338      0.979653   77179.000000     20.938551
5.304548    0.842997    
2.810307    1.475240    0.481939    1.214680    
5.417884    4.125375    4.309753    1.073589    0.352468    0.419893    
5.460865    4.048711    4.363697    2.316495    1.052288    0.488140    0.530222    1.273772    
5.246063    5.230653    2.730828    2.387069    4.911620    0.848170    0.273009    0.128778    1.002584    0.431448    
5.587543    6.217535    1.129356    3.262429    5.297690    6.283185    1.009662    0.359276    0.455372    0.311410    0.297341    0.181716    
5.396690    6.187341    5.932114    3.004966    5.811798    3.409223    4.035646    0.585055    0.183106    0.148207    0.443068    0.565181    0.206224    1.401802    
4.946432    0.718112    2.373860    4.976569    5.629397    1.067868    5.239837    4.774864    0.915977    0.836274    0.222003    0.932665    0.082288    1.402541    0.634624    1.427365    
5.542765    1.758708    4.612903    2.368168    1.994100    5.503566    1.688411    5.229316    2.789013    0.938097    0.532255    0.826678    1.253673    1.104306    0.299018    0.388274    1.328677    0.145584    
2.270708    1.448448    5.553174    4.613476    1.861405    4.597395    5.835955    2.449406    4.782444    6.215150    0.102025    0.900170    1.359946    1.153505    0.347685    0.496079    0.165626    0.379498    1.339176    0.152763    
