 5    -2.478062    2.157965    1.277414
0.458901  1.173661  0.398716  1.044500  0.584015  0.653871  1.328473  -0.097377  -0.441175  -0.278228  
-0.130799  -0.463778  0.179563  0.109816  0.447207  
 1    -1.349508    0.483949      0.756569   3405.000000      0.392228
 2    -2.212229    0.861631      0.942659   7225.000000      0.927077
 3    -2.399053    0.961250      0.982958   12759.000000      1.803355
 4    -2.458982    0.991736      0.995885   20184.000000      3.095728
 5    -2.475057    0.998708      0.999352   29672.000000      5.040855
 6    -2.477458    0.999729      0.999870   65530.000000     14.026572
 7    -2.477729    0.999850      0.999928   114105.000000     26.562270
 8    -2.477963    0.999949      0.999979   146992.000000     36.928663
 9    -2.478033    0.999987      0.999994   200159.000000     55.375422
10    -2.478051    0.999996      0.999998   221074.000000     63.024692
5.532988    0.579771    
4.934659    5.674757    0.610939    0.331548    
3.692923    5.044878    5.661377    0.579495    0.426299    0.202461    
2.837494    4.770268    5.301007    6.140014    0.602480    0.465245    0.323898    0.129710    
2.144323    4.308899    4.883366    5.638070    6.283185    0.629228    0.484702    0.392303    0.235479    0.079745    
1.831184    3.709463    4.496480    5.120775    5.790741    6.283185    0.626373    0.485711    0.418018    0.305156    0.161225    0.050495    
1.530737    3.255241    4.218785    4.833980    5.338182    5.633501    5.478423    0.614519    0.492930    0.432926    0.342964    0.211149    0.091629    0.026225    
1.281618    2.958406    3.808967    4.485086    4.919820    5.377617    5.896542    6.153279    0.646568    0.527512    0.456277    0.390613    0.297140    0.182916    0.084893    0.022138    
1.277083    2.815221    3.622777    4.363729    4.926536    5.460666    5.980558    6.205463    6.043083    0.629410    0.511143    0.460143    0.408114    0.336402    0.234812    0.130191    0.052856    0.013161    
1.276897    2.817388    3.700392    4.464508    5.035140    5.485679    5.657249    5.072437    4.956904    5.782607    0.623674    0.510864    0.469128    0.419318    0.347186    0.248458    0.143847    0.069653    0.040226    0.012687    
