 5    -2.677453    2.943631    0.942704
0.993539  -0.758112  -0.351157  0.938245  -1.000467  -1.201973  2.034609  0.008307  0.258243  0.446007  
-0.300000  1.000000  1.000000  1.000000  1.000000  
 1    -0.372848    0.024380      0.590007   2904.000000      0.487337
 2    -1.099377    0.271329      0.719258   5798.000000      0.896424
 3    -1.404234    0.453646      0.773492   9150.000000      1.272226
 4    -1.761439    0.642403      0.837040   13181.000000      1.893203
 5    -1.779339    0.519800      0.840224   17131.000000      2.640485
 6    -2.118576    0.759925      0.900575   24671.000000      4.190960
 7    -2.252135    0.797646      0.924335   32132.000000      6.018150
 8    -2.474457    0.910604      0.963887   44473.000000      9.307159
 9    -2.613234    0.965885      0.988575   59622.000000     14.021996
10    -2.624419    0.973386      0.990565   75276.000000     19.431322
4.856707    0.549849    
4.269242    4.392132    0.322531    0.583648    
4.234519    4.381351    1.245605    0.439690    0.685799    0.262152    
5.688226    5.655312    0.608144    2.440082    1.013886    0.547774    0.515055    0.389304    
4.845834    2.998224    5.767889    1.111871    3.371046    0.632331    0.944725    0.222354    1.246694    0.182259    
4.040874    4.387482    1.360926    2.098718    4.176932    2.814824    0.392014    0.554174    0.287073    1.277873    1.274933    0.298299    
5.078432    3.265307    3.621928    2.716534    2.318630    5.563781    0.820682    0.017308    0.578402    1.359121    0.238731    1.250162    1.320779    0.131566    
5.189054    3.067857    5.852426    0.937391    6.283181    3.851093    1.718105    4.144672    1.183236    1.075960    0.324608    1.474742    0.000000    0.483316    0.191506    0.390441    
4.127296    4.388253    1.767516    6.283185    0.329208    1.456054    5.753336    2.430611    0.839787    0.785946    0.493205    0.463011    1.350411    1.187152    1.213747    0.269467    1.447025    1.366507    
4.877901    3.048658    4.922481    0.679501    1.740457    4.349577    5.091714    4.291833    5.045769    2.025029    0.297636    0.931234    0.543213    1.228243    1.336266    1.454756    0.310196    0.193873    0.146159    1.486595    
