 5    -4.307064    2.540182    1.331707
1.044560  -1.449536  0.588023  1.842537  1.549008  -0.023531  -0.878637  1.253610  1.377716  0.376270  
0.428757  -0.196382  0.301765  -0.121035  -0.537555  
 1    -2.544599    0.546131      0.742602   2910.000000      0.334641
 2    -4.017960    0.887844      0.957778   6647.000000      0.848812
 3    -4.253344    0.972380      0.992154   11859.000000      1.612657
 4    -4.286471    0.989110      0.996993   21675.000000      3.244187
 5    -4.302984    0.998585      0.999404   32567.000000      5.538655
 6    -4.306646    0.999898      0.999939   62692.000000     12.725526
 7    -4.306954    0.999971      0.999984   101116.000000     23.159598
 8    -4.307022    0.999991      0.999994   135293.000000     34.172137
 9    -4.307037    0.999994      0.999996   143458.000000     37.517020
10    -4.307039    0.999995      0.999996   158443.000000     43.654056
4.004956    0.543481    
3.715748    4.308296    0.649303    0.333924    
2.680382    3.599351    4.224243    0.596617    0.453176    0.210406    
1.901476    3.308586    3.683547    4.354749    0.601524    0.479948    0.357106    0.137686    
1.714184    3.242608    3.678312    4.370659    5.234576    0.628959    0.501398    0.407857    0.242276    0.074752    
1.355496    2.815167    3.438614    3.966376    4.655690    5.309371    0.634082    0.518024    0.455585    0.340867    0.190344    0.059079    
1.032086    2.360007    3.076460    3.578408    4.036317    4.526963    4.957166    0.633146    0.522545    0.468998    0.392998    0.269052    0.137750    0.042814    
0.944452    2.221389    2.969313    3.544402    3.991078    4.478174    4.931824    5.140637    0.650470    0.544837    0.491593    0.430938    0.328056    0.195718    0.083564    0.017583    
0.948578    2.186345    2.899649    3.459086    3.862908    4.236255    4.378183    3.908394    4.147258    0.645724    0.537226    0.486283    0.427064    0.329911    0.203289    0.092199    0.032644    0.009061    
1.019004    2.286379    2.947537    3.462574    3.857311    4.271662    4.740000    5.037473    2.857499    6.248554    0.648908    0.532170    0.476401    0.412862    0.311364    0.187911    0.084694    0.019188    1.570748    0.000043    
