 5    -1.564781    0.903420    0.449752
0.522022  0.069947  0.869230  0.424554  -0.220960  -0.632086  -0.455699  -0.681874  0.387163  -0.009748  
0.244282  -0.170466  -0.710156  -0.177653  -0.193868  
 1    -1.046757    0.506581      0.790121   3144.000000      0.359483
 2    -1.422077    0.899678      0.942183   6806.000000      0.884233
 3    -1.498511    0.946869      0.973150   12662.000000      1.702539
 4    -1.559644    0.993815      0.997919   18245.000000      2.666153
 5    -1.564312    0.999243      0.999810   30136.000000      5.034978
 6    -1.564710    0.999935      0.999971   51582.000000     10.417151
 7    -1.564763    0.999989      0.999993   80197.000000     18.246902
 8    -1.564769    0.999992      0.999995   96292.000000     23.444933
 9    -1.564763    0.999990      0.999993   96960.000000     23.990122
10    -1.564769    0.999992      0.999995   109878.000000     27.816042
5.158686    0.684665    
3.340102    3.580360    0.519999    0.355710    
2.094344    3.477747    3.799323    0.528063    0.421265    0.217181    
1.999583    3.250712    3.609469    3.985609    0.646309    0.458962    0.318421    0.186280    
1.454130    2.958306    3.336946    3.806125    4.301270    0.607542    0.471544    0.393050    0.230185    0.096132    
1.341903    2.725861    3.256374    3.686511    4.142200    4.557817    0.616292    0.485452    0.414082    0.313675    0.157495    0.059871    
1.082874    2.303828    2.965814    3.404636    3.813928    4.221694    4.340260    0.588049    0.473466    0.422017    0.342676    0.221700    0.100727    0.031388    
1.043020    2.256180    2.847726    3.216977    3.520953    3.964123    4.159782    5.147753    0.599027    0.478510    0.416454    0.346140    0.243486    0.136454    0.058100    0.013004    
1.045703    2.295511    2.963449    3.352363    3.606444    3.499681    3.175406    3.752219    5.735172    0.594701    0.482763    0.425289    0.343524    0.218081    0.101619    0.050252    0.017903    1.570765    
1.076279    2.406772    3.049266    3.463093    3.800188    4.262740    4.386333    2.580770    4.928714    1.984135    0.616777    0.497904    0.431772    0.349953    0.208653    0.099771    0.001112    1.554697    1.564675    1.550800    
