 5    -5.033599    3.172425    2.471475
0.883490  -0.457785  -0.092110  -1.329808  3.064264  2.017759  0.917338  -1.485646  0.912503  -1.919773  
0.130650  -0.095826  0.800000  0.094199  0.137424  
 1    -2.759000    0.479791      0.722813   2934.000000      0.348483
 2    -4.502335    0.905344      0.935259   6859.000000      0.894117
 3    -4.824451    0.963794      0.974513   11910.000000      1.670664
 4    -5.028418    0.998853      0.999369   20152.000000      3.045833
 5    -5.032822    0.999794      0.999905   30080.000000      4.998860
 6    -5.033471    0.999957      0.999984   39302.000000      7.050180
 7    -5.033583    0.999997      0.999998   53064.000000     10.807796
 8    -5.033583    0.999997      0.999998   61051.000000     13.299751
 9    -5.033585    0.999997      0.999998   64360.000000     14.279575
10    -5.033584    0.999997      0.999998   63594.000000     14.340610
6.283185    0.596273    
6.010429    5.618272    0.468955    0.346034    
2.959038    6.140758    5.387928    0.465456    0.377761    0.242689    
3.041255    5.334594    6.283185    6.108148    0.650975    0.440547    0.292687    0.217774    
2.613210    4.828963    5.544423    6.283185    6.283185    0.599288    0.446838    0.336851    0.224469    0.090597    
2.304079    4.633213    5.296121    5.820638    6.272369    5.418546    0.587427    0.447105    0.364656    0.238686    0.121868    0.041599    
2.162250    4.568002    5.437085    5.999023    5.864019    5.422276    5.471675    0.604653    0.479522    0.390673    0.293700    0.152664    0.061049    0.053701    
2.136076    4.532882    5.448791    6.080799    6.196161    5.140089    3.261530    3.219713    0.602819    0.479146    0.393319    0.299860    0.154387    0.037067    0.040883    0.024292    
2.124821    4.521247    5.465447    6.117511    6.230428    5.162069    4.413518    6.012500    1.641731    0.603538    0.482059    0.396466    0.305586    0.158325    0.045407    0.058194    0.008983    1.570174    
2.142673    4.552558    5.464722    6.095243    6.172945    5.144773    4.109950    3.357956    3.868369    0.154707    0.604579    0.481288    0.394606    0.301593    0.154248    0.043452    0.050530    0.012544    0.000028    0.000013    
