 5    -2.265862    3.125811    1.294050
1.228264  -0.961592  -1.375194  -0.666736  -0.408250  -0.159367  -1.010143  -0.272901  1.148510  0.304371  
-0.278846  0.308532  -0.233124  -0.181437  0.347148  
 1    -1.347964    0.608035      0.829756   3045.000000      0.363496
 2    -2.155775    0.952899      0.979582   7021.000000      0.878196
 3    -2.251661    0.993129      0.997366   13201.000000      1.780308
 4    -2.263042    0.998436      0.999477   22279.000000      3.344940
 5    -2.265283    0.999703      0.999893   39759.000000      7.021090
 6    -2.265283    0.999704      0.999893   42298.000000      7.645789
 7    -2.265327    0.999729      0.999901   52862.000000     10.203396
 8    -2.265816    0.999975      0.999991   66859.000000     14.432914
 9    -2.265778    0.999960      0.999984   82198.000000     20.277584
10    -2.265437    0.999793      0.999921   93534.000000     25.114454
5.430119    0.537902    
5.093947    5.823942    0.702762    0.378554    
2.960380    4.580188    5.376954    0.603671    0.507150    0.251688    
2.052808    4.055055    4.352471    5.118874    0.615761    0.500262    0.382668    0.160771    
1.913912    3.778771    4.256711    4.928172    5.941729    0.610585    0.495632    0.415649    0.238954    0.059208    
1.914544    3.783659    4.258054    4.930517    5.936664    4.876054    0.611006    0.495895    0.415704    0.239248    0.059777    0.000593    
1.855343    3.759190    4.218060    5.016948    6.073555    2.354046    4.473147    0.606197    0.489770    0.409263    0.207487    0.000064    1.570796    1.541431    
1.285971    2.819862    3.608586    4.241392    4.676114    5.252610    6.010909    5.680871    0.658862    0.547249    0.491942    0.430349    0.329809    0.180645    0.050615    0.001209    
1.541597    3.262115    4.011135    4.546814    5.578745    1.373308    2.264957    6.206439    5.156716    0.627990    0.501917    0.448558    0.321252    0.261663    1.399968    0.082962    0.002339    0.001857    
1.877749    3.782519    4.270708    5.135771    5.595523    4.477801    3.718921    4.574275    4.479658    3.891204    0.608211    0.493474    0.413321    0.213317    0.000000    0.000000    1.529271    0.000799    1.558387    0.004781    
