 5    -2.688966    2.831876    0.408955
-0.865377  -0.906804  -0.216282  -1.436207  -1.287836  0.000968  0.262022  -0.588278  -0.086633  2.495468  
0.434718  0.453000  0.355635  0.493292  -0.697230  
 1    -1.837986    0.593566      0.845860   3180.000000      0.362584
 2    -1.942633    0.524110      0.864815   9134.000000      1.151091
 3    -1.971544    0.482541      0.870052   13291.000000      1.765614
 4    -2.171787    0.633950      0.906322   18604.000000      2.676729
 5    -2.439353    0.771965      0.954787   31012.000000      5.118574
 6    -2.522444    0.839712      0.969838   42048.000000      7.579604
 7    -2.531863    0.866453      0.971544   65559.000000     13.851564
 8    -2.569430    0.902011      0.978348   85886.000000     19.979036
 9    -2.631503    0.947957      0.989592   127762.000000     34.676454
10    -2.663970    0.982659      0.995472   197336.000000     62.327236
4.951323    0.776091    
1.485733    2.950095    1.444341    0.734762    
1.464671    2.947007    4.817967    1.414791    0.701268    0.099645    
4.548007    5.598753    6.283185    3.682533    0.614617    0.116875    1.152404    0.114328    
1.175855    3.225100    6.283185    1.822630    6.283185    1.472382    0.576168    0.505618    1.236449    1.162246    
1.213889    3.440860    6.283185    2.200872    6.283185    1.553149    1.491126    0.558185    0.457457    1.276565    1.042107    0.238080    
1.293322    3.407500    6.283185    2.180617    6.283185    0.829707    1.363101    1.490234    0.555317    0.435171    1.287861    0.957807    0.202650    0.133136    
4.579305    6.283185    6.283185    2.863810    2.258135    2.383232    2.049354    1.675517    0.625906    0.097179    1.399613    0.411551    0.975042    0.603856    1.471285    0.136869    
1.677602    2.875940    6.283185    2.503662    5.119211    2.000476    1.594043    5.584083    3.964247    1.439873    0.666489    0.362498    1.398572    0.122530    0.809375    0.216521    0.418466    1.216499    
5.129379    0.885511    6.283185    0.340200    1.806708    2.605051    4.404120    6.283185    6.283185    0.884982    0.670053    1.484103    0.728747    1.202188    1.570796    0.929110    0.390138    0.981312    0.160068    0.271403    
