 5    -1.884803    2.933807    0.185805
0.277660  1.805239  -0.840097  -0.895218  0.561813  -0.478703  0.312600  -1.203183  -1.609399  -0.798519  
0.025369  0.026718  -0.467347  -0.295330  -0.440995  
 1    -1.603505    0.249442      0.941623   3945.000000      0.449455
 2    -1.640882    0.257215      0.949379   8659.000000      1.094681
 3    -1.676136    0.251867      0.956696   15909.000000      2.212612
 4    -1.703462    0.228624      0.962367   24201.000000      3.597934
 5    -1.714387    0.195178      0.964634   34880.000000      5.828751
 6    -1.718650    0.155828      0.965519   46080.000000      8.466830
 7    -1.720456    0.211174      0.965893   55793.000000     11.170378
 8    -1.746545    0.388221      0.971308   99404.000000     24.848136
 9    -1.750365    0.416603      0.972100   172547.000000     50.604207
10    -1.756430    0.478422      0.973359   207763.000000     66.794333
4.615447    0.664127    
2.886259    4.022297    0.608536    0.231933    
5.158625    6.283185    6.031687    0.672447    0.190867    0.265871    
3.553746    6.283185    6.283185    4.849938    0.573981    0.181707    0.350324    0.193762    
3.769970    6.283185    6.283185    4.460926    4.880904    0.595374    0.000000    0.246664    0.309358    0.176422    
4.089066    6.283185    6.283185    3.136570    5.974771    5.165386    0.639080    0.000000    0.000653    0.234505    0.312828    0.171562    
3.898490    6.283185    6.283185    6.283185    5.772627    4.226432    6.199561    0.651818    0.000000    0.000000    0.165711    0.489284    0.119592    1.332540    
3.759690    3.932847    6.283185    5.667044    5.666857    6.283185    1.423346    6.283185    0.579118    0.000000    0.095926    0.000000    0.960916    0.249812    0.589467    1.125911    
3.700589    3.003239    6.054333    5.724074    5.457764    6.283185    0.887181    6.283185    6.283185    0.633602    0.000000    0.000000    0.163551    1.317534    0.561507    0.327270    0.911710    1.258402    
4.391769    2.759059    6.283185    6.283185    6.283185    6.283185    2.481450    6.283185    6.283185    3.163385    0.608981    0.114180    0.000000    0.001364    1.468901    0.606564    0.350221    1.043201    1.291758    1.363339    
