 5    -3.024046    2.308534    0.391275
-1.708201  -0.685090  0.474089  1.287810  -0.074869  0.118065  0.501762  1.971941  -1.543012  1.101359  
-0.300000  1.000000  1.000000  1.000000  1.000000  
 1    -0.440927    0.158518      0.515597   2874.000000      0.349009
 2    -1.269705    0.337082      0.671015   6088.000000      0.803884
 3    -1.800863    0.382887      0.770621   9625.000000      1.329885
 4    -1.950421    0.432571      0.798667   14997.000000      2.175188
 5    -2.495189    0.721402      0.900825   20261.000000      3.175460
 6    -2.541475    0.557683      0.909505   26371.000000      4.469086
 7    -2.755372    0.894161      0.949617   36689.000000      7.011029
 8    -2.854171    0.850619      0.968144   52283.000000     11.388849
 9    -2.927792    0.908439      0.981950   66675.000000     15.901430
10    -2.959493    0.956727      0.987895   93025.000000     24.907290
0.321525    1.249018    
6.072391    1.719742    1.246496    0.520646    
1.326395    4.920539    1.545713    1.326952    1.245701    0.528405    
1.327741    4.776506    1.844043    5.379578    1.315695    1.321712    0.522120    0.222147    
5.806495    2.151876    0.852517    5.627131    0.990821    1.050897    0.609254    0.901428    0.178493    1.263101    
6.027392    1.855590    1.142142    5.161259    2.170276    2.746714    1.148516    0.358397    1.230706    0.195487    1.327756    1.453510    
5.619600    2.513169    0.978806    5.343957    4.892997    3.812829    4.883756    1.354228    0.657180    0.858543    0.460339    1.470235    0.200807    0.384455    
5.548580    2.039603    1.144383    4.984297    2.285719    3.265454    2.797566    3.633758    0.926131    0.805993    1.135150    0.281309    1.393027    1.459988    0.348573    0.121484    
5.531509    2.151177    1.197428    5.025928    2.152672    3.352575    2.783349    3.636747    4.532110    0.947605    0.892000    1.105481    0.284423    1.495969    1.499652    0.389707    0.153037    1.450309    
5.881611    3.015659    5.689649    1.576452    5.797459    0.764997    4.559416    1.124514    5.301887    2.527839    1.382535    0.608643    0.136259    1.104277    1.127659    0.483488    1.235644    1.521423    1.346516    1.461879    
