 5    -2.631784    2.762600    0.328009
0.238444  0.083739  -0.285309  0.820320  2.772535  1.922071  0.717749  0.194126  -1.362224  1.075911  
0.039799  0.438091  -0.331274  -0.006262  -0.478346  
 1    -2.103969    0.274404      0.902155   3255.000000      0.378109
 2    -2.253148    0.333477      0.929809   7739.000000      0.981718
 3    -2.294742    0.388974      0.937520   13210.000000      1.843315
 4    -2.411968    0.505840      0.959251   19813.000000      3.121033
 5    -2.502942    0.626282      0.976116   31417.000000      5.291943
 6    -2.517604    0.665155      0.978834   42604.000000      8.114411
 7    -2.523320    0.673473      0.979893   89642.000000     21.759528
 8    -2.526047    0.681428      0.980399   132132.000000     33.827783
 9    -2.530308    0.694170      0.981189   183048.000000     50.717280
10    -2.536198    0.714319      0.982280   245053.000000     74.827667
4.951800    0.603004    
3.266851    4.928249    0.618867    0.263127    
3.366979    4.996785    6.283185    0.654234    0.384399    0.137072    
3.486967    5.452255    6.283185    6.222482    0.641941    0.405404    0.300704    0.218411    
4.087514    6.283185    6.283185    4.820699    5.522004    0.597621    0.000000    0.119378    0.366816    0.208059    
4.380373    6.274472    6.274800    4.541877    6.283185    6.283121    0.635124    0.000000    0.000000    0.313340    0.289316    0.135786    
2.596504    4.498002    6.283185    6.283185    5.478289    6.283185    5.913793    0.571467    0.349080    0.115807    0.129290    0.194552    0.218618    0.112682    
2.825291    5.106963    6.283185    6.283185    6.283185    6.283185    5.696512    5.744063    0.634362    0.453789    0.289968    0.178483    0.020957    0.134649    0.210892    0.093380    
2.660741    4.718592    6.283185    6.218117    5.619720    6.283185    6.283185    6.283185    6.283185    0.588913    0.378079    0.252453    0.290164    0.170907    0.000000    0.059387    0.167369    0.097800    
3.798678    6.283185    6.283185    5.085487    5.460637    6.283185    6.283185    6.253669    5.948282    6.198072    0.567860    0.003680    0.185569    0.422364    0.283008    0.000000    1.424405    0.019375    0.229485    0.115375    
