 5    -1.801680    1.523818    0.186562
1.594854  -0.655138  1.016982  0.369841  -0.070009  -0.682898  -0.254259  -0.672071  0.295525  0.098739  
-0.300000  1.000000  1.000000  1.000000  1.000000  
 1    -0.606066    0.003717      0.640471   2655.000000      0.309345
 2    -1.116011    0.013009      0.793815   5341.000000      0.695532
 3    -1.359551    0.010764      0.867049   9242.000000      1.260274
 4    -1.386764    0.000251      0.875232   12876.000000      1.876277
 5    -1.598442    0.001487      0.938885   17748.000000      2.725585
 6    -1.611354    0.000153      0.942768   24466.000000      4.123918
 7    -1.612021    0.000034      0.942968   33741.000000      6.438110
 8    -1.613605    0.000067      0.943445   46850.000000     10.288171
 9    -1.627579    0.667346      0.947647   62531.000000     15.654359
10    -1.760115    0.938463      0.987501   87006.000000     26.151630
0.418052    0.532711    
0.393318    0.487384    0.650236    0.380619    
0.392995    0.464504    0.591739    0.657894    0.455719    0.218125    
0.374681    1.645124    1.128964    4.228424    0.715946    0.453601    1.315085    1.485508    
0.346116    0.419894    0.528054    0.613050    2.214615    0.622849    0.448597    0.292166    0.211086    1.519331    
0.237231    0.406414    0.478785    0.595426    0.569486    5.002993    0.627425    0.498999    0.353026    0.269296    0.141857    0.016472    
0.206134    0.395458    0.452013    0.563020    0.574734    3.360561    2.856158    0.628168    0.514453    0.383779    0.274366    0.182024    1.541041    1.536971    
0.201583    0.395872    0.412161    2.301219    0.620060    1.225869    2.356778    0.623986    0.642575    0.474071    0.267674    1.442473    1.403158    0.083200    1.483707    1.490275    
4.107491    5.050018    1.802538    3.839279    1.497130    3.384098    3.073426    5.861611    1.969754    0.585250    0.848888    0.000000    0.444407    0.324634    0.296318    1.276826    0.369506    0.064436    
1.602494    2.832248    5.166037    5.238722    4.251758    1.136313    1.673428    2.187568    0.805788    5.706463    0.895818    0.409158    0.187501    1.133979    1.400756    1.003687    1.053114    1.419539    1.487935    0.158142    
