 5    -3.466212    4.216375    1.666950
-1.416842  1.141139  -0.062071  0.221127  -1.024472  -0.338375  2.052339  -0.303012  -1.444028  -2.597116  
-0.305327  -0.197246  0.164913  -0.799962  0.168755  
 1    -1.786900    0.421396      0.781413   3726.000000      0.420584
 2    -1.974947    0.425271      0.805890   6876.000000      0.866605
 3    -2.944563    0.842275      0.932100   12025.000000      1.604864
 4    -3.307174    0.949560      0.979299   17392.000000      2.496756
 5    -3.414785    0.982902      0.993306   26853.000000      4.305912
 6    -3.425086    0.986919      0.994647   49338.000000      9.705304
 7    -3.457093    0.997363      0.998813   76034.000000     16.987000
 8    -3.458988    0.997831      0.999060   115260.000000     29.657399
 9    -3.428345    0.988418      0.995071   115368.000000     30.585069
10    -3.429626    0.988589      0.995238   132210.000000     38.188086
5.595677    0.907065    
5.548110    6.008165    0.858590    0.148640    
4.402355    6.283185    3.336937    0.760453    0.384618    1.193205    
3.478551    6.283185    3.386702    3.857123    0.679202    0.442311    1.006796    0.255472    
3.345602    6.283185    3.188598    4.343913    5.402465    0.680373    0.465799    0.868737    0.445780    1.367728    
3.017559    6.283185    3.183816    4.558873    5.550801    5.767832    0.672024    0.496101    0.806367    0.531644    1.230554    0.090139    
1.725153    3.567337    3.173974    1.993609    4.615837    3.469586    3.784512    0.657201    0.446123    0.689644    1.178459    0.553793    1.120333    0.148043    
1.526550    3.644469    2.942722    1.586392    4.921608    3.334164    4.650375    3.114864    0.683287    0.468200    0.790201    1.074303    0.590988    1.054724    0.243669    1.499719    
2.948774    6.283185    3.243626    4.610757    5.839554    6.282722    5.035834    4.496147    5.994789    0.673716    0.500743    0.809914    0.531718    1.234321    0.095832    1.570796    1.570796    1.547710    
2.962091    6.283185    3.276585    4.576017    5.878441    6.283185    5.022418    5.069432    5.994626    5.479902    0.670335    0.497467    0.822342    0.519216    1.253043    0.109676    1.550171    1.570796    1.570796    1.545251    
