 5    -2.588137    3.163287    0.898975
-0.000432  -1.841434  -0.203556  -0.624784  -1.219408  -1.390574  -1.150531  0.491366  0.054424  0.097679  
-0.300000  1.000000  1.000000  1.000000  1.000000  
 1    -0.566656    0.229336      0.648525   2859.000000      0.366819
 2    -1.459262    0.537374      0.803722   5555.000000      0.819022
 3    -2.115705    0.832938      0.917858   8790.000000      1.204232
 4    -2.243906    0.858318      0.940149   12603.000000      1.836003
 5    -2.277133    0.870605      0.945926   17105.000000      2.622849
 6    -2.370540    0.905671      0.962166   23826.000000      4.025508
 7    -2.503732    0.958242      0.985325   33905.000000      6.513675
 8    -2.499005    0.961446      0.984503   40639.000000      8.663569
 9    -2.544385    0.973346      0.992393   56444.000000     13.462649
10    -2.544359    0.979892      0.992388   72968.000000     20.007363
0.392713    0.535343    
0.531040    1.116010    0.739175    1.124440    
0.464452    1.011885    0.583655    0.729693    1.104432    1.240782    
0.463050    1.130280    1.351098    0.718223    0.667671    1.145242    0.353617    0.317411    
0.495173    0.993447    0.452875    6.109612    1.323616    0.716172    1.149558    1.244526    0.145601    1.439691    
0.573720    1.087947    4.220523    5.225605    2.500638    4.954344    0.742160    1.049314    1.400657    0.078769    1.274138    0.114250    
0.408388    0.955113    0.539756    1.254600    2.283260    6.283185    2.904352    0.659312    1.132433    0.968197    0.127384    0.227778    0.247129    0.154142    
0.543722    1.136598    4.259254    3.523974    4.218690    3.286308    1.317705    4.856424    0.732232    1.082410    1.462328    1.394140    1.319336    1.410930    0.144507    1.414072    
0.533013    0.950026    0.492417    1.188409    3.557744    2.808770    2.286753    1.634518    1.054498    0.640829    1.203601    0.992401    0.302980    0.078931    0.031168    0.193537    0.172245    1.453902    
0.507504    1.080781    4.255248    5.170609    2.555562    1.293795    5.815666    4.747921    2.870616    5.010605    0.743122    1.081628    1.368082    0.115568    1.182752    0.160207    1.465067    0.151639    0.106844    0.108809    
