 5    -1.739027    1.100089    0.466215
0.865590  -0.505806  0.978056  0.089766  -0.313105  -0.997138  -0.062213  -0.719255  0.387988  0.285235  
-0.300000  1.000000  1.000000  1.000000  1.000000  
 1    -0.541624    0.026284      0.578248   2802.000000      0.325211
 2    -0.946402    0.001453      0.720820   5861.000000      0.758016
 3    -1.116673    0.297343      0.780793   9359.000000      1.272604
 4    -1.221347    0.512138      0.817662   13607.000000      1.973312
 5    -1.344504    0.645009      0.861040   18109.000000      2.783346
 6    -1.521705    0.786668      0.923455   24673.000000      4.148380
 7    -1.516998    0.850356      0.921796   32868.000000      6.153694
 8    -1.599403    0.886382      0.950821   46547.000000      9.979232
 9    -1.686248    0.944744      0.981410   58697.000000     13.863332
10    -1.697038    0.967163      0.985211   77504.000000     20.895472
0.400080    0.533538    
0.384126    0.468572    0.645036    0.356040    
0.455433    4.861478    3.506491    0.321440    0.257999    0.330142    
1.426751    2.699810    5.056105    1.782345    0.639921    0.274602    0.131348    1.265247    
1.206458    5.707054    1.377944    2.395982    5.578083    0.500819    1.165800    1.198070    1.393154    0.225400    
1.768548    2.553845    5.681813    0.926967    6.283185    2.536327    0.361074    0.725085    0.416603    1.512087    1.252002    1.453569    
1.498701    2.788139    4.756557    2.592503    3.471622    1.205611    4.227107    0.703372    0.354187    0.196528    0.354619    1.310462    1.251212    0.186688    
1.188633    5.710854    1.711258    5.724017    4.653876    5.092356    3.343329    3.862382    0.496402    1.163056    1.357106    1.387979    0.259731    1.561755    0.000000    1.088417    
1.312078    2.650951    5.056921    5.035750    3.609177    5.071060    6.055529    0.881163    0.227383    0.626595    0.520057    0.357099    1.372805    0.372225    0.069929    1.377510    0.395873    0.939483    
0.820860    0.529075    4.774546    5.167263    1.550388    5.671733    6.227853    0.760704    2.467766    2.998141    0.671772    0.686854    0.127132    1.117877    1.206123    0.182159    0.125531    1.275237    1.321901    1.463661    
