 5    -3.227660    1.499903    2.083387
0.779165  0.433715  -0.868448  0.416689  -0.606075  0.537735  -1.068886  0.371192  -1.583441  0.551922  
-0.202010  0.174858  0.612471  -0.141023  0.224915  
 1    -1.835664    0.540858      0.705557   3390.000000      0.428508
 2    -2.907784    0.910523      0.932338   6821.000000      0.958460
 3    -3.092699    0.959458      0.971452   11882.000000      1.679965
 4    -3.215375    0.996153      0.997401   19579.000000      2.914310
 5    -3.227242    0.999865      0.999911   30919.000000      5.521272
 6    -3.227513    0.999953      0.999969   45503.000000      9.328946
 7    -3.227603    0.999983      0.999988   68652.000000     16.050411
 8    -3.227625    0.999990      0.999993   80763.000000     19.221645
 9    -3.227619    0.999988      0.999991   85726.000000     20.735471
10    -3.227628    0.999991      0.999993   104112.000000     26.511425
5.608896    0.581774    
4.231018    4.500354    0.543594    0.339448    
2.574793    4.182437    4.230168    0.516577    0.408269    0.223540    
2.446791    3.995876    4.438443    4.753349    0.659980    0.460465    0.326148    0.185442    
1.809564    3.614313    4.062551    4.625030    5.221326    0.613201    0.470843    0.392793    0.232167    0.091184    
1.575034    3.140751    3.801610    4.288417    4.838833    5.259671    0.604265    0.469325    0.406940    0.305890    0.153583    0.051356    
1.463006    3.059301    3.816786    4.346617    4.949146    5.438894    6.063505    0.602671    0.483050    0.424046    0.330291    0.192484    0.076857    0.018243    
1.327148    2.821165    3.600402    4.033603    4.227041    3.801844    4.067341    5.723924    0.592448    0.474887    0.419192    0.331117    0.192141    0.095167    0.052836    0.016612    
1.410750    3.000099    3.777952    4.290018    4.866436    5.020195    3.660987    3.417977    2.425282    0.602512    0.482277    0.426103    0.334878    0.196337    0.082452    0.016968    0.011989    0.007154    
1.379352    2.934056    3.653365    4.087378    4.440785    4.744262    4.957181    5.053567    1.731791    2.895230    0.605023    0.481658    0.420299    0.334744    0.207071    0.109241    0.036382    0.000740    0.014131    1.563893    
