 5    -3.154781    2.991191    0.841701
-0.022632  1.838848  2.505268  0.975403  1.654330  -1.869582  -0.764621  -0.785072  0.028540  -0.021013  
-0.300000  1.000000  1.000000  1.000000  1.000000  
 1    -1.248022    0.241126      0.689755   2880.000000      0.332150
 2    -1.504309    0.274261      0.731455   5492.000000      0.699243
 3    -2.590954    0.791263      0.908261   9111.000000      1.236696
 4    -2.892584    0.910785      0.957338   13111.000000      1.882060
 5    -2.501678    0.646832      0.893735   17534.000000      2.724946
 6    -2.681566    0.743744      0.923004   24125.000000      4.082421
 7    -2.820171    0.807150      0.945556   33008.000000      6.194647
 8    -3.087230    0.951801      0.989009   40942.000000      8.605712
 9    -3.021525    0.922111      0.978318   56298.000000     13.456666
10    -3.074508    0.958360      0.986939   72617.000000     18.965574
4.348207    0.509473    
4.309119    4.792405    0.508980    1.370082    
0.390963    0.472006    4.736402    0.618461    0.431961    0.232260    
0.349407    0.536980    4.729447    5.085930    0.585098    0.326773    0.256270    1.360458    
4.602934    4.677390    4.480233    5.035690    3.176490    0.632767    1.185437    0.238831    0.361527    1.356397    
4.429631    4.843445    4.173566    4.013418    1.114393    2.500007    0.670125    1.287761    0.057743    0.181541    0.231530    0.281085    
4.346935    4.788279    3.114343    4.838145    2.235600    5.340877    3.385488    0.466537    1.294457    0.229939    0.146358    1.338303    0.247111    1.439900    
0.378275    0.479864    5.936164    6.058409    6.283185    5.438743    4.672792    4.559279    0.688181    0.478946    1.556538    0.144542    1.455592    0.187490    0.173491    0.161911    
1.488672    1.423137    3.496958    0.882713    1.280527    2.014348    6.017212    5.405535    4.955806    0.630595    1.141302    0.190324    0.337866    1.280039    0.246989    0.050359    1.406347    1.493467    
4.628667    4.922836    4.202189    5.058282    2.365158    3.376104    5.636177    4.490052    1.901740    3.994284    0.627097    0.856779    0.210537    0.000000    0.312118    1.452933    0.159927    0.097208    1.159985    0.255027    
