 5    -3.696351    3.856449    1.401711
-0.452566  0.701203  -1.493780  -1.275922  1.342529  -2.134132  -1.496720  -1.305306  0.828734  0.154989  
-0.300000  1.000000  1.000000  1.000000  1.000000  
 1    -0.943597    0.076643      0.635532   2535.000000      0.297200
 2    -2.063870    0.429606      0.783858   5512.000000      0.710385
 3    -2.288730    0.532300      0.813629   9443.000000      1.294239
 4    -2.599668    0.649105      0.854798   13236.000000      1.930383
 5    -2.964836    0.789831      0.903147   19217.000000      3.021099
 6    -3.033504    0.819749      0.912238   26294.000000      4.480703
 7    -3.477689    0.919532      0.971049   38341.000000      7.400904
 8    -3.509471    0.946539      0.975257   43345.000000      8.877147
 9    -3.552198    0.957011      0.980914   58967.000000     13.609837
10    -3.649314    0.981645      0.993772   72629.000000     19.572974
3.457312    0.910117    
2.490770    4.046768    0.554750    0.815541    
3.226686    4.372357    0.667699    0.697643    0.656241    0.238003    
2.452986    4.102460    6.283185    5.334682    0.577846    0.739029    1.391544    1.380188    
2.523309    3.962686    5.077055    2.570553    1.670034    0.618085    0.925268    1.399625    1.376641    0.234278    
2.517087    3.930534    5.145428    4.328801    2.244545    4.139291    0.528295    0.864530    1.278478    0.154017    1.328015    1.360553    
2.404986    3.956431    5.167122    3.139151    2.069247    1.187591    4.333410    0.399725    1.095898    1.240510    1.338931    0.286457    1.283076    1.327232    
3.639220    2.260142    1.826529    1.024791    3.762118    5.558566    5.033906    4.750335    0.441813    0.582315    0.762983    0.300217    0.336427    0.274226    0.113457    1.453075    
3.646774    2.263499    1.806854    1.023001    3.792714    5.568480    4.999226    2.520092    2.168125    0.433071    0.590780    0.763588    0.317134    0.298980    0.277297    0.103272    1.497205    1.448700    
3.213589    4.464780    0.937553    3.222848    5.910392    1.047891    3.577890    3.114442    2.441208    5.331728    0.973403    0.367509    0.285501    0.167097    0.273419    1.258389    0.290303    0.223101    0.125447    1.468249    
