 5    -2.367160    3.404105    0.173139
-0.736260  0.440260  0.731900  0.254316  -1.807715  1.053235  -2.661686  -1.076339  0.484691  0.170791  
-0.033156  -0.714621  -0.004465  0.262086  -0.443867  
 1    -1.728587    0.262769      0.889353   3360.000000      0.381227
 2    -1.864471    0.297084      0.912898   7115.000000      0.927535
 3    -2.021532    0.356333      0.940112   13279.000000      1.845805
 4    -2.175174    0.383935      0.966734   21699.000000      3.200752
 5    -2.236339    0.387572      0.977332   25913.000000      4.055262
 6    -2.257464    0.373335      0.980993   38702.000000      6.955244
 7    -2.257787    0.372510      0.981049   57856.000000     12.368547
 8    -2.258530    0.377285      0.981177   89110.000000     22.536315
 9    -2.263550    0.421328      0.982047   132630.000000     38.301847
10    -2.270485    0.463786      0.983249   191132.000000     61.264203
4.325474    0.594284    
3.005468    4.383014    0.628814    0.256877    
5.108644    6.283185    6.283185    0.651364    0.206798    0.272113    
3.732752    6.283185    6.283185    4.841327    0.556323    0.169586    0.347589    0.216851    
3.654317    6.283185    6.283185    4.047860    4.800348    0.592521    0.000000    0.217499    0.317016    0.180367    
3.385661    6.283185    6.283185    4.306530    6.221567    6.235889    0.575208    0.000000    0.173897    0.272497    0.197443    0.133290    
3.405129    6.283185    6.283185    3.446332    4.383160    4.716489    5.120602    0.583685    0.000000    0.153299    0.236366    0.161456    0.134767    0.098895    
3.621014    6.256813    6.165561    2.962073    5.865651    5.121062    3.755889    6.227259    0.608367    1.569558    0.014790    0.253990    0.255939    0.210293    0.040895    1.518509    
3.855333    6.283185    6.283185    6.283185    6.283185    4.248472    4.358014    6.283185    5.642151    0.581003    0.013638    0.088074    0.000000    0.276047    0.355468    0.094661    1.383774    1.434866    
4.051686    6.283185    6.283185    6.283185    6.283185    4.871711    6.283185    6.283185    6.283185    5.910603    0.617729    0.030727    0.051987    0.000000    0.257525    0.254505    0.088831    1.554267    1.401059    1.453364    
