 5    -2.567765    2.756767    0.073015
-0.200346  -0.722750  -1.006436  -0.435368  0.930336  -0.694714  -3.291892  -0.638987  0.114389  0.204070  
-0.300000  1.000000  1.000000  1.000000  1.000000  
 1    -1.198123    0.183266      0.742768   3204.000000      0.369932
 2    -1.386560    0.232451      0.778158   6135.000000      0.782690
 3    -1.750797    0.511762      0.846565   8915.000000      1.209608
 4    -1.977719    0.413579      0.889183   13740.000000      1.982769
 5    -2.353176    0.461062      0.959698   18727.000000      2.908903
 6    -2.405212    0.544520      0.969471   25189.000000      4.304515
 7    -2.386199    0.900193      0.965900   33639.000000      6.419730
 8    -2.439475    0.530085      0.975906   42495.000000      9.032097
 9    -2.499744    0.660696      0.987225   54596.000000     12.965593
10    -2.518859    0.563401      0.990815   75271.000000     20.810041
3.525830    0.790118    
4.500114    3.433323    1.129381    1.235372    
3.748446    4.216804    5.602705    0.753599    0.894458    1.196109    
3.411334    5.992928    6.283185    5.082829    0.805659    1.384431    1.293676    1.137057    
3.962505    4.404086    5.589349    1.815068    6.173736    0.856673    1.106564    1.161962    0.211593    0.076496    
3.977653    4.368617    5.541937    1.841472    6.272347    5.477168    0.848489    1.113941    1.130961    0.217727    0.101898    0.142793    
3.239821    1.837211    3.515716    1.082868    4.005282    1.862147    4.061690    1.160168    0.598406    1.005901    0.000000    0.523913    0.284214    1.423790    
4.442745    3.614204    6.077728    5.672784    2.168539    2.606247    6.283185    5.076538    1.041063    1.202291    1.449976    0.203185    1.282105    1.442499    1.453114    0.211951    
3.998016    4.320802    5.310749    0.191030    1.983455    6.180564    3.627455    1.720095    2.503342    0.843208    1.099113    0.086546    1.010029    0.238626    0.126939    1.404537    0.098561    1.518076    
3.949382    4.355108    5.652749    1.778450    3.381788    3.621254    6.283185    5.178450    0.637716    0.460904    0.790177    1.115079    1.075449    0.252420    0.095023    1.336925    1.474807    0.065829    0.080168    1.466722    
