 5    -2.118012    2.007292    0.161429
-0.785379  0.950782  -0.027696  -1.235860  -0.578111  0.713701  -0.686916  1.087173  0.024415  -1.229610  
0.274114  0.397081  -0.197517  0.115480  0.444889  
 1    -1.251092    0.523756      0.789853   3192.000000      0.363696
 2    -1.900007    0.873220      0.947154   6959.000000      0.877804
 3    -2.060934    0.947541      0.986164   12280.000000      1.659813
 4    -2.101904    0.990747      0.996095   21025.000000      3.113831
 5    -2.116431    0.998040      0.999617   34982.000000      5.887372
 6    -2.117804    0.999440      0.999950   67886.000000     14.053530
 7    -2.117938    0.999851      0.999982   104889.000000     24.606801
 8    -2.117986    0.999953      0.999994   128013.000000     32.150636
 9    -2.117968    0.999942      0.999989   128439.000000     32.666212
10    -2.117998    0.999993      0.999997   154738.000000     43.235346
5.115401    0.562239    
4.241651    5.016887    0.635716    0.346784    
3.118717    4.300379    5.354632    0.600052    0.478947    0.221860    
2.593058    4.086624    4.576403    5.661824    0.613681    0.494034    0.346956    0.141376    
1.881131    3.689819    4.166251    4.948574    5.913582    0.613538    0.501581    0.411392    0.261408    0.095428    
1.509363    3.164657    3.818832    4.394716    5.111753    5.859007    0.626119    0.499695    0.442160    0.331742    0.192152    0.061669    
1.225216    2.725844    3.531591    4.073811    4.593930    5.017925    5.441861    0.617577    0.502863    0.453791    0.371897    0.247325    0.122059    0.036259    
0.918511    2.225519    3.107504    3.761886    4.249429    4.772910    5.190007    5.237104    0.623463    0.517341    0.468208    0.416649    0.325582    0.203172    0.089617    0.022393    
1.157081    2.592017    3.403336    4.012295    4.512964    5.047577    5.646434    6.173044    3.519025    0.629358    0.518670    0.469692    0.404224    0.301051    0.177924    0.074637    0.014753    1.570329    
1.061943    2.426670    3.284767    3.928733    4.442338    4.937940    5.293902    4.994547    4.502923    5.646145    0.625180    0.519393    0.478116    0.423219    0.335388    0.223361    0.118165    0.047381    0.024501    0.009561    
