 5    -1.442438    1.567691    0.328442
1.106323  0.363394  -0.936566  0.047962  0.263298  -0.084500  -0.391316  0.255723  0.376680  -0.973780  
0.408881  -0.223317  -0.181220  0.290469  0.309159  
 1    -1.037966    0.592709      0.865630   3276.000000      0.372687
 2    -1.355381    0.949430      0.971079   6382.000000      0.813771
 3    -1.435690    0.992820      0.997758   12701.000000      1.723917
 4    -1.440979    0.998104      0.999515   21287.000000      3.185963
 5    -1.442402    0.999965      0.999988   29523.000000      4.809517
 6    -1.442403    0.999965      0.999988   31161.000000      5.333535
 7    -1.442410    0.999974      0.999991   37181.000000      6.659385
 8    -1.442417    0.999983      0.999993   44204.000000      8.647583
 9    -1.442417    0.999985      0.999993   49192.000000     10.446268
10    -1.442420    0.999986      0.999994   54496.000000     12.400132
5.184979    0.491075    
4.738122    5.358079    0.684417    0.370035    
2.734212    4.385534    4.949042    0.606713    0.519220    0.258403    
1.861853    3.789346    3.932748    4.580808    0.621987    0.489734    0.382980    0.168662    
1.867033    3.633118    3.967839    4.704209    6.122430    0.604172    0.491294    0.405118    0.236558    0.060882    
1.869472    3.632469    3.957875    4.685189    6.057753    3.881219    0.604509    0.490674    0.404379    0.236923    0.061492    0.001091    
1.821005    3.592445    3.929882    4.694195    6.099055    6.068238    3.835100    0.602905    0.487152    0.402332    0.219985    0.025295    1.552142    1.566153    
1.796187    3.584842    3.918120    4.673852    6.097469    6.263037    2.960502    3.617675    0.608958    0.487248    0.403923    0.217102    0.000000    1.519423    1.567361    1.554318    
1.795962    3.584422    3.920009    4.654926    6.061550    3.605646    2.363899    4.241761    2.357860    0.607795    0.487693    0.403517    0.216001    0.002853    0.000525    1.523408    1.563104    1.559379    
1.809357    3.533397    3.860498    4.428063    2.710471    1.941859    3.990355    5.835347    5.193057    4.846102    0.604687    0.484832    0.403422    0.231113    1.566746    0.054704    0.000118    1.555403    0.000924    0.001003    
