 5    -2.121990    2.475694    0.275807
0.439265  0.438488  1.147810  -0.067318  1.282502  1.203008  1.135877  -0.804010  -0.355338  1.115535  
-0.300000  1.000000  1.000000  1.000000  1.000000  
 1    -0.594456    0.218433      0.667760   2634.000000      0.308063
 2    -1.318162    0.514766      0.825167   5841.000000      0.757477
 3    -1.603831    0.516321      0.887300   9233.000000      1.249104
 4    -1.759847    0.696235      0.921234   13584.000000      1.988936
 5    -1.852758    0.673725      0.941442   18180.000000      2.823869
 6    -1.970022    0.908991      0.966947   25810.000000      4.362334
 7    -1.973750    0.881750      0.967757   33575.000000      6.286078
 8    -2.040626    0.933655      0.982303   44846.000000      9.561607
 9    -2.057056    0.954417      0.985877   63290.000000     15.410883
10    -2.094148    0.968888      0.993944   83128.000000     23.718107
4.544577    0.474723    
4.582297    4.462354    0.644623    1.098925    
4.533405    4.566990    4.036481    0.656477    1.130291    0.261880    
4.493608    4.549030    4.200122    5.737620    0.688975    1.116261    0.220172    0.205742    
4.591126    4.566547    1.632922    2.670644    5.698687    0.654086    1.137217    0.150547    0.178359    0.186445    
3.882728    2.832275    1.266320    4.362647    2.605940    3.253763    0.978209    0.756436    0.165157    1.384006    0.321151    0.157670    
4.555240    4.589023    4.779812    4.132491    5.515687    4.860158    2.614324    0.723717    0.989961    1.388522    1.336328    1.313890    1.288440    0.138901    
4.520599    5.111747    4.889491    3.402144    3.022098    4.206550    1.881326    1.933754    0.518224    0.575592    0.000000    0.286182    0.467988    1.224603    1.341520    0.238390    
4.616177    4.692071    3.965583    5.532339    3.534078    5.538453    4.423914    4.113568    1.580555    0.734798    1.208321    0.326393    0.497838    0.045800    0.479149    1.158608    0.092635    1.515806    
3.815636    2.851038    1.332792    2.336113    4.828847    5.700089    2.265115    0.931728    2.648239    2.263043    1.114995    0.435752    0.240952    0.092547    0.288130    0.169607    1.375257    0.135020    0.110873    0.171156    
