 5    -2.942344    2.888078    1.036083
-0.270164  0.934725  -0.978179  1.679502  -0.282496  -2.137573  -0.087249  -0.115780  1.694825  0.442736  
-0.154608  -0.455066  -0.056661  -0.393525  0.126775  
 1    -1.484496    0.380221      0.749958   3036.000000      0.349197
 2    -2.464071    0.755732      0.917969   6428.000000      0.815871
 3    -2.799249    0.892668      0.975457   11956.000000      1.686078
 4    -2.855763    0.927262      0.985150   17620.000000      2.698839
 5    -2.885669    0.954449      0.990279   25710.000000      4.135664
 6    -2.926377    0.989968      0.997261   37014.000000      6.808604
 7    -2.932305    0.993696      0.998278   58652.000000     12.276526
 8    -2.937467    0.997624      0.999163   80576.000000     18.691756
 9    -2.941039    0.999478      0.999776   122992.000000     32.877430
10    -2.942245    0.999968      0.999983   199849.000000     61.708539
5.705568    0.523193    
5.342927    6.283185    0.581716    0.335652    
3.839607    6.231849    6.283185    0.564101    0.416096    0.215703    
2.797214    5.440012    6.006819    6.283185    0.590293    0.431823    0.312173    0.135212    
2.719290    5.215886    5.790640    6.283185    6.283185    0.627113    0.463637    0.335057    0.198126    0.076051    
3.017553    5.572458    5.973630    6.283185    6.283185    6.283185    0.623010    0.489087    0.371226    0.199364    0.114836    0.090432    
2.373779    4.925848    5.621689    6.108173    6.283185    6.283185    6.283185    0.623475    0.489517    0.401224    0.277969    0.145463    0.105127    0.052218    
2.639168    5.024053    5.539652    6.055722    6.283185    6.280611    6.283185    6.283185    0.651993    0.500602    0.396708    0.291824    0.197073    0.121050    0.063275    0.044192    
2.259991    4.648830    5.359490    5.951881    6.283185    6.283185    6.283185    6.283185    6.283185    0.636416    0.511225    0.423804    0.322762    0.222578    0.167840    0.087539    0.053368    0.037394    
1.705912    3.902246    4.927105    5.594814    6.018647    6.283185    6.244990    6.162057    6.238898    6.283185    0.622650    0.510346    0.444846    0.365088    0.265147    0.195201    0.136674    0.070145    0.049769    0.028001    
