 5    -3.696351    3.856449    1.401711
-0.452566  0.701203  -1.493780  -1.275922  1.342529  -2.134132  -1.496720  -1.305306  0.828734  0.154989  
-0.243795  -0.458172  0.294106  -0.118735  -0.673888  
 1    -1.952986    0.500295      0.769176   3498.000000      0.396049
 2    -3.303269    0.852238      0.947955   6581.000000      0.826393
 3    -3.599344    0.957220      0.987156   11775.000000      1.577269
 4    -3.660179    0.986419      0.995211   18936.000000      2.755131
 5    -3.684983    0.995954      0.998495   29718.000000      4.887748
 6    -3.694674    0.999269      0.999778   46550.000000      8.790741
 7    -3.696058    0.999874      0.999961   74117.000000     16.008306
 8    -3.696339    0.999996      0.999998   109012.000000     26.952364
 9    -3.696342    0.999997      0.999999   138352.000000     38.117905
10    -3.696344    0.999998      0.999999   155766.000000     45.015676
2.960786    0.553848    
2.766922    3.243593    0.631649    0.345231    
2.098725    2.808615    3.163784    0.593396    0.437566    0.209128    
1.715078    2.670148    3.016611    3.549360    0.609746    0.464588    0.324311    0.116644    
1.371153    2.521429    2.839798    3.397160    3.915076    0.640428    0.496339    0.397854    0.235152    0.080535    
1.175721    2.312059    2.743204    3.173262    3.747300    4.113354    0.637295    0.519766    0.441282    0.320471    0.176758    0.063450    
0.956253    2.047883    2.554777    2.963444    3.371195    3.800657    3.901185    0.640015    0.526612    0.464918    0.371952    0.245122    0.122773    0.038922    
0.747017    1.676111    2.236170    2.673269    3.032600    3.402119    3.758749    3.913704    0.624573    0.519362    0.472436    0.410541    0.313652    0.196567    0.096151    0.027128    
0.757355    1.683960    2.222611    2.651455    2.999359    3.349204    3.646743    2.958886    1.698673    0.626945    0.518173    0.469934    0.408668    0.313727    0.198753    0.097103    0.018237    0.016444    
0.732756    1.646294    2.183098    2.616827    2.959448    3.307626    3.655197    3.836925    2.191471    5.212572    0.631062    0.521039    0.472175    0.413612    0.322359    0.207620    0.105028    0.032476    0.000020    1.568108    
