 5    -3.363047    3.055049    1.027158
0.286737  -1.614226  -2.273977  -0.592228  0.483037  0.143706  -2.061878  -0.378867  -1.044350  -0.467956  
-0.300000  1.000000  1.000000  1.000000  1.000000  
 1    -1.090845    0.206373      0.645970   2514.000000      0.299438
 2    -1.581224    0.152807      0.722375   6056.000000      0.787286
 3    -2.279993    0.531497      0.831250   9281.000000      1.283954
 4    -2.582458    0.712230      0.878377   13106.000000      1.933340
 5    -2.810602    0.712990      0.913924   16944.000000      2.670913
 6    -2.834021    0.754142      0.917573   23557.000000      4.055625
 7    -2.933463    0.838665      0.933067   29443.000000      5.532629
 8    -3.036372    0.838868      0.949101   41692.000000      9.126613
 9    -3.298011    0.977707      0.989867   54763.000000     13.197479
10    -3.260451    0.968551      0.984015   70441.000000     19.254399
4.475251    1.170591    
4.604211    1.399588    1.153521    0.294586    
4.514770    4.206186    3.675549    1.194131    0.369139    1.182675    
4.483783    4.246040    3.685045    6.234162    1.198417    0.372837    1.243039    0.203893    
4.488241    4.260224    2.460185    1.245024    6.158494    1.198379    0.354954    1.429323    1.268905    0.192713    
5.420327    2.018840    1.454179    4.086175    2.673572    0.983779    0.894125    0.150020    1.123095    1.129118    0.364589    1.363920    
4.551448    1.450513    2.794128    1.208772    5.340817    4.407717    1.847895    0.996792    0.290839    0.510375    1.368850    0.212277    0.272930    0.290272    
4.492419    4.755981    3.310976    1.961192    4.501311    6.114443    5.695350    6.179211    1.255620    0.194049    1.128661    1.294236    0.161753    1.149357    1.394036    0.325603    
3.872540    4.254126    6.176690    2.154563    1.679201    1.088696    5.626586    1.198199    3.471653    0.779019    1.327302    0.513521    1.030992    0.987779    0.745709    0.234537    1.129439    0.181891    
3.664621    4.852362    5.974115    3.781189    0.640307    6.142450    3.074310    0.893825    3.147812    2.939500    0.839347    1.044248    0.366682    1.163376    1.115183    1.337867    1.170313    0.148139    0.168330    1.330744    
