 5    -3.066143    2.720297    0.508027
1.388700  1.788755  0.578529  -1.270554  -1.258753  -0.139977  -0.346450  -1.133400  0.839501  -1.195614  
-0.300000  1.000000  1.000000  1.000000  1.000000  
 1    -1.394992    0.019865      0.711195   2787.000000      0.324298
 2    -1.965595    0.001095      0.809806   5748.000000      0.745389
 3    -2.220925    0.044944      0.853931   9010.000000      1.228845
 4    -2.407114    0.023601      0.886108   12302.000000      1.782752
 5    -2.507965    0.206693      0.903537   18409.000000      2.859615
 6    -2.709213    0.672570      0.938316   24905.000000      4.204308
 7    -2.850384    0.841688      0.962713   32587.000000      6.209644
 8    -2.901450    0.837235      0.971538   46309.000000     10.094520
 9    -3.006706    0.971512      0.989728   58809.000000     13.982848
10    -3.041351    0.988074      0.995715   74692.000000     20.600106
0.435840    0.503865    
0.390776    0.442255    0.611319    0.334240    
0.414282    0.466364    6.283185    0.585361    0.411013    1.383253    
0.366330    0.412006    4.527788    0.542834    0.628427    0.310912    0.221363    0.212609    
0.380338    0.539507    6.185649    6.266131    1.447952    0.619298    0.293244    1.381821    0.062155    1.338405    
0.270160    4.424520    2.320064    5.557352    1.772164    1.572372    0.445425    0.305068    1.338833    0.116111    1.403049    1.245160    
4.273725    2.104489    3.958868    6.134941    3.219412    3.677084    5.096996    0.399318    0.307329    1.349815    0.637740    0.279486    1.438921    1.394050    
0.602491    4.547198    2.356255    5.440506    1.395993    4.296070    3.947747    4.054065    0.520325    0.337199    1.283632    0.415053    0.170531    1.178141    0.126701    1.319122    
0.264670    5.307998    3.565106    3.429059    1.525442    4.456350    4.153804    3.657601    0.448934    0.452362    0.357204    0.110225    0.616263    0.514786    1.137540    0.618214    1.393333    1.481280    
0.475215    0.322335    4.267297    0.482519    2.469191    4.314272    2.260483    4.406402    1.312246    1.570185    0.676849    0.447648    0.236046    0.592318    0.122789    0.216183    0.376766    1.154225    1.298032    1.250742    
