 5    -2.226448    2.646183    0.213681
1.980655  1.795750  -0.728124  -0.283760  1.757234  -0.700888  0.749530  1.466181  -0.359759  -0.314563  
-0.300000  1.000000  1.000000  1.000000  1.000000  
 1    -0.594656    0.094027      0.665111   2691.000000      0.315241
 2    -1.231471    0.135499      0.795803   5656.000000      0.904874
 3    -1.372089    0.166708      0.824662   9302.000000      1.673302
 4    -1.713576    0.475711      0.894744   13497.000000      2.498337
 5    -1.830421    0.227900      0.918724   20203.000000      3.134965
 6    -1.962251    0.558992      0.945780   26457.000000      4.427676
 7    -2.014101    0.531731      0.956421   35771.000000      6.708716
 8    -2.117068    0.886352      0.977552   46750.000000      9.954698
 9    -2.150057    0.823943      0.984322   58879.000000     13.690767
10    -2.195677    0.921982      0.993685   93511.000000     25.528622
6.283185    0.934367    
6.261479    2.460597    0.894630    1.141316    
6.234072    2.641794    0.533824    0.901378    1.120106    0.221891    
6.185587    2.733341    0.707844    4.463471    1.054293    1.180743    0.424277    0.355926    
5.094020    3.780639    6.151930    3.582648    2.357679    0.628455    0.570418    0.503568    0.138316    1.436481    
6.143690    2.697274    3.539705    4.091444    3.060336    3.716485    0.947555    1.467950    1.284543    1.053274    0.331744    1.210894    
6.255352    5.738964    5.584355    4.791930    5.278830    4.869844    2.144575    1.439669    0.787098    0.220345    0.180842    0.392688    1.358301    0.150572    
6.283185    3.590884    0.444311    2.463631    1.832980    1.991605    3.232266    3.025568    1.090957    1.396492    0.375126    1.024007    0.148584    1.374229    0.125821    1.426773    
6.167609    2.343510    5.179051    6.283185    2.407456    4.693658    3.204311    3.405082    5.188635    1.219316    1.158721    0.105278    0.290775    0.421457    0.352249    1.185870    1.368959    1.362826    
6.283185    3.416138    0.403213    2.558672    1.867076    2.048923    2.977749    0.976307    2.739127    6.253266    1.179620    1.346814    0.293293    1.054035    0.255675    1.354103    0.246938    0.252709    1.387748    0.306713    
