 5    -1.755186    2.751324    0.128290
-0.097940  0.250080  -0.162508  -1.448517  0.785906  0.469623  -1.460382  -0.626218  -1.518771  0.467329  
-0.237958  -0.271645  0.581250  0.213258  -0.263461  
 1    -1.075156    0.499089      0.849100   3309.000000      0.380298
 2    -1.579684    0.904312      0.961056   7046.000000      0.887082
 3    -1.731000    0.919478      0.994633   12041.000000      1.625177
 4    -1.750910    0.983988      0.999051   17924.000000      2.628969
 5    -1.754390    0.999452      0.999823   29706.000000      4.930880
 6    -1.754882    0.999466      0.999932   45974.000000      8.843049
 7    -1.755081    0.999917      0.999977   81507.000000     18.673853
 8    -1.755096    0.999820      0.999980   123066.000000     31.842356
 9    -1.755099    0.999949      0.999981   172649.000000     50.382090
10    -1.755119    0.999952      0.999985   239170.000000     76.611625
4.278412    0.663372    
2.976265    3.592470    0.606901    0.354163    
2.376105    3.141142    4.185746    0.595916    0.467023    0.218904    
1.446548    2.757532    2.987783    3.849306    0.605918    0.469393    0.367210    0.179303    
1.322886    2.628929    2.918570    3.344291    3.774411    0.625293    0.475756    0.395806    0.232265    0.071225    
1.324149    2.534147    2.913142    3.345655    3.859437    4.695414    0.621325    0.486107    0.413242    0.283918    0.132147    0.036479    
1.044489    2.135640    2.666600    3.051179    3.505031    3.904698    4.314332    0.603069    0.480361    0.431289    0.340970    0.208012    0.088171    0.026986    
0.841208    1.861876    2.508284    2.898481    3.259679    3.563702    3.588835    2.931736    0.587083    0.487138    0.442169    0.370798    0.251824    0.128133    0.042559    0.016223    
0.985175    2.081930    2.655596    3.029943    3.502660    3.766486    4.039976    5.518344    4.404746    0.603942    0.483176    0.433237    0.342458    0.194266    0.063481    0.003344    1.561126    0.002051    
1.003258    2.128932    2.675358    3.058868    3.492308    3.821595    4.121349    3.500249    5.355675    4.761590    0.610513    0.490899    0.440312    0.355526    0.232008    0.126529    0.058153    0.020248    0.000000    1.563278    
