 5    -2.741001    3.038601    0.100011
1.852027  1.201873  -0.549276  0.219038  -0.016983  0.671893  0.333167  -1.771524  1.975094  0.418604  
-0.300000  1.000000  1.000000  1.000000  1.000000  
 1    -1.011774    0.038041      0.700805   3234.000000      0.370974
 2    -1.380697    0.054133      0.764637   6675.000000      0.850167
 3    -1.701306    0.321805      0.820109   10136.000000      1.376648
 4    -1.818302    0.018368      0.840352   13807.000000      2.019322
 5    -2.152717    0.083233      0.898214   20523.000000      3.234576
 6    -2.342137    0.229025      0.930988   29388.000000      5.098052
 7    -2.512999    0.762296      0.960551   35872.000000      6.853719
 8    -2.556554    0.420528      0.968087   47466.000000      9.979196
 9    -2.589101    0.269729      0.973718   65512.000000     15.689665
10    -2.703848    0.876621      0.993572   84791.000000     24.984223
3.011227    0.748184    
2.790873    3.047638    0.681478    1.285809    
3.930729    5.292716    4.726109    0.453374    1.226401    0.225230    
2.910174    2.703135    5.712288    4.737044    0.709909    1.227271    1.391246    0.213421    
2.820870    2.480699    4.953259    5.250527    1.775297    1.049352    1.085932    1.233471    0.440282    0.841962    
2.799075    2.650001    4.705130    4.868206    3.422105    4.425943    0.518632    1.120005    1.229963    0.510128    1.195622    0.229352    
4.021880    4.620176    1.626375    2.050349    4.947290    1.688433    2.530251    0.965109    1.061764    1.028326    1.293185    1.453076    0.517184    1.435590    
2.789880    2.694498    4.455416    5.052049    3.453615    4.480640    2.322162    3.508589    0.458670    1.155930    1.214209    0.544388    1.204509    0.207930    0.181660    1.399372    
2.896285    2.682118    4.770494    4.709034    3.339754    4.542400    0.179544    5.150398    4.743273    0.407882    1.132002    1.198148    0.516049    1.205498    1.046918    0.672763    0.180683    0.205417    
2.613323    2.869705    5.208478    5.493747    1.324477    4.194813    3.166890    2.232286    3.074797    3.889603    0.843761    0.706093    1.052948    1.112219    0.972292    0.841156    0.502520    0.238549    0.527003    1.283743    
