 5    -3.202743    3.076121    0.973198
-1.243488  -2.264139  0.865807  -1.336708  -1.279517  1.240628  -0.033184  -0.820098  1.200778  0.918955  
-0.300000  1.000000  1.000000  1.000000  1.000000  
 1    -0.808130    0.090954      0.618623   2913.000000      0.337125
 2    -1.276582    0.328454      0.693231   6240.000000      0.803096
 3    -1.976088    0.617230      0.804637   9420.000000      1.285607
 4    -2.329060    0.687151      0.860853   13825.000000      2.019447
 5    -2.369862    0.692464      0.867352   18790.000000      2.845975
 6    -2.510971    0.741352      0.889825   23328.000000      3.868285
 7    -2.901048    0.845172      0.951951   33393.000000      6.107505
 8    -3.016245    0.907281      0.970298   46695.000000      9.756508
 9    -3.070640    0.901932      0.978961   65136.000000     15.518291
10    -3.128643    0.967370      0.988199   73510.000000     19.994015
2.125551    0.809531    
2.101509    3.613117    1.028250    1.181309    
2.118267    3.653816    3.401322    1.018386    0.994704    1.182287    
2.126368    3.642944    3.480049    6.283185    0.989038    1.056737    1.104128    0.255670    
2.140040    3.633482    3.467508    0.504569    5.919616    0.971630    1.067481    1.119495    0.000000    0.262359    
2.083298    3.625407    3.375503    3.754169    1.159753    3.213976    0.900045    1.232772    1.468773    1.570796    1.234918    1.256200    
1.948802    3.547621    5.249487    4.576157    6.283185    3.539064    4.313863    0.919279    0.893566    0.374084    1.471930    1.237741    0.143700    1.273938    
4.792381    0.746126    2.862670    3.249966    5.599961    4.505777    4.304837    4.047804    1.256132    0.274356    1.110127    1.205502    1.231951    0.503842    1.137359    0.083453    
4.128063    4.433094    3.979888    3.302877    4.969221    3.557217    1.418873    4.792911    5.325380    0.657315    0.306099    0.733946    0.571148    0.256822    0.718874    0.550944    1.195262    1.426373    
2.703602    3.705346    3.230051    5.424403    1.863561    0.177599    4.373389    1.014832    4.621708    2.260765    1.064311    0.896005    1.121924    0.453961    0.860274    0.194615    1.204959    0.695904    1.291097    0.381177    
