 5    -3.087222    2.731510    1.066174
0.955418  0.440712  -0.478419  -0.682530  -0.793871  0.427983  -0.773764  2.050114  -0.211533  1.453954  
-0.300000  1.000000  1.000000  1.000000  1.000000  
 1    -0.541192    0.103549      0.562443   2499.000000      0.293411
 2    -0.985037    0.117441      0.638721   6095.000000      0.789476
 3    -1.453922    0.338972      0.719303   9160.000000      1.260887
 4    -1.809819    0.536328      0.780467   13661.000000      1.985425
 5    -2.162253    0.664210      0.841036   17367.000000      2.705757
 6    -2.522446    0.830568      0.902938   24684.000000      4.234957
 7    -2.810865    0.905073      0.952506   34722.000000      6.545840
 8    -2.827275    0.903623      0.955326   44919.000000      9.391288
 9    -3.027973    0.975657      0.989818   58996.000000     13.749659
10    -3.058809    0.989836      0.995117   78783.000000     21.759490
1.887790    0.379524    
1.953247    1.476113    0.481634    0.291679    
1.223051    3.292403    5.088386    0.290762    1.357653    1.079012    
3.747401    3.137082    1.702924    3.317066    0.438162    0.871572    1.159708    0.245753    
1.957481    1.593594    6.283185    0.703007    6.283185    0.336675    0.279107    1.038815    1.111894    0.251324    
2.146694    1.847597    6.283185    0.913433    0.449658    5.906280    0.630124    0.404985    1.151099    1.224263    1.250597    0.181046    
1.809255    2.137716    0.738386    5.921971    3.976355    3.190827    4.405610    0.335903    0.444306    0.428709    1.014954    0.499345    1.404745    1.411386    
2.075381    1.773195    6.283185    0.580038    6.062061    5.682343    5.768571    5.784450    0.476248    0.564627    0.879431    1.110168    0.175569    0.134169    0.213392    0.250062    
2.202308    1.805788    0.878410    6.130717    3.149029    5.349467    1.859255    1.506959    1.671219    0.518897    0.533815    0.530887    0.602789    0.388974    1.111314    0.207931    0.215118    0.127755    
2.119064    1.426576    5.946568    0.649269    5.591065    3.979456    3.570122    3.206768    5.698808    2.871014    0.332250    0.286711    1.278931    1.085754    0.069212    0.429907    1.357090    0.278012    1.236473    0.128562    
