 5    -3.145056    1.680718    0.918432
0.284659  -1.315573  -0.206194  -1.485032  -0.567317  1.520115  0.523557  0.024520  -1.685001  -0.604265  
0.578166  -0.034242  0.314254  0.045437  0.583226  
 1    -2.001754    0.324181      0.763084   3276.000000      0.404995
 2    -2.246843    0.456315      0.813872   7268.000000      0.989109
 3    -2.660581    0.780339      0.899607   12317.000000      1.733813
 4    -3.036214    0.943998      0.977446   17624.000000      2.552673
 5    -3.103353    0.976347      0.991358   32647.000000      5.811229
 6    -3.115099    0.982877      0.993792   44319.000000      8.667570
 7    -3.124977    0.989173      0.995839   78474.000000     18.388717
 8    -3.136936    0.995813      0.998317   116956.000000     29.274951
 9    -3.142680    0.998648      0.999508   154086.000000     41.647512
10    -3.144666    0.999792      0.999919   229240.000000     69.548426
4.716827    0.615982    
3.311186    4.613163    0.619306    0.259298    
5.169966    6.283185    6.283185    0.682514    0.262874    0.296277    
4.724859    6.283185    6.283185    5.113562    0.656154    0.227835    0.360177    0.208940    
3.252440    3.700071    6.283185    5.527915    5.201733    0.533980    0.263183    0.204458    0.298781    0.162606    
2.722249    4.251679    6.014226    6.283185    6.283185    6.195480    0.592574    0.400693    0.264444    0.244223    0.165156    0.075724    
3.277199    4.913833    5.937335    4.634653    6.283185    6.283185    4.683247    0.593193    0.432613    0.341861    0.210783    0.000000    0.178123    0.117906    
3.304720    4.904151    6.283185    5.504727    6.283185    6.283185    6.283185    5.427268    0.585050    0.409056    0.360631    0.307890    0.098732    0.027444    0.100417    0.134225    
2.547563    4.410821    6.283185    6.243186    5.988491    6.283185    6.283185    5.616781    6.004986    0.595824    0.439449    0.319393    0.357865    0.228457    0.006071    0.006216    0.140709    0.093824    
2.084747    4.038131    5.304892    6.283185    6.137193    6.218068    5.747768    6.283185    6.283185    5.772311    0.620010    0.480763    0.345848    0.317425    0.277197    0.160198    0.029410    0.025330    0.118005    0.079400    
