 5    -1.577206    1.883110    0.207418
-0.564163  -0.238681  -0.774429  0.260315  -1.294135  1.222583  -0.293067  -0.331231  -0.351750  0.464535  
-0.300000  1.000000  1.000000  1.000000  1.000000  
 1    -0.432805    0.070397      0.669279   2904.000000      0.335452
 2    -0.572730    0.090635      0.709716   6185.000000      0.798274
 3    -0.883137    0.434069      0.799420   10050.000000      1.376878
 4    -1.064372    0.626708      0.851796   14451.000000      2.065786
 5    -1.254858    0.533679      0.906845   19342.000000      2.940913
 6    -1.334952    0.552677      0.929991   26227.000000      4.476256
 7    -1.436975    0.795766      0.959475   35006.000000      6.428319
 8    -1.457549    0.871206      0.965420   47844.000000      9.936932
 9    -1.558272    0.957874      0.994528   64852.000000     15.346184
10    -1.545486    0.970461      0.990833   75085.000000     20.210356
2.988087    0.464212    
2.948191    5.711641    0.559587    1.303584    
3.234422    6.165240    1.268521    0.513388    1.225621    1.240684    
3.248009    6.217584    1.176111    3.960534    0.468551    1.239835    1.300416    0.242755    
2.793635    2.825778    2.650738    2.991968    4.358711    0.810214    1.304672    0.706119    0.691265    1.108723    
2.042506    3.784129    3.851500    0.639078    3.331491    5.008529    1.146427    0.919973    0.633914    1.251455    1.398635    0.272826    
0.944578    2.000750    2.290374    3.812141    4.619890    5.692570    3.097367    1.002979    1.018888    1.406573    1.161456    1.436468    1.177488    0.604392    
3.204229    6.283185    0.958352    3.271077    3.108219    2.164754    1.590383    0.181527    0.555298    1.193189    1.134903    0.271559    1.257924    1.131585    0.978990    0.435895    
3.323096    6.269038    1.320308    3.023558    5.317868    4.009136    2.902850    4.275614    2.700231    0.503010    0.881466    1.364971    0.409259    1.163048    0.294022    0.366570    1.391703    0.229301    
3.114984    6.053766    1.363291    2.805844    3.126224    2.510102    3.170987    0.749681    2.952641    3.182762    0.490615    1.101618    1.169037    0.236001    1.265718    1.266068    0.353330    1.391972    0.018166    0.136057    
