 5    -2.059740    2.390790    0.075007
0.127319  -0.882520  0.047507  0.623834  -1.852717  -1.683985  -0.291250  -0.089777  -0.375991  -0.228138  
-0.699998  -0.177771  -0.188492  -0.169050  -0.205046  
 1    -1.276659    0.427363      0.824048   3132.000000      0.404368
 2    -1.856468    0.840847      0.954326   7713.000000      1.005249
 3    -2.024931    0.896962      0.992179   13197.000000      1.844011
 4    -2.053600    0.977797      0.998620   21895.000000      3.294313
 5    -2.058293    0.997829      0.999675   34399.000000      5.966580
 6    -2.059042    0.999384      0.999843   64296.000000     13.156508
 7    -2.059458    0.998593      0.999937   122797.000000     29.204233
 8    -2.059692    0.999859      0.999989   197670.000000     52.953907
 9    -2.059717    0.999911      0.999995   213758.000000     57.978827
10    -2.059728    0.999974      0.999997   242016.000000     68.976531
5.585587    0.688451    
4.403028    5.298692    0.625769    0.306223    
3.194416    4.618426    6.248206    0.581960    0.479621    0.228611    
2.089471    4.087425    4.516275    5.914000    0.599630    0.479137    0.377561    0.176800    
1.742509    3.576023    4.118124    4.591560    5.419589    0.604583    0.470485    0.400555    0.255291    0.108229    
1.462715    3.125333    3.942311    4.481220    5.130826    5.592177    0.618946    0.489726    0.431204    0.340434    0.188785    0.056827    
1.188282    2.770013    3.615264    4.289238    4.755055    5.431551    6.246477    0.646120    0.533620    0.469235    0.404812    0.306691    0.170209    0.048074    
1.180685    2.661027    3.473932    4.161086    4.619402    5.081119    5.487915    6.098496    0.646504    0.536731    0.481781    0.424240    0.346925    0.227753    0.108667    0.029277    
1.153653    2.590304    3.405868    4.101232    4.575087    5.024901    5.472196    5.850431    5.215306    0.644212    0.534792    0.485237    0.431271    0.360585    0.252034    0.135593    0.045126    0.008090    
1.115162    2.534515    3.347441    4.027928    4.492857    4.880696    5.212728    5.227121    4.689150    3.333470    0.644939    0.537689    0.489710    0.437043    0.371042    0.272168    0.158497    0.065530    0.018261    0.005841    
