 5    -3.632530    2.366615    1.447110
-0.377364  0.166759  0.682802  1.921379  -0.197037  -0.759879  -2.089066  -0.036373  -1.217749  -1.428905  
-0.300000  1.000000  1.000000  1.000000  1.000000  
 1    -1.772346    0.468924      0.689925   2970.000000      0.343306
 2    -3.029913    0.741963      0.899550   5908.000000      0.756196
 3    -3.279525    0.847476      0.941157   8858.000000      1.217529
 4    -3.451801    0.935665      0.969874   12683.000000      1.822919
 5    -3.411402    0.941964      0.963140   17120.000000      2.638672
 6    -3.588639    0.988130      0.992684   23918.000000      4.090883
 7    -3.525738    0.969298      0.982199   32524.000000      6.302053
 8    -3.561374    0.982480      0.988139   45041.000000      9.842249
 9    -3.584973    0.986865      0.992073   58815.000000     14.386117
10    -3.592048    0.989332      0.993252   74893.000000     21.509168
0.414503    0.558016    
0.373528    0.441247    0.630718    0.350354    
0.301868    0.406836    0.498880    0.636881    0.455620    0.204047    
0.382998    0.408077    2.192134    0.617709    0.615846    0.349617    1.367397    1.366493    
0.423923    0.460589    4.867347    3.296109    6.283185    0.618001    0.368661    0.089331    0.161043    1.403563    
0.219411    0.373191    0.432933    6.131929    0.537744    2.264775    0.581065    0.471534    0.267361    1.384900    1.386802    0.063140    
0.341965    0.425395    4.705524    1.289021    2.509060    2.165780    4.333644    0.603207    0.304226    0.126915    1.392201    0.078262    1.450241    1.448314    
0.374452    0.412535    4.423793    4.217562    1.961689    1.284588    0.557824    0.526429    0.609500    0.340066    0.000000    0.000000    1.500773    0.182219    0.236987    0.150439    
0.371345    0.500194    4.828119    3.395047    4.428681    5.102649    2.583861    0.815154    4.928594    0.622569    0.270075    0.073293    0.123419    0.193730    1.434356    0.110975    1.452675    0.073184    
0.388666    0.418720    4.383681    2.913573    2.968951    5.296552    0.722088    4.256742    4.755246    3.148163    0.611935    0.371578    0.103703    0.087594    1.482825    0.047314    0.169116    0.132024    1.508092    0.113217    
