 5    -2.353250    2.503331    0.255275
0.363580  1.314545  -1.146046  -0.488436  0.720190  -0.065189  1.841201  0.129148  1.689050  0.924599  
-0.300000  1.000000  1.000000  1.000000  1.000000  
 1    -0.736400    0.125345      0.667080   2418.000000      0.285305
 2    -1.071885    0.002518      0.736159   5540.000000      0.710682
 3    -1.640358    0.342039      0.853211   9409.000000      1.279284
 4    -1.841850    0.475540      0.894700   14894.000000      2.159302
 5    -1.860346    0.513253      0.898508   21995.000000      3.489377
 6    -2.005802    0.645211      0.928458   26869.000000      4.645074
 7    -2.077931    0.741778      0.943310   37687.000000      7.534288
 8    -2.202208    0.637695      0.968899   48304.000000     10.342200
 9    -2.255029    0.893452      0.979776   68541.000000     17.173989
10    -2.324627    0.957572      0.994106   83046.000000     24.211145
3.033568    0.928155    
3.181097    4.007592    0.926505    0.392627    
3.130961    4.218366    6.280511    0.784052    0.739730    1.142430    
3.066052    4.210158    6.221212    5.072504    0.735440    0.829718    1.108785    1.346267    
3.080161    4.213703    6.238451    5.006378    2.952009    0.745390    0.830781    1.103722    1.345062    1.514347    
3.101984    4.262546    6.274017    4.679927    5.066976    4.841400    0.753740    0.817188    1.127924    1.470753    0.133710    0.225916    
3.036016    4.682415    6.283185    5.235359    4.014579    4.967199    4.807616    0.549238    0.898492    1.039077    1.558915    1.529791    0.290926    0.296847    
3.702254    3.665078    1.081081    6.045624    2.199799    5.464960    5.688947    5.384447    0.925121    1.020824    0.616803    0.485985    0.447142    0.350499    0.179234    0.112104    
3.314172    3.760909    5.770097    2.853700    2.942012    2.192890    1.809259    2.354541    4.467417    0.509841    0.917598    1.398918    1.167787    1.377749    1.175183    0.307027    1.464796    0.104695    
3.324012    4.179649    4.782916    4.682504    5.045384    1.728102    3.124582    2.977491    1.751946    3.404711    0.480722    0.778453    1.115666    0.472559    0.420336    1.067970    0.332701    1.179199    0.745590    0.466176    
