 5    -1.755186    2.751324    0.128290
-0.097940  0.250080  -0.162508  -1.448517  0.785906  0.469623  -1.460382  -0.626218  -1.518771  0.467329  
-0.300000  1.000000  1.000000  1.000000  1.000000  
 1    -0.614251    0.054760      0.746825   3024.000000      0.376473
 2    -0.929858    0.185985      0.816859   6094.000000      0.812677
 3    -1.090296    0.315310      0.852460   9619.000000      1.323488
 4    -1.236954    0.544511      0.885004   15301.000000      2.237633
 5    -1.518753    0.601003      0.947535   21015.000000      3.359104
 6    -1.488267    0.150559      0.940770   27470.000000      4.687050
 7    -1.637625    0.801782      0.973913   40188.000000      7.979810
 8    -1.630772    0.689891      0.972392   48937.000000     10.676522
 9    -1.721692    0.925807      0.992568   65915.000000     15.856937
10    -1.696062    0.842041      0.986880   84631.000000     25.182711
5.139827    0.905739    
4.371729    6.283185    1.197783    1.139882    
5.717159    1.113207    3.760902    0.251647    0.934046    1.277406    
5.789124    1.006864    3.959901    3.027951    0.324476    0.834507    1.463502    0.365668    
2.600901    1.587021    2.906498    5.230196    3.246054    0.724809    0.369931    0.224673    1.196460    1.367512    
5.643256    1.577902    2.353336    3.729921    2.971399    6.014659    0.246470    0.394240    1.159844    1.504138    0.438466    1.138129    
5.108976    3.910192    3.929587    5.684725    4.886120    5.346416    2.968003    0.506331    0.327106    0.171430    0.751932    1.457597    1.288245    1.502083    
3.733907    2.783460    4.535828    0.962939    4.102521    3.899221    3.145638    1.537416    1.470788    1.264375    0.913840    1.220365    0.290557    1.140059    1.383785    0.365778    
4.832307    1.595732    4.436099    2.651323    3.360030    1.239190    5.796827    0.285405    3.453288    0.728319    0.655937    0.378320    0.251323    1.058528    0.302092    0.579208    1.136449    1.504798    
4.859923    1.609766    4.393524    5.841363    1.577211    5.946540    4.613138    1.091019    6.283185    5.183078    0.642212    0.466799    0.317718    1.219344    0.344985    0.283675    1.419590    0.161418    1.456440    0.129345    
