 5    -2.743170    2.792072    0.755576
0.678844  0.916339  -0.121169  -1.154417  -0.271141  0.472377  1.269233  0.984344  -1.327064  -1.593114  
-0.606763  0.335954  -0.242661  -0.411657  -0.620102  
 1    -1.259729    0.080624      0.732001   3141.000000      0.366925
 2    -1.866976    0.021340      0.841706   6397.000000      0.826094
 3    -1.994971    0.098252      0.864830   10135.000000      1.385392
 4    -2.279800    0.709187      0.916287   19598.000000      3.118750
 5    -2.427672    0.804836      0.943002   30384.000000      5.246986
 6    -2.560184    0.924445      0.966942   47311.000000      9.192275
 7    -2.667659    0.967753      0.986358   69548.000000     15.366377
 8    -2.712050    0.988515      0.994378   93134.000000     23.006274
 9    -2.711495    0.985634      0.994278   129430.000000     35.875125
10    -2.714578    0.987002      0.994835   194106.000000     58.401842
1.859365    0.493478    
1.795812    2.188675    0.675167    0.355572    
1.422909    2.161052    4.855746    0.666161    0.551086    1.325003    
4.777493    1.468950    6.283185    2.777304    0.498002    0.570894    0.335765    0.400278    
3.841063    2.027823    5.296445    3.584033    5.689590    0.320844    0.916293    0.195983    0.325168    1.323261    
4.761747    1.335056    6.283185    3.221777    6.255731    5.597268    0.568535    0.784164    0.268671    0.183479    1.190908    1.205668    
1.282038    5.017431    3.956054    3.952373    2.839221    5.151201    3.990649    0.740688    1.178942    0.000000    0.364323    0.522830    0.427523    0.368506    
1.406772    4.804032    3.646929    4.089646    2.646707    3.617702    3.233533    3.294285    0.774271    1.173426    0.119969    0.457651    0.529858    0.244163    0.428534    0.336203    
2.456980    0.972103    5.137016    4.314393    3.169947    3.439776    1.725120    2.483945    6.283185    0.499638    0.764592    0.497960    0.258093    0.446119    1.328412    0.688089    1.374179    1.323557    
2.540320    0.968092    5.111140    4.436530    3.197603    3.172511    1.935679    2.252939    6.283185    6.283185    0.552066    0.689215    0.525604    0.269848    0.395919    1.346751    0.676572    1.351082    1.307894    0.055313    
