 5    -2.079940    2.193059    0.117123
-0.643717  -1.251820  -0.563915  0.331439  1.203907  0.410914  1.678242  -1.025964  -0.021762  0.530480  
-0.300000  1.000000  1.000000  1.000000  1.000000  
 1    -0.599432    0.000596      0.653520   2628.000000      0.306836
 2    -1.152422    0.440509      0.782935   5888.000000      0.761559
 3    -1.343045    0.467821      0.827546   9791.000000      1.330457
 4    -1.557704    0.587324      0.877782   14480.000000      2.125149
 5    -1.790270    0.682619      0.932209   20466.000000      3.152705
 6    -1.845508    0.789591      0.945136   28291.000000      4.874971
 7    -1.931554    0.837281      0.965274   36980.000000      7.006492
 8    -2.029901    0.953716      0.988289   48711.000000     10.316379
 9    -2.038581    0.952489      0.990321   65451.000000     15.409445
10    -2.060929    0.936305      0.995551   83668.000000     23.946860
3.721636    0.821464    
3.755488    3.666645    1.008755    1.158428    
3.709718    3.682975    4.262301    0.990754    1.170294    0.191211    
3.776049    3.791592    4.400317    3.418637    0.779884    0.935573    0.209630    1.296178    
4.104741    3.861318    4.591409    3.105809    4.563128    0.649163    0.798530    0.157146    1.192946    1.079295    
3.726711    3.660971    3.780789    4.373382    3.545397    0.627378    0.825209    0.815473    0.158180    1.263637    0.265099    1.388197    
3.934529    3.595244    4.809662    2.366556    1.721090    5.443798    5.673613    0.846117    1.450001    1.395458    1.197535    0.330481    0.249930    0.038770    
3.813711    3.739313    3.570723    4.598748    3.625780    0.314952    1.159765    1.758197    0.665670    0.802426    0.000000    1.451041    0.535915    1.140044    1.265478    1.357571    
3.803877    3.743157    3.539180    4.567181    3.687143    0.340658    1.135378    1.694255    6.118314    0.641843    0.792378    0.000000    1.448692    0.489499    1.220677    1.234335    1.339849    0.060413    
3.770850    3.618321    4.019671    4.420474    3.467802    0.565360    1.438706    3.218725    1.773732    1.320239    0.890355    0.704188    0.187497    1.438647    0.362053    1.318620    1.328355    1.424735    0.185746    1.489420    
