 5    -2.194213    2.673655    0.623585
-0.913186  0.596383  0.783402  -0.561723  -0.291456  1.049971  0.974512  -0.630528  -0.053466  1.690651  
-0.122606  -0.029291  0.425293  0.290683  -0.291791  
 1    -1.164660    0.336407      0.788500   3216.000000      0.367058
 2    -1.550652    0.492320      0.867794   7096.000000      0.977806
 3    -1.823816    0.637576      0.923910   11246.000000      1.567406
 4    -2.019730    0.766634      0.964156   16814.000000      2.401845
 5    -2.069895    0.807963      0.974461   29016.000000      5.022602
 6    -2.080734    0.826894      0.976688   43504.000000      8.368818
 7    -2.118716    0.894636      0.984491   58249.000000     11.926641
 8    -2.151493    0.943047      0.991224   80266.000000     18.230960
 9    -2.174018    0.978088      0.995851   95939.000000     23.280027
10    -2.190539    0.997684      0.999245   152444.000000     43.949211
5.368718    0.580305    
4.355699    5.907244    0.625173    0.289521    
4.657294    5.837104    6.283185    0.697535    0.373821    0.235873    
4.013870    5.128058    6.283185    6.283185    0.596047    0.376932    0.274925    0.178297    
3.079188    4.889289    5.889854    6.283185    5.954563    0.593320    0.413070    0.275101    0.221114    0.117255    
2.702424    4.792946    5.595206    6.283185    6.130076    6.283185    0.656059    0.469824    0.333737    0.224643    0.165131    0.081392    
3.825417    5.185277    6.283185    6.283185    6.283185    6.283185    6.125503    0.586427    0.457460    0.354588    0.248135    0.035166    0.092892    0.139889    
3.356114    5.379994    6.283185    6.283185    5.868791    6.283185    6.283185    6.283185    0.565898    0.418930    0.339227    0.323861    0.081127    0.000000    0.174739    0.117749    
3.350493    4.985297    6.283185    6.283185    5.900459    6.283185    6.283185    6.283185    6.283185    0.572868    0.372609    0.291241    0.310748    0.173974    0.000000    0.078237    0.162839    0.094853    
3.176339    4.995298    6.080390    6.283185    5.623275    6.283185    6.283185    6.283185    6.283185    5.967606    0.574313    0.406642    0.258915    0.226643    0.183852    0.108228    0.048445    0.059587    0.142307    0.102827    
