 5    -1.235859    2.166940    0.202698
0.045279  -0.499267  -1.271602  -0.517983  0.510143  -0.288202  -0.237575  -0.498752  -0.734063  1.241094  
-0.300000  1.000000  1.000000  1.000000  1.000000  
 1    -0.491235    0.408417      0.781173   2451.000000      0.288873
 2    -0.688110    0.270442      0.839030   6500.000000      0.842581
 3    -0.810441    0.262058      0.874980   10019.000000      1.395406
 4    -1.031647    0.569121      0.939987   14828.000000      2.180105
 5    -1.041234    0.478845      0.942805   21360.000000      3.358881
 6    -1.129112    0.713493      0.968630   27653.000000      4.871836
 7    -1.126949    0.757387      0.967994   37461.000000      7.480287
 8    -1.161916    0.739271      0.978270   50836.000000     11.264726
 9    -1.204309    0.949834      0.990728   71294.000000     17.931680
10    -1.215589    0.946863      0.994043   100519.000000     30.183443
3.536581    0.760113    
3.563376    1.497976    0.579447    1.266930    
4.514850    6.283185    1.317059    1.259161    1.287833    0.216133    
4.287771    4.945595    2.961156    5.234578    1.156306    0.969501    1.300700    0.331551    
3.644261    1.838873    5.002171    3.125136    4.376309    0.523949    1.310692    0.246050    1.385178    1.277587    
3.612919    1.299164    5.418043    3.311063    4.056784    5.120072    0.680478    1.396762    0.177875    1.287948    1.316202    1.337129    
3.670914    1.605500    5.317223    2.847428    4.676519    1.827603    6.168442    0.552849    1.408299    0.235165    1.560819    1.275208    1.284567    0.106947    
4.613403    4.983674    1.765975    3.380720    6.215881    5.633799    6.016550    2.438856    1.139039    0.427386    1.207848    0.048781    0.080351    1.360821    1.396762    0.208346    
3.725805    0.793839    5.899319    2.301814    5.444606    1.829169    5.701607    3.054204    3.178453    0.600746    1.371394    0.299064    1.417455    1.425475    1.065564    0.374500    1.105851    0.269996    
3.705433    2.060627    4.844658    3.598734    4.256778    1.955296    1.850537    2.019883    6.016266    1.991365    0.513852    1.321419    0.355535    1.480776    1.241064    1.070472    0.114941    0.279936    1.301451    1.281048    
