 5    -2.670273    2.154830    1.098346
0.696245  -2.444617  -0.260982  -0.113475  -0.320669  0.034260  -0.922643  -1.114682  -0.286673  1.218300  
-0.300000  1.000000  1.000000  1.000000  1.000000  
 1    -1.011502    0.424517      0.656221   3018.000000      0.423045
 2    -1.350818    0.450133      0.726544   5479.000000      0.749712
 3    -1.820900    0.578386      0.823968   9790.000000      1.531591
 4    -1.931045    0.712814      0.846795   14346.000000      2.376791
 5    -2.050866    0.745268      0.871628   21110.000000      4.243134
 6    -2.192475    0.691180      0.900977   26938.000000      4.579708
 7    -2.373430    0.860907      0.938479   34990.000000      6.541312
 8    -2.464353    0.884098      0.957323   49012.000000     10.181931
 9    -2.568253    0.951991      0.978856   68595.000000     16.524131
10    -2.604981    0.965521      0.986468   81875.000000     21.514674
3.611994    0.708124    
3.633214    3.211064    0.540809    0.320920    
4.579864    0.893214    4.079158    0.983933    0.348993    0.356661    
3.694417    2.948936    1.418464    3.797446    0.408795    0.347945    0.197113    1.233231    
3.732053    2.933497    1.460521    3.602103    3.638385    0.421607    0.310625    0.209030    1.323371    1.398641    
3.498856    0.944046    2.622692    1.474632    5.362023    3.964670    0.942372    0.914578    0.551399    0.445969    0.165837    1.396711    
3.596725    1.521468    6.283185    1.319048    5.937138    0.988661    2.530787    0.917574    0.205045    1.384468    1.168110    0.059593    0.313961    0.172816    
3.817871    1.219715    2.685898    6.271653    0.483386    1.355548    6.063577    4.015146    0.467440    1.317770    0.502905    0.553500    1.089039    1.033802    0.245188    0.322496    
3.787425    1.016099    2.520015    2.029614    5.906754    3.194439    2.185163    6.278822    5.760196    0.515835    1.280129    0.481814    0.199163    1.183261    0.470767    1.158124    0.239463    1.483002    
3.774577    0.635321    2.999521    6.162353    5.998210    1.339999    3.012829    4.671518    5.018857    5.425958    0.476537    1.420279    0.353770    0.250967    1.348766    1.036117    0.512010    0.066302    1.243230    1.544271    
