 5    -1.564938    3.163184    0.331881
-0.217286  -0.915852  1.062431  0.444871  -0.375857  -1.325971  -0.652894  -0.842896  -0.447425  1.539325  
-0.520761  -0.035672  -0.133412  0.331098  -0.379017  
 1    -0.995039    0.081049      0.879466   3264.000000      0.370803
 2    -1.130364    0.013060      0.908087   7204.000000      0.908416
 3    -1.171656    0.001453      0.916821   12322.000000      1.653128
 4    -1.177540    0.000223      0.918065   20722.000000      3.067530
 5    -1.181984    0.000879      0.919005   27277.000000      4.416534
 6    -1.197227    0.000022      0.922229   43749.000000      8.080389
 7    -1.221088    0.008436      0.927276   75154.000000     16.383307
 8    -1.229697    0.004954      0.929096   158414.000000     42.467841
 9    -1.278015    0.318371      0.939316   212037.000000     62.553967
10    -1.301239    0.337596      0.944228   242527.000000     73.157399
5.214651    0.516878    
4.308304    4.681177    0.552805    0.254859    
2.910567    4.455798    5.292744    0.585921    0.434969    0.192167    
2.277335    4.243485    4.887348    5.811778    0.641761    0.471883    0.339979    0.121543    
2.604223    4.272071    5.139135    6.283185    6.283185    0.600641    0.432326    0.257481    0.000000    1.505007    
2.244643    4.311966    4.399596    5.808855    5.808735    6.283185    0.633795    0.427971    0.263978    0.000000    1.406354    1.449932    
2.816396    3.112338    4.953731    6.283185    1.854711    4.810029    6.283185    0.420411    0.395992    0.048150    1.268825    0.000000    1.253861    1.410543    
2.147920    3.715680    4.901911    5.569753    5.867266    6.024979    6.051811    6.283185    0.689039    0.487593    0.398785    0.032213    1.298062    1.237427    1.283142    1.431414    
2.325717    6.283185    6.195470    6.283185    6.283185    1.385116    6.283185    5.522378    3.444055    0.500280    0.851074    0.227298    0.000000    0.792261    1.518257    0.857353    1.570796    1.551974    
2.050608    6.062505    6.082037    6.283185    6.283185    1.544765    6.283185    4.843334    4.226254    6.271049    0.411437    0.873984    0.243964    0.000000    0.797158    1.473535    0.828101    1.570796    1.570796    0.083594    
