 5    -1.768267    2.675475    0.258195
1.280115  -0.016914  1.288989  -1.524326  0.398734  0.280433  -0.312277  -1.152803  0.120756  -0.404666  
-0.460271  0.386058  -0.031452  -0.057376  -0.831250  
 1    -1.122245    0.346178      0.854622   4668.000000      0.585328
 2    -1.361498    0.596543      0.908462   8368.000000      1.029687
 3    -1.562963    0.778455      0.953799   11659.000000      1.550683
 4    -1.601971    0.840541      0.962577   16662.000000      2.417318
 5    -1.670307    0.880100      0.977955   24909.000000      3.993928
 6    -1.672275    0.920305      0.978398   30433.000000      5.341859
 7    -1.723459    0.940915      0.989917   50360.000000     10.397877
 8    -1.720858    0.965261      0.989331   57255.000000     12.276278
 9    -1.762051    0.987253      0.998601   76328.000000     17.839565
10    -1.733107    0.979751      0.992088   102675.000000     27.710313
5.830229    0.917013    
6.283185    6.283185    0.940503    1.352712    
6.220594    6.283185    4.496458    0.950691    1.229956    1.343953    
6.283185    6.283185    4.854412    6.283185    0.971879    1.234085    1.339081    1.478827    
3.150900    1.689910    6.283185    5.887091    6.103771    0.832164    1.371901    1.067922    1.266394    1.459260    
6.283185    6.283185    4.781667    6.283185    6.283185    6.283185    0.931212    1.139473    1.333330    1.470470    1.489189    1.435672    
3.035916    2.854887    5.662500    6.069399    6.283185    6.283185    5.776424    0.761984    1.348536    1.001435    1.256670    1.483058    1.453909    1.404363    
6.040746    6.283185    4.846073    6.151687    6.283185    6.283185    4.875808    6.283185    0.971770    1.166073    1.261830    1.390885    1.570796    1.434865    1.421615    1.514364    
3.057890    1.484690    6.283094    5.689625    5.423419    6.283185    6.283185    4.602660    5.297964    0.790738    1.390644    1.059855    1.179421    1.366460    1.570796    1.504965    1.419069    1.474416    
6.283185    6.283185    4.800153    6.283185    6.283185    6.283185    5.215014    6.227000    6.283185    6.283185    0.992290    1.147783    1.273726    1.389057    1.570796    1.411187    1.432484    1.518730    0.043467    1.529279    
