 5    -2.743170    2.792072    0.755576
0.678844  0.916339  -0.121169  -1.154417  -0.271141  0.472377  1.269233  0.984344  -1.327064  -1.593114  
-0.300000  1.000000  1.000000  1.000000  1.000000  
 1    -0.839153    0.129110      0.656019   2925.000000      0.337713
 2    -1.360443    0.408874      0.750196   6166.000000      0.794549
 3    -1.727716    0.521424      0.816547   9172.000000      1.251476
 4    -1.774208    0.567271      0.824947   14389.000000      2.080598
 5    -1.968583    0.523331      0.860063   19973.000000      3.089036
 6    -2.218501    0.791090      0.905213   26165.000000      4.388234
 7    -2.375183    0.855196      0.933519   34006.000000      6.355176
 8    -2.680812    0.957759      0.988734   47706.000000     10.221922
 9    -2.602172    0.932952      0.974527   62793.000000     15.257089
10    -2.697513    0.980702      0.991752   89742.000000     26.313196
6.154678    0.745440    
6.085407    5.832766    0.699053    0.420593    
6.025055    0.356066    5.299500    0.799943    1.305049    0.450760    
5.970530    0.269945    5.387902    4.996620    0.921101    1.198601    0.451099    0.091619    
4.930638    2.118072    4.147769    3.047913    6.283185    0.968084    0.283769    1.420828    0.568095    0.204735    
6.184192    6.039055    4.565860    3.478413    5.716415    4.396078    0.655708    0.356338    0.172741    1.359733    1.381878    0.280917    
6.003969    4.634842    2.108120    0.983213    2.887552    6.137405    6.183966    0.629017    0.646520    1.013401    0.145684    0.411961    1.401198    0.138087    
5.148771    5.683976    2.056811    1.783130    1.864238    5.318771    4.142353    4.145734    0.778683    0.518273    1.316801    0.561611    0.521585    0.323942    1.023393    0.405520    
6.029370    5.501391    5.407492    3.294807    5.126093    0.640714    4.915073    3.864303    4.987183    0.669992    0.518819    0.392212    1.368882    1.097759    0.630307    1.570796    0.063240    0.166292    
5.952548    5.551827    5.438013    3.213889    5.108821    0.596750    4.554660    5.525553    2.455692    2.038736    0.779860    0.577244    0.414771    1.363508    1.098149    0.393037    1.451456    1.366928    0.203350    0.026944    
