 5    -2.185791    1.663937    0.979606
-0.579335  -0.256799  -1.403429  0.787643  -0.286088  0.092368  0.611031  -0.920969  -0.368623  0.503275  
-0.300000  1.000000  1.000000  1.000000  1.000000  
 1    -0.480240    0.007247      0.556968   2730.000000      0.317019
 2    -0.871873    0.343390      0.658699   6074.000000      0.780949
 3    -1.386667    0.644488      0.792421   10778.000000      1.490267
 4    -1.623558    0.730977      0.853955   15490.000000      2.231453
 5    -1.870001    0.862975      0.917971   20476.000000      3.149821
 6    -1.945882    0.879349      0.937682   28158.000000      4.666898
 7    -2.033408    0.936804      0.960417   34927.000000      6.306073
 8    -2.094085    0.952451      0.976179   44274.000000      8.873601
 9    -2.104571    0.963984      0.978902   59809.000000     13.426582
10    -2.134223    0.972975      0.986605   81871.000000     20.964720
3.586468    0.730193    
3.401719    4.807543    0.935400    1.000553    
3.941277    3.908168    0.533558    0.371828    1.146483    0.765888    
4.025255    3.841308    0.546706    6.264302    0.400703    1.115349    0.759381    0.197274    
3.979425    3.934325    0.532402    6.283185    5.682782    0.462164    1.078608    0.832591    0.048501    0.274011    
3.910961    3.903382    0.508787    6.283185    6.132535    1.421939    0.418273    1.102807    0.828983    0.098903    0.172574    1.382254    
3.958539    3.976723    0.472387    6.283185    3.819334    3.744619    4.559804    0.425664    1.108784    0.850714    0.167958    1.412639    1.384584    0.126278    
4.055011    3.851880    0.537498    4.041331    2.641774    5.199301    1.715546    3.293722    0.461981    1.104823    0.827977    1.406052    0.162626    0.166669    1.421919    1.486786    
3.969216    3.944993    0.447510    6.283185    4.007075    3.467108    4.755106    3.354142    4.778997    0.459755    1.084249    0.802479    0.231062    1.382012    1.423708    0.183839    0.147702    0.047648    
4.249242    5.442074    4.924663    5.344216    3.648477    4.007463    3.920652    5.288593    2.412965    0.556951    1.388837    0.760086    0.660129    1.175546    1.166560    0.167407    0.238872    0.221631    0.497405    1.124173    
