 5    -1.830274    2.570468    0.217144
1.387236  0.963562  -0.944981  1.624400  0.264741  0.367542  0.797701  -0.556226  -0.100179  0.323385  
-0.300000  1.000000  1.000000  1.000000  1.000000  
 1    -0.497063    0.004647      0.697049   2772.000000      0.322969
 2    -0.751622    0.032041      0.754893   6667.000000      0.852924
 3    -1.065417    0.133010      0.826198   11528.000000      1.570789
 4    -1.179098    0.151874      0.852030   15063.000000      2.189751
 5    -1.408037    0.547066      0.904053   22850.000000      3.548165
 6    -1.576798    0.280612      0.942402   29718.000000      5.007655
 7    -1.645895    0.392328      0.958103   36019.000000      6.665745
 8    -1.714857    0.828380      0.973773   50763.000000     10.617194
 9    -1.707836    0.886359      0.972178   65087.000000     15.107678
10    -1.787118    0.938304      0.990193   88057.000000     23.151781
3.703610    0.827061    
3.858057    5.256765    0.480818    1.150701    
4.031294    4.534342    2.818236    0.434049    1.023803    0.393759    
3.469582    1.455365    5.494544    2.611762    0.881006    1.261940    1.148954    0.487139    
3.490215    2.278041    5.156270    4.592654    6.171311    0.605616    0.303916    0.106488    0.746509    0.977007    
2.970958    5.408483    1.397235    2.848071    3.512286    1.062572    0.510073    1.251915    1.361901    0.370586    1.293251    0.082983    
2.915118    5.445577    1.411191    2.766154    3.561012    1.182794    6.213188    0.544260    1.240695    1.380167    0.372154    1.364839    0.154740    1.424994    
3.257538    1.539228    5.590483    2.471471    3.225661    4.909372    2.860967    6.069395    0.879631    1.184757    1.234154    0.306569    1.495111    1.058716    1.331900    0.909707    
3.267804    1.738478    2.848191    2.097401    4.042881    4.709417    1.565542    5.856938    2.761458    1.384670    1.369503    0.592230    0.613230    1.421118    0.243370    0.416327    1.493412    0.233510    
4.344559    2.718153    5.801510    5.668373    5.988016    3.256168    2.721915    0.713430    4.385435    5.501294    1.305991    0.132917    0.445467    0.103146    0.455980    0.837873    0.455452    0.214275    1.193106    0.316529    
