 5    -1.843471    1.776668    0.371121
0.659883  0.275174  0.023310  -0.031400  -0.488760  1.769949  -1.057899  0.536744  0.252211  -0.359362  
-0.068962  0.421841  0.087748  -0.178755  0.594922  
 1    -1.085949    0.364076      0.790748   2937.000000      0.337705
 2    -1.492851    0.639151      0.903148   7431.000000      0.942687
 3    -1.658592    0.806358      0.948931   11634.000000      1.568077
 4    -1.777750    0.936755      0.981846   16875.000000      2.384427
 5    -1.809259    0.960408      0.990550   26683.000000      4.304348
 6    -1.819360    0.972660      0.993340   46563.000000      8.975481
 7    -1.836586    0.994934      0.998098   59776.000000     12.516814
 8    -1.842313    0.999205      0.999680   114026.000000     29.368514
 9    -1.843325    0.999882      0.999960   163265.000000     46.744191
10    -1.843441    0.999982      0.999992   215856.000000     68.070323
5.267436    0.619157    
4.153278    5.494208    0.601819    0.288672    
3.622804    5.356603    6.283185    0.622409    0.418037    0.202940    
3.586579    5.286664    6.283185    6.283185    0.615814    0.444339    0.289177    0.155393    
2.673168    4.741426    5.536358    6.283185    6.283185    0.604850    0.466850    0.327251    0.228664    0.103846    
2.250115    4.380622    5.137640    6.041654    6.283185    6.237591    0.631508    0.485023    0.374085    0.259274    0.162909    0.065908    
3.024921    5.054640    5.657500    6.283185    6.283185    6.283185    6.283185    0.637948    0.507849    0.373435    0.273164    0.132786    0.100261    0.089070    
1.963492    4.331577    5.182435    6.035147    6.266598    6.283185    6.283185    6.178319    0.619236    0.513866    0.426226    0.322334    0.210559    0.106262    0.099144    0.065227    
1.610572    3.672457    4.625044    5.468114    5.991270    6.128252    6.274982    6.031983    5.947542    0.626787    0.500225    0.437093    0.352379    0.262625    0.157709    0.096794    0.087320    0.042095    
1.452631    3.328253    4.409994    5.317597    5.956539    6.237313    6.283185    5.935200    5.881808    6.212217    0.623062    0.506528    0.452407    0.375875    0.290048    0.192285    0.112814    0.086104    0.058114    0.017004    
