 5    -3.138114    2.339502    1.434527
0.820438  1.229717  -0.763083  1.311323  -0.551206  2.015658  0.939756  -0.160168  -0.856489  0.569047  
-0.300000  1.000000  1.000000  1.000000  1.000000  
 1    -0.768925    0.068087      0.567478   2898.000000      0.334960
 2    -1.082497    0.225852      0.624724   5373.000000      0.686900
 3    -1.620523    0.426731      0.722947   9524.000000      1.298017
 4    -2.144679    0.618791      0.818637   13532.000000      1.955678
 5    -2.514736    0.715428      0.886195   18455.000000      2.811135
 6    -2.599405    0.804529      0.901653   24834.000000      4.083078
 7    -2.943344    0.912674      0.964442   32871.000000      5.859391
 8    -2.875724    0.908494      0.952098   41206.000000      8.298240
 9    -3.001835    0.953699      0.975121   52742.000000     11.762884
10    -3.031743    0.964930      0.980581   69348.000000     17.439544
3.001494    0.481603    
3.003745    6.283185    0.526522    1.264699    
3.170869    6.095199    1.233432    0.524662    1.159545    1.214677    
3.218691    6.163634    1.091869    4.019982    0.555521    1.190234    1.207233    0.302645    
3.196030    6.245555    1.158295    5.872432    1.774161    0.498439    1.052337    1.232444    1.282923    1.268366    
3.133532    6.131662    0.985317    3.850925    3.006169    1.923334    0.609818    1.188289    1.222075    0.241152    1.274403    1.360314    
2.837200    5.525316    2.706295    5.239704    1.480271    2.242469    2.441572    1.008960    0.736288    0.523436    0.889937    1.177737    0.179280    1.282887    
2.823335    5.585149    2.601534    5.277397    1.503594    4.751665    1.253940    0.615458    0.953422    0.785359    0.409784    0.864180    1.136072    1.267078    1.416464    1.511787    
3.375455    2.005150    4.329350    4.987104    2.433228    1.536488    3.053687    3.822131    6.283185    0.603907    0.288202    0.982230    0.321655    1.239801    1.105162    1.495653    0.202095    0.105106    
2.831853    5.532868    2.709683    5.241355    1.457587    2.092560    2.597745    3.107834    2.064295    0.937361    1.048162    0.756520    0.549403    0.903607    1.207276    0.232596    1.243703    0.080439    0.064033    0.054882    
