 5    -2.597815    3.419773    0.104090
0.709056  0.857144  1.688367  2.164774  -0.970375  1.072576  1.688920  0.015477  -0.012332  0.213066  
0.118964  0.282020  0.092752  -0.675973  -0.135003  
 1    -1.307586    0.413479      0.785590   3138.000000      0.362069
 2    -2.173705    0.790635      0.929522   6817.000000      0.914099
 3    -2.425651    0.921198      0.971390   12472.000000      1.753755
 4    -2.547757    0.979122      0.991681   20380.000000      3.135955
 5    -2.576723    0.991188      0.996495   28506.000000      4.604974
 6    -2.594551    0.998053      0.999458   45332.000000      8.738335
 7    -2.597155    0.999406      0.999890   101861.000000     24.971587
 8    -2.597702    0.999692      0.999981   203696.000000     55.497218
 9    -2.597730    0.999750      0.999986   204254.000000     56.298980
10    -2.597782    0.999948      0.999995   252544.000000     73.829614
5.459040    0.623818    
4.514725    5.255575    0.547646    0.326691    
3.292788    5.363377    5.507911    0.578888    0.400867    0.216536    
2.667804    4.833888    5.280352    5.929698    0.581991    0.450564    0.293033    0.144487    
2.337455    4.544954    5.163745    5.760187    6.283185    0.627091    0.473807    0.363723    0.212591    0.084552    
2.267641    4.272512    4.911800    5.644575    6.162275    6.283185    0.609612    0.482522    0.384506    0.274240    0.138558    0.069853    
1.662302    3.543906    4.398927    5.114823    5.733451    6.283185    6.283185    0.600997    0.476820    0.415213    0.328576    0.214098    0.112823    0.045082    
1.192142    2.941413    3.958446    4.717969    5.289996    5.887802    6.274568    6.283185    0.629221    0.511220    0.444206    0.382127    0.291705    0.183570    0.094490    0.034617    
1.187835    2.903656    3.920539    4.720533    5.298817    5.899172    6.241899    6.281412    4.216403    0.632233    0.517137    0.450923    0.390669    0.305051    0.195284    0.103335    0.039299    0.004984    
1.276667    3.037949    3.990565    4.782777    5.366928    5.915767    6.190835    6.047640    4.586646    5.211921    0.642114    0.533522    0.468119    0.409183    0.330411    0.232047    0.135355    0.060853    0.021908    0.012936    
