 5    -2.589479    2.660096    1.095302
-0.374470  1.163536  1.171028  0.762805  -1.399164  -0.805286  -0.567384  0.003154  0.933997  -1.232669  
-0.300000  1.000000  1.000000  1.000000  1.000000  
 1    -1.228736    0.476953      0.740790   2790.000000      0.389870
 2    -1.941269    0.741846      0.876521   5568.000000      0.975914
 3    -2.234370    0.855023      0.932355   9157.000000      1.290098
 4    -2.390813    0.919628      0.962156   12567.000000      1.795885
 5    -2.259855    0.849927      0.937209   16768.000000      2.608125
 6    -2.489878    0.962625      0.981027   22564.000000      3.795673
 7    -2.549662    0.984224      0.992415   30662.000000      5.705060
 8    -2.553418    0.987288      0.993131   41254.000000      8.828125
 9    -2.568559    0.990577      0.996015   56698.000000     13.539947
10    -2.587908    0.999168      0.999701   71883.000000     19.008532
0.440446    0.526874    
0.382009    0.447393    0.625901    0.362422    
0.332502    0.416175    0.524762    0.637212    0.462452    0.218717    
0.403335    0.426550    4.489161    6.175589    0.597804    0.403275    0.185590    1.378391    
0.361432    5.982958    2.520580    6.089517    4.409655    0.614225    1.294360    0.215146    1.391430    1.236557    
0.395445    0.448794    4.525669    6.172207    3.195382    3.592975    0.592983    0.309173    0.149813    1.338218    1.510793    1.446424    
0.280762    0.399262    0.491738    6.171502    6.011267    2.211017    2.146845    0.640676    0.458528    0.294198    1.482531    0.111793    1.496766    0.088425    
0.362470    0.435248    4.584356    0.474950    1.179193    6.283185    4.961407    3.103528    0.599048    0.303647    0.093807    0.139341    1.407747    0.141764    1.497735    0.053998    
0.395347    0.454582    4.537822    6.178895    3.040789    0.512210    2.275721    2.830109    4.470646    0.611098    0.282800    0.086184    1.496643    1.406759    1.377392    0.148807    0.049566    1.484349    
0.227680    0.379454    0.424348    2.347814    0.609254    1.250012    2.438180    3.950531    2.350180    4.995354    0.624799    0.463160    0.257066    1.468551    1.417433    0.093879    1.528803    1.558207    0.054107    1.514104    
