 5    -2.265862    3.125811    1.294050
1.228264  -0.961592  -1.375194  -0.666736  -0.408250  -0.159367  -1.010143  -0.272901  1.148510  0.304371  
-0.300000  1.000000  1.000000  1.000000  1.000000  
 1    -0.779923    0.422038      0.724401   2748.000000      0.326109
 2    -1.225515    0.426121      0.807046   6092.000000      0.802190
 3    -1.362201    0.456300      0.832397   9405.000000      1.312591
 4    -1.438478    0.501938      0.846544   13974.000000      1.981505
 5    -1.721855    0.680628      0.899102   19093.000000      2.980486
 6    -1.801079    0.765617      0.913796   26103.000000      4.523445
 7    -1.952682    0.814028      0.941914   37805.000000      7.507525
 8    -2.038186    0.861324      0.957773   49111.000000     10.811307
 9    -2.108618    0.911001      0.970836   63396.000000     15.200032
10    -2.213689    0.970458      0.990323   83384.000000     24.277704
3.573470    0.742459    
2.816981    5.081506    0.573210    1.188890    
2.883276    5.125328    5.790471    0.553794    1.194356    1.381712    
3.530405    3.273788    0.874285    1.943101    0.695400    1.136219    1.123525    0.203468    
3.243056    0.680501    4.744684    1.296873    4.075430    1.367414    1.041912    1.409982    1.404564    1.070346    
3.363153    5.444491    5.396354    5.290966    4.131323    1.286377    0.717530    1.445361    1.157057    1.270414    1.318229    0.230326    
3.236536    5.656291    5.264672    5.146197    0.908347    1.634698    6.283185    0.466956    1.260848    1.191698    1.111525    1.438361    0.436554    1.402280    
2.933309    3.961952    0.737042    1.255784    4.069824    0.624317    5.513367    1.167962    0.421533    1.076466    0.728850    0.870717    1.357307    0.497209    1.078153    0.167426    
3.732128    4.351621    2.441766    2.781359    1.365124    6.265608    1.251795    3.818787    4.876107    0.715028    1.434060    1.354576    0.224080    0.253413    1.570796    1.082177    0.184758    1.408071    
4.184067    3.724837    0.874046    5.841469    1.280787    4.174338    4.386271    3.409892    4.269697    5.296219    0.768164    1.411895    1.022591    1.433811    0.511370    1.460620    1.374870    0.378420    1.489017    0.111346    
