 5    -2.378962    3.892400    0.524338
1.412241  2.337697  1.611915  1.649743  0.798248  -0.038336  -0.416919  0.573888  0.379333  0.395861  
0.924956  0.071081  0.148929  0.115476  0.175079  
 1    -1.193130    0.138473      0.810913   3162.000000      0.361350
 2    -1.539097    0.291733      0.866079   6230.000000      0.785905
 3    -1.889320    0.568767      0.921924   9971.000000      1.332212
 4    -2.000938    0.630520      0.939722   15734.000000      2.268259
 5    -2.105785    0.688528      0.956441   24007.000000      3.821685
 6    -2.112984    0.690870      0.957588   34618.000000      6.285914
 7    -2.139532    0.717825      0.961822   48351.000000      9.595061
 8    -2.159497    0.740890      0.965005   61698.000000     13.281244
 9    -2.193982    0.778915      0.970504   84707.000000     20.825819
10    -2.226653    0.825663      0.975713   102199.000000     27.393485
4.805475    1.241647    
3.895779    6.283185    1.217708    1.379791    
4.271037    6.283185    6.283185    1.185137    1.330700    1.356934    
2.974432    6.283185    6.283185    5.950780    1.157644    1.344584    1.347969    1.425086    
3.653098    6.283185    5.714732    6.283185    6.280439    1.120702    1.361612    1.394071    1.432508    1.413476    
3.039847    6.127030    6.283185    6.283185    6.116420    6.283185    1.114045    1.309292    1.382422    1.438828    1.440436    1.508665    
3.892798    6.283185    4.612549    6.283185    6.283185    6.283185    6.283185    1.101881    1.392979    1.359861    1.421577    1.427901    1.569929    1.469330    
3.448675    6.283040    6.283185    6.033281    6.283185    6.283185    6.283185    6.283185    1.115544    1.326018    1.381850    1.388580    1.445696    1.570796    1.536772    1.475380    
3.820974    6.283185    3.889025    6.283185    5.837249    6.283185    6.283185    6.283185    6.283185    1.088056    1.390976    1.368719    1.436456    1.366880    1.544258    1.498366    1.569316    1.451950    
3.722579    6.283185    5.465632    6.283185    6.283185    6.283185    6.283185    6.283185    6.283185    6.283185    1.106831    1.363617    1.362962    1.427829    1.421766    1.516771    1.521099    1.570796    1.505866    1.464931    
