 5    -1.235859    2.166940    0.202698
0.045279  -0.499267  -1.271602  -0.517983  0.510143  -0.288202  -0.237575  -0.498752  -0.734063  1.241094  
0.229935  0.232066  -0.106597  0.340400  -0.284255  
 1    -0.681726    0.027206      0.837154   3003.000000      0.375755
 2    -0.899147    0.003028      0.901049   6660.000000      0.842879
 3    -0.984588    0.000695      0.926158   12092.000000      1.641023
 4    -0.999053    0.000064      0.930409   18596.000000      2.739712
 5    -1.003089    0.000024      0.931595   29489.000000      4.873607
 6    -1.004122    0.000009      0.931898   59476.000000     12.133993
 7    -1.004383    0.000018      0.931975   100551.000000     23.860263
 8    -1.004498    0.000002      0.932009   136872.000000     36.374981
 9    -1.004515    0.000002      0.932014   159827.000000     46.602595
10    -1.004545    0.000003      0.932023   205373.000000     62.738086
5.642690    0.466403    
5.107301    6.283185    0.598372    0.311430    
3.505680    5.899269    6.099872    0.609552    0.480096    0.243996    
2.907003    5.410206    5.643841    6.283185    0.635541    0.485677    0.359748    0.137350    
2.540435    4.786381    5.153085    5.662484    6.283185    0.617219    0.471573    0.383620    0.231559    0.075372    
2.270697    4.471201    5.054632    5.610062    6.098187    6.283185    0.615318    0.477354    0.410833    0.281889    0.134723    0.038908    
2.217241    4.381650    5.082608    5.732533    6.236131    6.283062    6.283185    0.622155    0.492141    0.431222    0.318736    0.177325    0.072555    0.021875    
1.580605    3.446835    4.552216    5.236108    5.845510    6.283185    6.270404    6.283185    0.592084    0.487233    0.448683    0.377212    0.265803    0.143746    0.060760    0.019506    
1.620691    3.659190    4.583060    5.186373    5.505003    5.463737    5.231803    5.209926    5.915203    0.637229    0.517610    0.459022    0.385284    0.275696    0.163060    0.088185    0.046151    0.017106    
1.464284    3.291072    4.252191    5.098272    5.638181    6.142424    6.258363    4.354442    4.466576    5.190441    0.655969    0.530857    0.479449    0.427304    0.347774    0.233678    0.112704    0.039412    0.030076    0.008544    
