 5    -3.024046    2.308534    0.391275
-1.708201  -0.685090  0.474089  1.287810  -0.074869  0.118065  0.501762  1.971941  -1.543012  1.101359  
0.141722  0.799999  -0.152474  0.170888  -0.298939  
 1    -1.793567    0.527049      0.769253   3171.000000      0.401559
 2    -2.690012    0.901736      0.937360   6367.000000      0.830656
 3    -2.883316    0.953940      0.973609   12196.000000      1.697726
 4    -3.005886    0.993165      0.996595   19546.000000      2.982059
 5    -3.022333    0.999186      0.999679   29658.000000      5.034109
 6    -3.023384    0.999738      0.999876   52319.000000     10.284870
 7    -3.023893    0.999941      0.999971   87863.000000     19.896688
 8    -3.023897    0.999941      0.999972   111467.000000     26.726098
 9    -3.023935    0.999961      0.999979   109038.000000     26.647963
10    -3.024000    0.999980      0.999991   143850.000000     39.228761
4.855182    0.595340    
3.355118    3.709012    0.519515    0.352328    
2.060189    3.561579    3.660924    0.531270    0.411380    0.229694    
1.957721    3.301402    3.651825    4.002767    0.638044    0.456329    0.319317    0.180073    
1.475483    3.050228    3.382863    3.848359    4.422850    0.611237    0.466806    0.391098    0.226515    0.092976    
1.383584    2.824840    3.281462    3.705024    4.196528    4.474420    0.610857    0.474279    0.402850    0.288847    0.139466    0.044897    
1.146426    2.519405    3.153582    3.597765    4.150746    4.454620    5.119859    0.600205    0.482824    0.427776    0.334938    0.209459    0.090901    0.028830    
1.146667    2.518675    3.149905    3.594314    4.151586    4.452976    5.103112    4.327425    0.600787    0.482206    0.428166    0.336025    0.211075    0.094788    0.031064    0.002163    
1.099322    2.485674    3.132746    3.564315    4.047446    4.378539    4.847016    3.349877    5.452730    0.610021    0.494426    0.434443    0.347893    0.220498    0.104805    0.021196    0.000000    1.561230    
0.817010    2.067109    2.853695    3.350789    3.759679    4.258648    5.392563    1.364275    6.185182    4.819641    0.613094    0.509251    0.449190    0.386494    0.278986    0.147196    0.071657    1.519830    1.548035    1.553083    
