 5    -2.642060    1.845375    0.086546
-1.749765  0.342680  1.153036  -0.252436  0.981321  0.514219  0.221180  -1.070043  -0.189496  0.255001  
-0.300000  1.000000  1.000000  1.000000  1.000000  
 1    -0.669567    0.130491      0.560441   3327.000000      0.385792
 2    -1.370283    0.060033      0.716592   5949.000000      0.766646
 3    -1.882463    0.282670      0.830728   8701.000000      1.199952
 4    -2.096346    0.435574      0.878391   13695.000000      2.009769
 5    -2.177952    0.245712      0.896576   18231.000000      2.924524
 6    -2.331175    0.610055      0.930721   25447.000000      4.408048
 7    -2.416139    0.463647      0.949655   35803.000000      6.979136
 8    -2.490577    0.489830      0.966243   47099.000000     10.214792
 9    -2.552151    0.852576      0.979964   60781.000000     14.949767
10    -2.564370    0.907368      0.982687   75903.000000     21.900935
4.443825    0.575276    
4.581406    4.448944    0.658431    1.127380    
4.511700    4.567719    4.064869    0.611039    1.153761    0.296507    
4.566183    4.603336    4.131985    4.724145    0.650836    1.232672    0.251897    0.208888    
4.197498    2.359204    1.607879    5.189271    1.078915    1.057948    0.741331    0.574064    0.267348    0.238266    
4.714738    4.625000    1.588139    2.622476    4.560386    1.646121    0.636669    1.222540    0.164697    0.179475    0.213526    0.147405    
4.515816    4.586223    4.221430    4.574607    3.696373    3.671453    6.283185    0.766333    1.163831    0.333331    0.149616    0.120993    0.184019    1.337680    
4.707216    0.908381    4.406267    4.937467    3.851516    2.799447    3.399055    3.927069    0.528474    1.314047    0.678031    0.129512    0.609243    0.374254    1.229298    1.445569    
4.348257    0.903769    4.326751    2.905112    0.713588    3.985301    2.174139    2.530347    1.978680    0.534243    0.775027    0.095177    1.076194    0.371709    1.540263    0.188835    1.323472    0.074411    
2.697369    1.574967    5.113516    0.670603    5.859810    5.895249    6.134959    3.991956    4.007549    5.541444    0.978657    0.413866    0.584405    1.358833    1.217988    0.516895    1.389261    0.000000    0.190716    1.365176    
