 5    -1.012904    1.848152    0.084897
-0.804458  0.320932  -0.025483  0.644324  -0.300797  0.389475  -0.107437  -0.479983  0.595036  -0.464668  
-0.599248  -0.358316  -0.139345  0.226536  0.652187  
 1    -0.686070    0.485351      0.885765   2886.000000      0.350252
 2    -0.919948    0.822038      0.967510   6370.000000      0.836646
 3    -1.001327    0.940031      0.995953   11382.000000      1.627789
 4    -1.009644    0.970593      0.998860   16658.000000      2.519448
 5    -1.006093    0.946606      0.997619   25125.000000      4.139247
 6    -1.012692    0.999560      0.999926   40285.000000      7.431377
 7    -1.012823    0.999909      0.999972   65052.000000     14.552556
 8    -1.012881    0.999974      0.999992   96580.000000     24.133641
 9    -1.012861    0.999953      0.999985   136348.000000     38.953173
10    -1.012865    0.999957      0.999986   209552.000000     69.020375
2.476124    0.483081    
2.151289    2.731372    0.615691    0.323403    
1.572096    2.372973    2.668454    0.601782    0.468607    0.226704    
1.161186    2.146651    2.312662    2.718298    0.615843    0.472627    0.362983    0.144069    
1.426103    2.263176    2.458088    6.283185    3.766034    0.591124    0.456844    0.280179    1.469916    1.523676    
0.999621    1.982925    2.317705    2.659259    3.141531    3.519852    0.635224    0.513543    0.438536    0.311982    0.172139    0.057394    
0.939290    1.901005    2.236502    2.553870    2.929972    3.208550    6.283185    0.626671    0.504103    0.435885    0.315805    0.174722    0.066049    1.556041    
0.694832    1.510543    1.972160    2.291085    2.589729    2.890457    3.065740    5.922905    0.601743    0.493100    0.450246    0.373330    0.256326    0.138536    0.051683    1.562417    
0.913343    1.864064    2.202940    2.522448    2.909857    3.317095    6.283185    4.551751    5.859971    0.620670    0.495894    0.432071    0.313153    0.175135    0.066443    1.560287    0.008365    1.569230    
0.900258    1.841106    2.183455    2.495259    2.867090    3.266699    6.264000    4.994388    5.354596    6.041055    0.619461    0.494749    0.432264    0.315754    0.176734    0.066395    1.556474    0.007331    1.570796    1.569411    
