 5    -2.802020    3.383814    1.200402
1.348629  1.991068  1.393069  -0.686884  -0.095791  -0.756370  0.561199  0.751012  -1.191746  -1.487929  
-0.300000  1.000000  1.000000  1.000000  1.000000  
 1    -1.157242    0.476967      0.734106   2850.000000      0.387399
 2    -1.913511    0.738480      0.856364   5440.000000      0.815694
 3    -2.365951    0.845311      0.929505   9100.000000      1.472511
 4    -2.754226    0.982642      0.992274   13146.000000      2.547353
 5    -2.693121    0.957855      0.982395   18979.000000      3.275690
 6    -2.798439    0.998400      0.999421   24730.000000      4.130985
 7    -2.799507    0.998793      0.999594   33849.000000      6.313264
 8    -2.776128    0.990200      0.995814   43594.000000      9.172249
 9    -2.800894    0.999535      0.999818   58736.000000     14.093001
10    -2.798762    0.998613      0.999473   94779.000000     26.851457
0.440928    0.525872    
0.393291    0.469436    0.627584    0.373050    
0.381199    0.443002    0.564856    0.643117    0.461588    0.230642    
0.383018    0.447004    0.575169    0.601450    0.645311    0.440864    0.289193    0.204401    
0.280224    0.401707    0.442268    4.421468    6.206318    0.639103    0.442664    0.270188    0.166741    1.406595    
0.220590    0.397949    0.463967    0.579801    0.580068    2.277550    0.629031    0.508385    0.361515    0.262346    0.155412    1.548928    
0.200532    0.383320    0.443669    0.549564    0.582707    2.293259    2.303362    0.626360    0.517504    0.391225    0.271422    0.171815    1.531105    0.027507    
0.278049    0.419593    0.515927    6.197642    4.416221    2.109124    2.989340    2.635125    0.666948    0.470422    0.242139    1.438753    1.432445    1.521572    0.091518    1.470671    
0.236166    0.387482    0.446109    0.549933    0.501920    4.120016    6.275454    4.142073    1.702117    0.632100    0.510624    0.386527    0.278109    0.105509    0.083064    1.480895    1.524991    1.505355    
0.232283    0.372065    0.438357    3.038665    3.317259    0.620900    1.115107    2.565013    3.553091    4.957217    0.575914    0.453057    0.222210    1.552020    1.461666    1.444007    0.117483    1.525648    1.492685    0.044677    
