 5    -1.242666    1.481747    0.005383
-0.923498  -0.196534  0.260503  -0.102614  -0.289689  0.713549  1.119250  -0.355867  -0.124338  0.141519  
-0.300000  1.000000  1.000000  1.000000  1.000000  
 1    -0.424319    0.206502      0.699624   2886.000000      0.440099
 2    -0.567790    0.082066      0.752286   5486.000000      0.933726
 3    -0.802359    0.157483      0.838385   9763.000000      1.443009
 4    -0.965149    0.136676      0.898137   13994.000000      2.022974
 5    -1.024913    0.361278      0.920074   18808.000000      2.885224
 6    -1.103445    0.030697      0.948899   26457.000000      4.464977
 7    -1.119893    0.062169      0.954936   35134.000000      6.674698
 8    -1.197730    0.339583      0.983506   44791.000000      9.347002
 9    -1.218676    0.458537      0.991195   59366.000000     13.648368
10    -1.232358    0.460981      0.996216   77287.000000     20.195498
1.556794    1.177930    
1.513267    4.400707    1.126560    1.321566    
4.628910    5.148393    3.775374    0.478395    0.531234    0.252783    
1.293111    4.885595    2.108210    2.666872    0.967592    1.465990    0.509407    0.409426    
2.578437    5.234189    0.681505    2.898798    2.304507    0.308948    0.540813    0.271398    0.948188    0.260823    
1.509088    4.322832    0.605521    1.533323    4.688942    3.142167    1.002332    1.180947    0.393717    0.257530    1.263728    1.350376    
1.566558    4.335178    0.667457    1.289132    4.891079    0.916330    3.876840    0.970712    1.219653    0.322370    0.264063    1.295054    1.326381    0.121896    
2.744963    5.148960    0.736948    2.785075    2.458599    6.283185    4.092589    6.149839    0.285106    0.634961    0.351780    0.921605    0.277522    1.465863    1.365330    0.233560    
1.542268    4.738077    0.336850    1.299954    2.707616    1.260452    4.017105    1.509518    5.020144    0.556079    0.879315    0.904829    0.544603    1.120458    1.305112    0.153654    1.465227    0.040104    
1.292624    6.142219    1.282574    0.999860    5.894684    2.780914    5.495115    3.974762    2.310709    5.116557    0.740602    0.299596    0.413637    1.290623    0.193675    0.223653    0.238025    0.174588    0.064143    0.093875    
