 5    -1.818863    1.501846    0.001002
0.222694  0.208597  0.246924  0.946107  -0.909334  0.788368  -0.080894  1.422173  0.389988  0.123607  
-0.210849  0.186679  0.306548  -0.351331  -0.134841  
 1    -0.933780    0.080298      0.733466   2967.000000      0.342807
 2    -1.155878    0.040189      0.800348   6894.000000      0.876291
 3    -1.182000    0.075496      0.808215   11997.000000      1.622151
 4    -1.251712    0.089816      0.829208   19388.000000      3.012751
 5    -1.282942    0.084299      0.838612   31343.000000      5.376636
 6    -1.296506    0.075814      0.842697   49053.000000      9.400002
 7    -1.380055    0.072680      0.867857   62823.000000     12.821640
 8    -1.456160    0.217469      0.890775   79460.000000     17.785685
 9    -1.464246    0.221205      0.893211   114611.000000     28.841796
10    -1.732396    0.224461      0.973961   178054.000000     52.918138
5.187955    0.488481    
4.742802    5.647860    0.580527    0.241198    
5.975980    6.283185    6.283185    0.683255    0.150910    1.373955    
5.918847    6.283185    5.880188    6.066189    0.672961    0.180613    1.274092    1.382238    
2.830093    6.283185    5.937718    6.283185    6.283185    0.735359    0.533623    0.147628    1.264745    1.335039    
4.642301    4.785397    6.283185    6.283185    2.584976    3.320310    0.563098    0.161948    1.341146    1.022052    0.952993    1.148027    
6.283185    6.046154    5.259353    5.073783    5.121128    6.283185    6.283185    0.780653    0.076114    1.570796    1.035194    0.574436    1.406425    0.312419    
6.283185    4.221758    4.217493    6.283185    1.170326    6.283185    6.283185    6.283185    0.930106    0.000000    0.769602    0.529370    0.975771    0.976530    1.570796    1.258166    
6.283185    4.504072    4.500850    6.283185    1.239038    6.283185    6.283185    6.283185    6.283185    0.978860    0.000000    0.861604    1.045428    0.454611    0.953488    1.551192    1.259071    1.527418    
5.464038    6.283185    6.283185    6.283185    5.149842    6.050494    6.226873    6.282886    5.311417    4.467036    0.431885    0.777172    1.238878    0.805876    0.769022    1.147316    1.570796    1.091530    0.618806    1.137274    
