 8    -4.488050    5.689618    0.002476
-0.035920  -1.299604  0.889104  -0.585994  0.462999  -0.768262  -1.095189  -1.467687  1.944982  -0.321040  -0.414614  -0.035430  3.271529  -0.267381  0.734255  -0.297524  -0.216513  1.865483  0.718226  0.226963  -0.908634  1.313824  0.193337  1.572044  -1.879911  1.578469  -0.685577  -0.879810  
 1    -2.444962    0.057024      0.200742
 2    -3.311858    0.113036      0.115566
 3    -3.692545    0.155704      0.078162
 4    -3.885403    0.185399      0.059213
 5    -3.992316    0.208980      0.048708
 6    -4.058812    0.229707      0.042175
 7    -4.110915    0.249429      0.037055
 8    -4.152143    0.266916      0.033004
 9    -4.191062    0.290642      0.029180
10    -4.234631    0.327646      0.024900
0.452641    1.122251    
0.364237    0.645139    1.097632    1.329125    
0.308321    0.573725    0.624338    1.074636    1.272829    1.403753    
0.271885    0.520295    0.589372    0.652215    1.046053    1.243655    1.357897    1.450404    
0.240874    0.474787    0.544726    0.627924    0.671533    1.030933    1.210618    1.322064    1.407483    1.478277    
0.223899    0.443741    0.506996    0.589927    0.656396    0.682456    1.012775    1.190780    1.288162    1.369668    1.439572    1.497164    
0.216027    0.428054    0.484418    0.564460    0.631542    0.680554    0.705179    1.009232    1.176589    1.267694    1.333464    1.402898    1.462571    1.505326    
0.207520    0.417003    0.470178    0.536722    0.603848    0.656175    0.702554    0.707354    0.996198    1.161331    1.248948    1.307364    1.361956    1.422348    1.471119    1.510435    
0.212459    0.417785    0.467349    0.530244    0.580289    0.634688    0.680475    0.707268    0.707181    0.998721    1.153890    1.234673    1.287687    1.332129    1.375800    1.426191    1.472325    1.508783    
0.221336    0.433159    0.471740    0.520204    0.557267    0.586703    0.630272    0.663019    0.681636    0.687482    1.004212    1.164694    1.236952    1.277959    1.310820    1.338905    1.370187    1.415416    1.461000    1.503475    
