 8    -4.823098    3.957258    0.743540
-0.337545  -0.225671  -0.825266  -1.519911  0.236885  -0.567556  1.783642  0.438508  -0.234935  0.649691  0.120339  -1.428240  -0.086604  1.572401  0.256997  0.257998  0.610064  -0.238371  -0.607507  0.311573  1.282436  2.512872  -0.260945  0.680088  -0.107376  -0.015426  1.702213  -0.941800  
 1    -2.207826    0.085188      0.297855
 2    -3.239721    0.253057      0.180332
 3    -3.914839    0.458217      0.103442
 4    -4.272833    0.619782      0.062670
 5    -4.465223    0.726988      0.040759
 6    -4.603301    0.834048      0.025033
 7    -4.693235    0.903835      0.014790
 8    -4.741514    0.935600      0.009292
 9    -4.767819    0.951728      0.006296
10    -4.784812    0.964646      0.004360
0.621279    1.150236    
0.504177    0.779964    1.045195    1.261308    
0.436464    0.727025    0.708770    1.006370    1.159046    1.332443    
0.386187    0.655600    0.677225    0.730004    0.999299    1.134589    1.236674    1.392241    
0.341215    0.623203    0.628976    0.723088    0.772978    0.986001    1.120799    1.200778    1.315038    1.443413    
0.330061    0.602034    0.624124    0.682492    0.785744    0.838910    0.976844    1.111673    1.189711    1.266462    1.384887    1.464659    
0.292003    0.573365    0.611782    0.669912    0.730893    0.844583    0.836658    0.970174    1.099208    1.172220    1.248254    1.329140    1.418211    1.479600    
0.261345    0.515916    0.579464    0.643586    0.698842    0.772667    0.846292    0.830707    0.969767    1.104818    1.157264    1.222584    1.301936    1.369693    1.439144    1.497073    
0.232543    0.479262    0.536606    0.605889    0.656233    0.725132    0.785376    0.843685    0.841843    0.955540    1.096502    1.158817    1.201582    1.268516    1.342248    1.395001    1.459173    1.511129    
0.222369    0.457499    0.518166    0.574810    0.623330    0.682133    0.746207    0.801989    0.857557    0.857972    0.941879    1.082541    1.150011    1.195703    1.243026    1.308690    1.369998    1.416269    1.475631    1.520958    
