 8    -3.477381    2.618687    0.155463
-0.923498  -0.196534  0.260503  -0.102614  -0.289689  0.713549  1.119250  -0.355867  -0.124338  0.141519  0.018409  -0.366028  0.248184  -0.044728  -1.645756  0.499089  0.988699  -0.835499  -1.171304  0.700343  -0.401667  -0.034007  0.791615  1.123036  -0.257931  -0.761827  -0.188643  -0.265364  
 1    -1.364967    0.060969      0.346521
 2    -2.559226    0.252428      0.150614
 3    -2.911926    0.330538      0.092757
 4    -3.085277    0.386545      0.064321
 5    -3.188691    0.425740      0.047357
 6    -3.257612    0.463541      0.036051
 7    -3.311407    0.497042      0.027226
 8    -3.341348    0.519994      0.022315
 9    -3.369258    0.542758      0.017737
10    -3.384172    0.555187      0.015290
0.465464    1.202719    
0.712761    1.070991    1.031878    1.281025    
0.560103    0.961624    0.993679    0.986560    1.173646    1.353656    
0.514325    0.865219    0.953581    1.105372    0.968593    1.142045    1.268315    1.427173    
0.457543    0.810819    0.870807    1.044294    1.178599    0.961369    1.132341    1.219601    1.353145    1.463966    
0.446103    0.783275    0.845757    0.993906    1.144770    1.242994    0.945173    1.107391    1.200178    1.294054    1.402183    1.480041    
0.428280    0.747881    0.806175    0.928662    1.059861    1.185657    1.218714    0.951300    1.101330    1.175334    1.268332    1.342241    1.422629    1.486469    
0.401340    0.731129    0.792521    0.899329    1.003784    1.138338    1.212734    1.244276    0.950489    1.096085    1.162182    1.243325    1.318054    1.379685    1.441259    1.506105    
0.390131    0.718643    0.784416    0.886445    0.977091    1.069909    1.182807    1.227439    1.279903    0.951482    1.096667    1.156743    1.230180    1.296620    1.354826    1.398795    1.458525    1.507989    
0.349464    0.669132    0.753727    0.849737    0.936715    1.021201    1.098738    1.182855    1.240141    1.230494    0.952304    1.097365    1.152257    1.215092    1.278745    1.334325    1.378592    1.420739    1.470362    1.520619    
