 8    -5.769104    5.356224    1.376147
-0.772544  -0.339930  -0.892330  0.660013  0.253680  1.573258  -0.578790  -1.557856  0.295479  -0.485479  -0.903351  1.664279  1.799863  -0.172902  0.933821  1.747385  0.371031  0.012570  -1.686818  -0.572064  2.587576  0.465445  2.027005  -0.111384  2.192230  0.297053  0.082519  -0.149784  
 1    -2.806816    0.119055      0.266265
 2    -3.655038    0.236406      0.190023
 3    -4.297421    0.391005      0.132282
 4    -4.788400    0.560249      0.088151
 5    -5.126856    0.704085      0.057728
 6    -5.353643    0.818002      0.037344
 7    -5.527308    0.896084      0.021734
 8    -5.571226    0.918759      0.017786
 9    -5.597399    0.928736      0.015434
10    -5.667289    0.952933      0.009152
0.500221    1.182201    
0.386158    0.712670    1.053141    1.302743    
0.357987    0.630694    0.725654    0.988954    1.148724    1.327951    
0.338813    0.597307    0.647974    0.724137    0.986102    1.108180    1.188337    1.352943    
0.305430    0.574509    0.614836    0.650523    0.747361    0.981548    1.096602    1.151231    1.221013    1.381869    
0.282264    0.542416    0.601024    0.621789    0.674227    0.767060    0.973076    1.092216    1.137027    1.180099    1.257255    1.408699    
0.262386    0.502563    0.553977    0.591655    0.619484    0.670077    0.779154    0.978124    1.100363    1.146009    1.168087    1.225060    1.290360    1.425149    
0.262775    0.504570    0.548537    0.585710    0.614253    0.661849    0.792878    1.857558    0.979704    1.101688    1.148326    1.166863    1.221435    1.284741    1.404791    0.048028    
0.256323    0.498738    0.539267    0.574888    0.601371    0.643949    0.765291    1.833057    0.915838    0.974964    1.102388    1.154920    1.171112    1.217660    1.276910    1.391005    0.087825    0.053879    
0.227551    0.462075    0.511098    0.538533    0.562087    0.596685    0.652739    0.794712    1.809545    4.235538    0.973505    1.103213    1.158103    1.188625    1.217049    1.253653    1.314317    1.427974    0.041586    0.022310    
