 8    -3.944988    3.549985    0.381664
-0.579335  -0.256799  -1.403429  0.787643  -0.286088  0.092368  0.611031  -0.920969  -0.368623  0.503275  -0.321653  -0.481067  0.552648  -0.557544  0.445270  -1.708090  -0.378939  -0.515746  -0.074162  0.108905  -0.032169  -1.117253  -1.123964  0.887982  -1.546497  -1.978429  -0.450414  0.033444  
 1    -1.270244    0.057679      0.356872
 2    -2.830964    0.184535      0.148636
 3    -3.136997    0.268254      0.107804
 4    -3.365147    0.354045      0.077364
 5    -3.516640    0.403687      0.057151
 6    -3.604728    0.441550      0.045398
 7    -3.673098    0.494968      0.036276
 8    -3.718162    0.551619      0.030264
 9    -3.756713    0.643275      0.025120
10    -3.792612    0.737941      0.020330
1.199175    1.170846    
0.527413    0.936122    1.055795    1.290978    
0.466647    0.854494    0.994754    0.993758    1.174245    1.373825    
0.435261    0.811837    0.895368    0.998482    0.977178    1.107467    1.236549    1.380652    
0.399955    0.742266    0.833912    0.897493    0.980441    0.981890    1.104599    1.183569    1.258046    1.411613    
0.363989    0.709022    0.780921    0.866478    0.903609    1.002107    0.965513    1.094371    1.174022    1.208529    1.301734    1.441865    
0.348150    0.675483    0.752410    0.815261    0.871436    0.922488    1.033589    0.961809    1.082483    1.162487    1.194893    1.247669    1.334341    1.456636    
0.321970    0.644912    0.720522    0.793274    0.818320    0.890774    0.958398    1.067284    0.961076    1.085341    1.150408    1.188722    1.232298    1.289301    1.370758    1.480726    
0.327516    0.650787    0.729348    0.799503    0.826433    0.870275    0.968156    1.038538    1.171468    0.949918    1.071267    1.144030    1.164925    1.220675    1.264933    1.334479    1.407240    1.489975    
0.325961    0.648740    0.737593    0.807711    0.836089    0.858895    0.945351    1.051387    1.127409    1.198579    0.963862    1.074962    1.139595    1.164430    1.205108    1.263765    1.313016    1.386398    1.427750    1.493424    
