 8    -6.747414    4.192481    1.744864
-1.945109  0.620710  -0.432221  0.462573  0.020115  -0.392806  2.213288  1.454509  -1.097804  0.429880  0.343355  0.253077  0.832716  0.277569  -0.227005  0.024562  -1.309637  -0.479140  0.549007  -0.083391  0.370486  0.223746  -0.543539  -0.007769  -0.247837  -2.646761  -1.998196  -0.599280  
 1    -2.597655    0.186347      0.379323
 2    -4.560921    0.497146      0.199864
 3    -5.833616    0.745077      0.083529
 4    -6.343642    0.860894      0.036908
 5    -6.538204    0.925287      0.019124
 6    -6.653479    0.972459      0.008586
 7    -6.703779    0.987051      0.003989
 8    -6.696206    0.985823      0.004681
 9    -6.710300    0.989367      0.003393
10    -6.712078    0.990310      0.003230
0.728144    1.034872    
0.472558    0.751472    0.894528    1.180351    
0.429150    0.630456    0.666674    0.907282    1.016796    1.248941    
0.331839    0.575106    0.567139    0.645766    0.923689    1.017423    1.110744    1.331080    
0.288945    0.533532    0.529252    0.574707    0.667907    0.914465    1.025760    1.094829    1.204069    1.414592    
0.269205    0.512208    0.511823    0.545702    0.633201    0.766806    0.917452    1.031072    1.089151    1.176161    1.308870    1.469156    
0.230248    0.458368    0.478983    0.492627    0.531685    0.634503    0.752797    0.918973    1.043983    1.099032    1.163094    1.253685    1.357846    1.481813    
0.233845    0.464810    0.488826    0.505420    0.536199    0.681531    1.718399    0.868366    0.910152    1.033276    1.091622    1.162616    1.267880    1.409276    0.085095    0.064599    
0.222999    0.447006    0.475454    0.492207    0.511519    0.649716    1.747796    0.930268    1.765608    0.911694    1.039257    1.096768    1.158852    1.257030    1.381674    0.094693    0.083807    1.538200    
0.219703    0.441832    0.472512    0.488800    0.503965    0.638799    1.760305    0.931442    1.742318    4.179308    0.912795    1.042071    1.098565    1.160019    1.257270    1.378424    0.099141    0.087764    1.536665    1.560244    
