 8    -4.973017    4.622618    1.628161
-0.277191  -1.145218  1.062622  -0.870811  -1.755050  -1.015249  1.560385  0.481436  -1.006437  1.485005  -0.585905  -0.851112  0.591227  1.385524  1.787364  0.401825  0.404999  0.073697  0.025266  0.675647  1.116530  0.599057  1.417557  -0.488025  0.220577  -0.609157  0.015882  1.153928  
 1    -1.906529    0.097654      0.319571
 2    -3.076979    0.262659      0.197594
 3    -3.645534    0.444213      0.138342
 4    -4.154432    0.664943      0.085308
 5    -4.465766    0.790382      0.052863
 6    -4.646824    0.860142      0.033994
 7    -4.780070    0.920550      0.020108
 8    -4.864355    0.957056      0.011324
 9    -4.910592    0.976951      0.006506
10    -4.921329    0.981009      0.005387
0.787841    1.257891    
0.443590    0.816561    1.059640    1.294835    
0.416035    0.712806    0.807974    1.010446    1.178346    1.341002    
0.411223    0.692001    0.715804    0.815481    0.995423    1.119433    1.212914    1.339643    
0.353892    0.648316    0.668583    0.714955    0.795975    0.994095    1.114365    1.175317    1.238272    1.380344    
0.317074    0.601326    0.636216    0.659392    0.698390    0.804862    0.985692    1.113462    1.169928    1.212302    1.285603    1.419909    
0.300666    0.578866    0.613652    0.642988    0.655356    0.735836    0.869300    0.966804    1.104737    1.159196    1.193562    1.243696    1.315899    1.441463    
0.273514    0.535388    0.586818    0.619972    0.628760    0.661655    0.755931    0.849054    0.964948    1.095249    1.156700    1.184021    1.223853    1.266604    1.340146    1.454654    
0.250638    0.500972    0.552304    0.598360    0.609106    0.628327    0.666968    0.753762    0.845733    0.961748    1.092737    1.155110    1.184879    1.215026    1.251748    1.300865    1.371590    1.483302    
0.251473    0.498706    0.543720    0.587019    0.598900    0.615079    0.642607    0.713530    0.827963    1.917429    0.965410    1.097406    1.159340    1.190623    1.218777    1.252115    1.302928    1.359096    1.472057    0.026830    
