 8    -5.601864    6.453223    0.595976
-0.000432  -1.841434  -0.203556  -0.624784  -1.219408  -1.390574  -1.150531  0.491366  0.054424  0.097679  0.567014  -0.634688  -0.084317  2.237933  1.307675  -0.653678  0.796986  0.879571  1.715826  -0.195418  -0.504751  1.175331  -1.889992  0.104471  -0.910703  -0.366799  -3.151341  0.559314  
 1    -2.434847    0.069759      0.262712
 2    -3.698786    0.195201      0.157865
 3    -4.363051    0.284943      0.102763
 4    -4.711098    0.355574      0.073891
 5    -4.953339    0.426080      0.053797
 6    -5.100517    0.496042      0.041588
 7    -5.221603    0.583314      0.031544
 8    -5.297348    0.662953      0.025260
 9    -5.301302    0.661327      0.024932
10    -5.451940    0.854855      0.012437
0.399813    1.259451    
0.360833    0.629026    1.057626    1.270797    
0.324902    0.579218    0.664582    0.996025    1.125593    1.320920    
0.281379    0.536445    0.603303    0.664852    0.987293    1.081156    1.192440    1.372919    
0.263449    0.500739    0.555126    0.609662    0.696621    0.986402    1.082050    1.161958    1.253738    1.411022    
0.243832    0.482495    0.534360    0.575537    0.650298    0.720238    0.977987    1.077324    1.147650    1.211723    1.303213    1.443554    
0.234104    0.468121    0.519605    0.552472    0.601862    0.665912    0.735581    0.974943    1.076508    1.146041    1.198072    1.262038    1.340117    1.457189    
0.213552    0.445718    0.509388    0.540128    0.576182    0.617534    0.694551    0.753939    0.968007    1.072522    1.139520    1.189467    1.246557    1.298326    1.372058    1.481028    
0.214158    0.445502    0.510290    0.539472    0.576276    0.616768    0.692872    0.749165    5.532855    0.968353    1.075611    1.140353    1.189173    1.247221    1.298972    1.370860    1.478747    1.556896    
0.211394    0.434354    0.487815    0.529209    0.565153    0.592763    0.631769    0.685943    0.775018    0.783769    0.979104    1.080368    1.144948    1.187461    1.241637    1.289649    1.333787    1.373360    1.419782    1.484774    
