 8    -3.626123    4.760285    0.447436
0.865590  -0.505806  0.978056  0.089766  -0.313105  -0.997138  -0.062213  -0.719255  0.387988  0.285235  -2.107092  1.542011  -0.122495  -0.217374  1.046019  1.691346  1.035376  -0.154498  0.326185  -1.045922  -0.085956  -0.631021  -1.049734  0.551428  0.243106  -1.882774  1.321947  -0.329868  
 1    -1.549976    0.066710      0.247561
 2    -2.233432    0.113878      0.166065
 3    -2.572879    0.175605      0.125589
 4    -2.807306    0.227474      0.097636
 5    -2.961705    0.270592      0.079226
 6    -3.057860    0.322199      0.067760
 7    -3.131097    0.372758      0.059027
 8    -3.187235    0.433303      0.052333
 9    -3.241329    0.522251      0.045883
10    -3.303439    0.621418      0.038477
0.685557    1.191268    
0.414129    0.799393    1.140069    1.339695    
0.381018    0.669530    0.725395    1.103145    1.300668    1.386096    
0.354517    0.647379    0.648474    0.758782    1.081475    1.257531    1.354984    1.420151    
0.328836    0.605645    0.634497    0.675195    0.755677    1.078405    1.247812    1.322633    1.398440    1.450636    
0.297690    0.580716    0.614279    0.681827    0.682602    0.825023    1.056269    1.222947    1.299782    1.365626    1.422981    1.472323    
0.282315    0.533219    0.579550    0.641903    0.682751    0.698582    0.805334    1.051758    1.221610    1.283640    1.342488    1.392918    1.445530    1.481141    
0.274208    0.525717    0.553335    0.627554    0.653797    0.713900    0.694011    0.891130    1.037524    1.210899    1.277482    1.325130    1.366171    1.421243    1.450369    1.491946    
0.282488    0.539270    0.562748    0.627604    0.661413    0.714175    0.699523    0.773370    1.011606    1.027355    1.191174    1.267985    1.306728    1.351884    1.384967    1.439246    1.447241    1.489113    
0.286906    0.549261    0.576245    0.628273    0.657405    0.710649    0.723972    0.734698    0.821932    1.012002    1.029005    1.180404    1.250951    1.297596    1.331780    1.368115    1.396840    1.436280    1.434407    1.479879    
