 8    -2.829359    3.814792    0.143862
-1.121427  0.552710  -0.128515  -0.098978  0.525132  0.641744  1.041625  -0.042823  1.512432  -1.412685  -0.643521  0.264371  -1.049341  1.305647  0.713874  1.167148  0.704935  -0.414135  0.073798  1.057499  0.449541  0.053513  -0.031501  0.826730  0.584970  -0.994272  0.246403  0.018999  
 1    -1.529359    0.052771      0.195661
 2    -2.128717    0.115422      0.105452
 3    -2.323143    0.150253      0.076190
 4    -2.435101    0.177361      0.059339
 5    -2.505595    0.195475      0.048729
 6    -2.551923    0.218006      0.041756
 7    -2.578632    0.240296      0.037736
 8    -2.599206    0.268153      0.034640
 9    -2.623785    0.312344      0.030941
10    -2.643149    0.332005      0.028026
0.745622    1.304229    
0.571908    1.089981    1.112081    1.353770    
0.483474    0.939077    1.102124    1.095788    1.301135    1.425631    
0.450527    0.873110    1.022376    1.225435    1.056031    1.266294    1.371018    1.456465    
0.427438    0.819923    0.940006    1.131764    1.216729    1.061952    1.253449    1.352930    1.419103    1.481085    
0.393398    0.803443    0.902641    1.044728    1.189861    1.317183    1.040520    1.236211    1.336702    1.398146    1.445826    1.496799    
0.353822    0.754812    0.888655    0.988407    1.116006    1.296793    1.357995    1.017325    1.204863    1.318837    1.380710    1.420662    1.462112    1.509454    
0.343441    0.727014    0.877968    0.970063    1.064598    1.260282    1.381416    1.424487    1.017911    1.189595    1.297613    1.375407    1.403064    1.435304    1.474395    1.515364    
0.356313    0.758504    0.903878    0.956911    1.066290    1.314076    1.421551    1.490999    1.453951    1.021784    1.193246    1.299827    1.373526    1.396060    1.414825    1.444574    1.475982    1.509001    
0.338759    0.691116    0.789941    0.943839    0.995154    0.992501    1.146280    1.337762    1.442288    1.422129    1.010950    1.203527    1.287629    1.336879    1.396487    1.429407    1.426424    1.446043    1.474341    1.512353    
