 8    -4.620108    3.516951    0.877883
0.458901  1.173661  0.398716  1.044500  0.584015  0.653871  1.328473  -0.097377  -0.441175  -0.278228  -0.389714  -0.718051  -0.625707  -0.346769  -1.994583  -0.832022  -1.447044  0.816843  0.281185  0.968107  0.519780  0.659102  -0.532252  -0.200280  0.512809  -0.394196  -0.439878  0.036976  
 1    -2.010308    0.138475      0.320730
 2    -3.040921    0.294840      0.194073
 3    -3.650652    0.437935      0.119141
 4    -4.064289    0.609874      0.068307
 5    -4.283629    0.765300      0.041351
 6    -4.435610    0.874351      0.022674
 7    -4.513841    0.925199      0.013060
 8    -4.557990    0.959535      0.007634
 9    -4.586716    0.978002      0.004104
10    -4.601868    0.989436      0.002242
0.700043    1.047945    
0.580748    0.874114    0.983593    1.239904    
0.504514    0.771533    0.798717    0.960124    1.110551    1.310046    
0.463520    0.735584    0.736119    0.870799    0.951478    1.078788    1.180558    1.360400    
0.416568    0.711378    0.722585    0.822107    0.949165    0.951871    1.071401    1.148070    1.251751    1.420421    
0.379864    0.663642    0.681106    0.770719    0.849166    0.975187    0.953068    1.088117    1.140879    1.225518    1.316209    1.437886    
0.338121    0.619225    0.643723    0.706560    0.772832    0.863548    0.962302    0.947876    1.089027    1.146767    1.207675    1.288840    1.351578    1.461495    
0.317338    0.592347    0.626872    0.680756    0.731548    0.809408    0.905780    1.029357    0.941244    1.079724    1.137537    1.195820    1.261539    1.330120    1.388162    1.488524    
0.290110    0.543776    0.589531    0.641340    0.671225    0.733767    0.804261    0.917543    1.042142    0.953575    1.090576    1.139513    1.191936    1.249368    1.302066    1.359030    1.412655    1.496495    
0.267364    0.528413    0.573706    0.626222    0.652830    0.693987    0.762371    0.843941    0.977582    1.067140    0.939763    1.081455    1.135383    1.183828    1.237105    1.283915    1.329506    1.385281    1.440420    1.514928    
