 8    -4.435606    4.484703    0.984572
-0.270164  0.934725  -0.978179  1.679502  -0.282496  -2.137573  -0.087249  -0.115780  1.694825  0.442736  0.904835  -0.777380  -0.167235  0.549352  0.270288  -0.407457  0.289694  -0.826243  0.196590  -0.202494  -0.952162  -0.713718  -1.209645  1.367745  -1.526735  -1.657416  0.561338  -0.300495  
 1    -1.966454    0.085118      0.276801
 2    -2.867168    0.161153      0.175828
 3    -3.263725    0.275137      0.131372
 4    -3.569999    0.433044      0.097038
 5    -3.831673    0.601543      0.067703
 6    -4.035470    0.739766      0.044857
 7    -4.165215    0.819554      0.030312
 8    -4.251165    0.879641      0.020677
 9    -4.309116    0.917436      0.014180
10    -4.347886    0.940993      0.009834
0.761077    1.143110    
0.443920    0.775246    1.079551    1.319346    
0.410547    0.724197    0.799376    1.021620    1.210811    1.374747    
0.395269    0.687399    0.762129    0.835581    1.024316    1.179341    1.275512    1.400854    
0.372533    0.661453    0.714278    0.801366    0.859897    1.017528    1.168611    1.240444    1.305794    1.410949    
0.346148    0.622625    0.671042    0.733734    0.807415    0.851721    1.008092    1.162090    1.221535    1.267852    1.320229    1.424322    
0.316142    0.586054    0.632688    0.693571    0.741387    0.812087    0.876205    1.002560    1.155484    1.219920    1.253838    1.295466    1.348643    1.455105    
0.294851    0.563952    0.608763    0.666011    0.713846    0.753354    0.852309    0.931492    0.982565    1.139056    1.209634    1.247987    1.273657    1.314377    1.384468    1.473520    
0.276235    0.529626    0.589448    0.643280    0.676296    0.719651    0.767137    0.888444    0.940642    0.983099    1.129877    1.199181    1.243022    1.270447    1.294008    1.345701    1.411177    1.487273    
0.256243    0.495238    0.555065    0.623099    0.650005    0.669517    0.716110    0.780960    0.897074    0.949498    0.987171    1.136107    1.192775    1.236686    1.270786    1.292617    1.323434    1.371814    1.428583    1.497976    
