 8    -3.451934    4.440951    0.675689
-0.253089  -0.637147  -1.909595  -0.106139  0.001714  -0.962448  0.254333  -1.112221  0.210460  1.389632  0.656688  -0.053128  0.415673  0.704063  -0.896223  0.479744  1.144388  2.050119  0.674869  -0.860506  0.399698  -0.648903  0.244611  -0.701113  -0.574387  -0.681646  0.402290  1.027078  
 1    -1.673392    0.079925      0.225335
 2    -2.220708    0.138490      0.155992
 3    -2.482298    0.218494      0.122849
 4    -2.660123    0.309076      0.100320
 5    -2.795377    0.414651      0.083183
 6    -2.933411    0.573910      0.065695
 7    -3.045374    0.699561      0.051510
 8    -3.147778    0.756403      0.038535
 9    -3.236420    0.825970      0.027305
10    -3.298710    0.873496      0.019413
0.705537    1.150169    
0.493950    1.003961    1.110023    1.348638    
0.446367    0.873206    1.029577    1.081613    1.265246    1.398921    
0.413837    0.817953    0.927423    1.073381    1.049556    1.226007    1.319583    1.422870    
0.409422    0.790884    0.887904    1.013834    1.143740    1.024047    1.176612    1.273769    1.343301    1.435943    
0.417727    0.810439    0.896328    0.976311    1.078385    1.189465    1.040538    1.162101    1.223978    1.291272    1.342594    1.424790    
0.374620    0.769035    0.864610    0.947787    0.995045    1.035977    1.123227    1.031634    1.171038    1.211440    1.240000    1.289141    1.330781    1.426311    
0.373115    0.729072    0.753445    0.777272    0.823781    0.896494    0.959569    1.107964    1.027127    1.193915    1.263024    1.281659    1.285917    1.309263    1.335073    1.431053    
0.358675    0.705928    0.747858    0.753026    0.775352    0.858252    0.932558    1.003385    1.155690    1.014903    1.167334    1.257560    1.301137    1.292837    1.276148    1.301465    1.350810    1.448071    
0.328241    0.663585    0.726752    0.755749    0.741052    0.811692    0.893610    0.947308    1.022953    1.161474    1.015632    1.162218    1.232274    1.294473    1.312892    1.284161    1.271424    1.318372    1.373118    1.460818    
