 8    -4.441400    4.662694    0.161601
-0.643717  -1.251820  -0.563915  0.331439  1.203907  0.410914  1.678242  -1.025964  -0.021762  0.530480  0.576005  -1.554301  0.135096  -0.623157  1.427615  -2.456159  -1.629362  1.660334  -0.304425  -0.554435  -0.470783  -0.816757  1.163855  -1.072726  0.408300  0.162989  1.575043  -1.779279  
 1    -2.381375    0.048388      0.226275
 2    -3.112457    0.133114      0.145972
 3    -3.112457    0.133114      0.145972
 4    -3.926877    0.277745      0.056516
 5    -4.076525    0.284894      0.040078
 6    -4.162598    0.279819      0.030624
 7    -4.205263    0.273137      0.025937
 8    -4.225518    0.271117      0.023713
 9    -4.239163    0.271880      0.022214
10    -4.249704    0.275409      0.021056
0.455409    1.214673    
0.385346    0.694113    1.094703    1.332853    
0.385346    0.000000    0.694112    0.657586    0.437117    1.332852    
0.331056    0.583417    0.583757    0.603470    1.044179    1.213211    1.312688    1.417375    
0.291818    0.548973    0.567260    0.588770    0.619798    1.017924    1.188367    1.263506    1.360871    1.454749    
0.262986    0.504923    0.538645    0.575167    0.589777    0.637065    1.009006    1.180584    1.243445    1.312563    1.402948    1.481888    
0.231771    0.461731    0.509861    0.548613    0.575231    0.604811    0.642494    0.998537    1.167171    1.234875    1.285722    1.353541    1.435538    1.503750    
0.210891    0.423729    0.475414    0.521815    0.546331    0.587099    0.609970    0.650894    0.991579    1.160844    1.227959    1.278010    1.324176    1.391912    1.464144    1.521831    
0.204491    0.408811    0.457090    0.500617    0.527063    0.567710    0.604212    0.626609    0.689764    0.986209    1.150537    1.220111    1.270169    1.313186    1.361222    1.426286    1.488438    1.531811    
0.197827    0.401053    0.449196    0.488624    0.512876    0.551435    0.596365    0.629505    0.659557    0.718096    0.988143    1.146252    1.212634    1.262840    1.303904    1.348662    1.397533    1.458363    1.505359    1.537873    
