 8    -5.355447    4.421480    1.017101
0.158384  -2.469081  -1.367974  0.135415  1.363801  -0.059990  -0.573970  0.521582  -0.633190  -0.989024  -1.811767  -0.207563  0.278757  1.736000  1.327823  -0.349844  0.156643  -2.476514  0.480148  -0.972058  1.202101  0.714467  0.655365  0.348766  0.662913  -0.184703  -0.262322  -0.376450  
 1    -1.315474    0.051111      0.413215
 2    -3.346714    0.244173      0.205457
 3    -4.070936    0.471408      0.131382
 4    -4.577083    0.663938      0.079612
 5    -4.925267    0.794035      0.044000
 6    -5.074562    0.847610      0.028729
 7    -5.158102    0.888239      0.020185
 8    -5.223818    0.922239      0.013463
 9    -5.271902    0.950655      0.008545
10    -5.305043    0.971948      0.005155
0.318744    0.966612    
0.407507    0.692757    1.098058    1.292705    
0.393894    0.650662    0.686618    1.005806    1.191991    1.332548    
0.348911    0.607833    0.641209    0.664818    1.014528    1.120998    1.245274    1.363611    
0.315029    0.582224    0.614526    0.650831    0.699974    0.987021    1.109687    1.163900    1.271963    1.394989    
0.266607    0.516469    0.571093    0.606700    0.659132    0.682195    0.987140    1.110666    1.165872    1.211332    1.322515    1.443422    
0.245593    0.484209    0.531347    0.578521    0.620354    0.667269    0.726835    0.974609    1.104883    1.162819    1.205075    1.261526    1.375016    1.476817    
0.234121    0.468293    0.510792    0.537616    0.567429    0.620263    0.690427    0.754217    0.968782    1.098741    1.163593    1.204835    1.257990    1.306399    1.412927    1.486778    
0.222043    0.447256    0.501204    0.529511    0.534051    0.572001    0.656038    0.727502    0.773988    0.969520    1.095704    1.156670    1.201229    1.249594    1.294271    1.347616    1.437813    1.499860    
0.208495    0.432253    0.485508    0.526290    0.531971    0.543469    0.599308    0.704986    0.741564    0.808247    0.963723    1.091050    1.149968    1.189119    1.242690    1.279635    1.326361    1.377531    1.458097    1.509892    
