 8    -3.175439    4.428104    0.004540
1.388700  1.788755  0.578529  -1.270554  -1.258753  -0.139977  -0.346450  -1.133400  0.839501  -1.195614  -0.891264  0.056036  -0.382613  -1.776864  -0.436097  0.527447  -0.499284  0.978743  -0.462637  -0.235565  0.134705  0.247562  -0.517419  -0.054777  0.724381  -0.410012  0.210369  -0.298181  
 1    -0.582266    0.015530      0.341048
 2    -2.275491    0.091294      0.118359
 3    -2.576283    0.134581      0.078800
 4    -2.729068    0.192106      0.058706
 5    -2.840214    0.262794      0.044088
 6    -2.926024    0.338181      0.032802
 7    -2.983326    0.382200      0.025266
 8    -3.019831    0.415624      0.020465
 9    -3.049118    0.442314      0.016613
10    -3.068492    0.464296      0.014065
0.132314    1.089810    
0.506527    0.891055    1.113680    1.336184    
0.437749    0.803934    0.833163    1.074296    1.273946    1.392489    
0.391113    0.747031    0.824975    0.877542    1.022102    1.215391    1.335693    1.435361    
0.377419    0.695663    0.774654    0.874774    0.888549    1.015973    1.173968    1.286158    1.383688    1.454508    
0.368163    0.697827    0.755744    0.837907    0.916740    0.929938    1.011545    1.158380    1.246889    1.337409    1.412796    1.471491    
0.335477    0.646808    0.712745    0.766833    0.842604    0.900024    0.896945    1.027440    1.175444    1.241289    1.312436    1.380526    1.437241    1.488174    
0.311393    0.624671    0.689566    0.742850    0.794725    0.859552    0.913055    0.954309    1.010393    1.171792    1.244847    1.297639    1.357864    1.407993    1.458811    1.506487    
0.301787    0.602005    0.664629    0.707459    0.762719    0.811517    0.884154    0.959935    0.964497    1.006042    1.167656    1.248812    1.303420    1.345281    1.389265    1.431843    1.481634    1.514100    
0.285914    0.587912    0.660779    0.700596    0.749788    0.813994    0.858320    0.949346    0.994947    1.032618    0.999838    1.154941    1.238639    1.296789    1.340918    1.379005    1.416890    1.461701    1.498278    1.525531    
