 8    -4.503054    4.829035    0.140561
-0.374470  1.163536  1.171028  0.762805  -1.399164  -0.805286  -0.567384  0.003154  0.933997  -1.232669  0.347803  0.644465  0.018927  -0.473181  -1.407803  -1.970348  0.821106  0.569608  -1.868063  0.428322  2.014901  -0.007186  0.598445  0.461798  -1.053029  0.552033  -0.613530  0.955068  
 1    -2.125768    0.060594      0.254743
 2    -3.304217    0.158083      0.128464
 3    -3.857554    0.235062      0.069170
 4    -4.102696    0.284950      0.042901
 5    -4.192645    0.321740      0.033263
 6    -4.253115    0.376654      0.026783
 7    -4.309432    0.446056      0.020748
 8    -4.344960    0.497722      0.016941
 9    -4.372019    0.550008      0.014041
10    -4.390927    0.605372      0.012015
0.517724    1.080494    
0.475197    0.739568    1.015378    1.247152    
0.395298    0.676124    0.681927    1.004739    1.125526    1.332811    
0.330302    0.619450    0.638701    0.701830    0.983600    1.110898    1.213476    1.394626    
0.290851    0.566340    0.608683    0.672966    0.747244    0.980852    1.112069    1.194904    1.309878    1.468083    
0.277804    0.553403    0.595786    0.671214    0.777684    0.856047    0.973965    1.101112    1.183086    1.289714    1.409531    1.493061    
0.274583    0.541329    0.587954    0.654770    0.767126    0.910119    0.861823    0.970450    1.098584    1.166162    1.261881    1.391094    1.444838    1.495067    
0.253254    0.505093    0.557008    0.615981    0.697536    0.851850    0.900672    0.833643    0.977295    1.108575    1.167446    1.238135    1.348529    1.431660    1.453810    1.506481    
0.246927    0.493043    0.531645    0.576163    0.637953    0.757964    0.864663    0.884848    0.852454    0.972980    1.112777    1.179628    1.240152    1.318193    1.399278    1.444656    1.464350    1.512810    
0.234971    0.480887    0.523685    0.557403    0.601331    0.701337    0.792783    0.870923    0.907248    0.847622    0.971916    1.112059    1.180704    1.244425    1.310370    1.369884    1.417845    1.452797    1.473831    1.518626    
