 8    -4.447035    4.074782    0.014987
1.228264  -0.961592  -1.375194  -0.666736  -0.408250  -0.159367  -1.010143  -0.272901  1.148510  0.304371  0.659412  1.625798  -1.085026  -0.277913  0.463255  -0.990108  0.434097  -0.866149  1.488676  -0.134554  0.149314  0.151039  -1.374282  -0.378194  0.792847  -1.594435  -0.553262  -1.656346  
 1    -2.105112    0.078634      0.274815
 2    -3.029561    0.165190      0.166335
 3    -3.600908    0.204056      0.099290
 4    -3.973493    0.238194      0.055568
 5    -4.202990    0.302875      0.028638
 6    -4.317740    0.348878      0.015172
 7    -4.377884    0.383671      0.008115
 8    -4.406174    0.408674      0.004795
 9    -4.420822    0.433823      0.003076
10    -4.428072    0.450072      0.002225
0.456664    1.186365    
0.487179    0.860235    1.041260    1.284219    
0.448769    0.782097    0.833913    0.984404    1.132803    1.326382    
0.404122    0.719836    0.747576    0.807326    0.982904    1.102899    1.186669    1.355646    
0.365361    0.691671    0.717002    0.764302    0.840743    0.952776    1.077458    1.151134    1.227729    1.400238    
0.321025    0.631554    0.685502    0.728134    0.788508    0.874993    0.959817    1.077313    1.135601    1.190710    1.295029    1.448793    
0.287849    0.583557    0.646804    0.699668    0.735462    0.821051    0.912378    0.950975    1.082207    1.134827    1.175085    1.249162    1.358154    1.482389    
0.258611    0.533579    0.606218    0.660101    0.690908    0.741066    0.834471    0.919204    0.950480    1.080607    1.141065    1.173546    1.228106    1.305769    1.402797    1.501472    
0.238931    0.508462    0.584493    0.641734    0.672657    0.713139    0.780049    0.886908    0.956851    0.944969    1.071787    1.133501    1.169728    1.212412    1.278037    1.354702    1.441429    1.521042    
0.213213    0.464070    0.552733    0.614052    0.641653    0.675454    0.721572    0.797612    0.890958    0.953511    0.950446    1.076573    1.131443    1.168409    1.208303    1.258307    1.324553    1.395350    1.468297    1.531586    
