 8    -3.985685    4.669792    0.330650
1.044560  -1.449536  0.588023  1.842537  1.549008  -0.023531  -0.878637  1.253610  1.377716  0.376270  -0.124098  0.904463  -0.398546  0.898816  -0.822881  -1.367960  -0.748894  0.512918  0.068307  0.592726  -0.537103  0.225458  1.405063  0.255229  2.156938  -0.267134  0.162833  1.164157  
 1    -1.626193    0.055364      0.272601
 2    -2.779480    0.115306      0.139357
 3    -3.084604    0.179033      0.104105
 4    -3.241694    0.255231      0.085956
 5    -3.381052    0.350312      0.069856
 6    -3.493093    0.434732      0.056911
 7    -3.591153    0.525940      0.045582
 8    -3.658095    0.577890      0.037848
 9    -3.709430    0.620949      0.031917
10    -3.764766    0.672349      0.025524
0.538666    1.019807    
0.406486    0.807138    1.119571    1.339525    
0.383241    0.721900    0.900838    1.055991    1.253601    1.398178    
0.336198    0.679707    0.802074    0.927170    1.014619    1.191679    1.317910    1.438473    
0.330203    0.650929    0.758593    0.837521    0.962497    1.013477    1.160828    1.268180    1.360761    1.450999    
0.314303    0.613310    0.718786    0.780774    0.862298    0.951252    1.023254    1.165418    1.243796    1.314099    1.379603    1.458688    
0.319531    0.621802    0.686944    0.772161    0.812184    0.885180    0.980713    1.012225    1.166304    1.237043    1.282683    1.328994    1.380130    1.464148    
0.281863    0.593980    0.677131    0.714999    0.786194    0.810101    0.878284    0.968640    1.008673    1.148679    1.232723    1.271229    1.302724    1.337587    1.396418    1.478764    
0.270263    0.563071    0.660723    0.708813    0.737183    0.799329    0.813068    0.892982    1.006184    0.989298    1.139775    1.214395    1.263487    1.285962    1.314203    1.355635    1.419564    1.491196    
0.281147    0.561832    0.634901    0.693105    0.719366    0.740393    0.798069    0.824393    0.931404    1.045234    0.990301    1.134988    1.215094    1.251934    1.285323    1.296677    1.335833    1.375956    1.432646    1.489557    
