 8    -4.362999    5.261601    0.596621
-1.347907  0.938718  1.021825  0.788287  -2.600565  0.373243  -1.052956  0.132503  0.415469  -0.735163  2.955965  1.631560  -0.638114  -1.002116  -0.091526  -0.602506  -0.684845  -0.295842  0.911793  0.673155  0.771728  0.885360  -0.357356  0.310439  -0.297568  0.015547  -0.755597  1.064481  
 1    -1.547481    0.047710      0.292533
 2    -2.752486    0.146893      0.167333
 3    -3.167081    0.246344      0.124256
 4    -3.441811    0.367448      0.095712
 5    -3.649880    0.490382      0.074093
 6    -3.803701    0.590357      0.058111
 7    -3.904035    0.657637      0.047687
 8    -4.003280    0.739560      0.037375
 9    -4.094826    0.804737      0.027863
10    -4.178546    0.842651      0.019165
0.613423    1.325918    
0.392603    0.719566    1.121334    1.327008    
0.353168    0.678362    0.732552    1.064005    1.251530    1.388938    
0.333481    0.630598    0.708652    0.761649    1.052535    1.205311    1.324525    1.418771    
0.314652    0.612181    0.665287    0.742153    0.776531    1.037536    1.187858    1.275838    1.356706    1.434468    
0.291541    0.571032    0.638646    0.697633    0.747679    0.791879    1.032432    1.175735    1.261741    1.312092    1.377190    1.450918    
0.264258    0.532421    0.591797    0.664565    0.693629    0.742818    0.773937    1.021387    1.166449    1.244493    1.296427    1.333337    1.391358    1.463920    
0.277752    0.534720    0.585330    0.641902    0.684167    0.713652    0.746184    0.807674    1.001471    1.141613    1.223019    1.264078    1.306128    1.340048    1.393870    1.462412    
0.267231    0.532698    0.580858    0.632867    0.654208    0.699181    0.713723    0.761618    0.790519    1.010802    1.132537    1.204188    1.245705    1.275407    1.315077    1.346209    1.400163    1.470075    
0.264143    0.518988    0.555726    0.603129    0.624270    0.641204    0.680220    0.705181    0.731967    0.796574    1.008955    1.152251    1.208916    1.245692    1.271400    1.298288    1.327470    1.362032    1.411876    1.476617    
