 8    -3.989827    4.554792    0.324952
-0.564163  -0.238681  -0.774429  0.260315  -1.294135  1.222583  -0.293067  -0.331231  -0.351750  0.464535  1.249793  2.165466  1.597250  0.090560  -0.645840  -0.492307  -1.035561  -1.291473  0.005765  -0.351684  -0.950603  -1.362077  -0.202985  0.794999  -1.815096  1.199073  -0.102739  0.222348  
 1    -1.945573    0.054520      0.239245
 2    -2.840564    0.123719      0.134501
 3    -3.308117    0.194079      0.079782
 4    -3.514558    0.269037      0.055622
 5    -3.629159    0.351326      0.042210
 6    -3.705377    0.455745      0.033290
 7    -3.766330    0.576242      0.026156
 8    -3.814620    0.679977      0.020505
 9    -3.851728    0.754939      0.016162
10    -3.880944    0.791359      0.012743
0.470951    1.246738    
0.464276    0.837834    1.094557    1.303298    
0.395139    0.730896    0.809688    1.063831    1.215873    1.363048    
0.338363    0.661694    0.752433    0.845718    1.029052    1.174700    1.278184    1.419887    
0.302125    0.612443    0.699277    0.804472    0.900663    1.014070    1.147762    1.232748    1.335258    1.457552    
0.290741    0.595826    0.684088    0.775547    0.887214    0.938570    1.009718    1.134031    1.208853    1.283182    1.385449    1.477467    
0.283862    0.585150    0.681510    0.766748    0.862757    0.934806    0.964719    1.014012    1.137888    1.194717    1.261345    1.334297    1.411707    1.486949    
0.269080    0.569545    0.668886    0.764637    0.846701    0.916213    0.962112    0.986772    1.011381    1.138803    1.194797    1.247841    1.315095    1.362796    1.430550    1.495391    
0.253772    0.552085    0.660924    0.752314    0.847766    0.905722    0.960320    0.993481    1.007033    1.000011    1.126963    1.190583    1.239729    1.303885    1.349832    1.388785    1.447944    1.502729    
0.241218    0.493173    0.569418    0.673637    0.756547    0.852264    0.899515    0.951532    0.977359    0.987811    1.011325    1.162274    1.211086    1.248919    1.296587    1.337459    1.373138    1.405786    1.456791    1.505982    
