 8    -6.601031    6.316458    0.803693
-0.994205  -0.671251  -0.887883  0.195603  1.382997  0.888781  -0.060407  -0.573972  0.071070  -1.079800  1.842317  -1.375264  1.536962  1.111330  0.582643  0.988356  0.304395  -0.174480  0.961648  -1.968457  2.608949  1.927321  -0.187514  1.218037  -2.363810  1.078523  1.704040  -1.534157  
 1    -1.785795    0.051905      0.372769
 2    -4.303228    0.227731      0.177883
 3    -5.170706    0.366295      0.110728
 4    -5.639175    0.472361      0.074462
 5    -5.964236    0.608060      0.049297
 6    -6.216907    0.730999      0.029737
 7    -6.357485    0.802235      0.018854
 8    -5.371476    0.513574      0.095185
 9    -6.482070    0.905349      0.009209
10    -6.522660    0.941070      0.006067
0.718891    1.095618    
0.338225    0.545577    1.048988    1.274645    
0.305909    0.489875    0.528752    1.023608    1.164876    1.331049    
0.259773    0.460524    0.484197    0.540018    1.003271    1.137413    1.222921    1.379811    
0.248463    0.435506    0.461752    0.514331    0.579899    0.989789    1.120487    1.200144    1.285267    1.423223    
0.234545    0.420380    0.439324    0.479819    0.537583    0.588399    0.990137    1.115314    1.185495    1.255327    1.336673    1.443191    
0.205550    0.392957    0.421157    0.455180    0.487348    0.550997    0.596310    0.983674    1.114133    1.177075    1.235863    1.306364    1.373585    1.472867    
0.306334    0.480872    0.531767    5.832709    2.052247    0.722188    3.692647    4.138169    1.017189    1.153807    1.292669    0.063849    1.483215    1.515730    0.042499    1.526830    
0.186465    0.362446    0.393460    0.433431    0.460975    0.492695    0.546282    0.631901    0.676326    0.971322    1.099504    1.165417    1.213681    1.269644    1.325697    1.384460    1.453279    1.510918    
0.172302    0.347364    0.381535    0.413941    0.442874    0.480255    0.514957    0.568640    0.653709    0.647487    0.974999    1.106178    1.163303    1.207197    1.258759    1.307108    1.363399    1.418593    1.469028    1.513265    
