 8    -4.728697    3.682043    0.975864
1.857565  -0.203968  0.711019  -0.958718  0.636314  0.984796  0.976736  -0.773217  -0.776050  -1.071380  -0.238518  -0.933245  -0.167597  -1.889870  0.563232  -1.514799  -0.558354  0.092131  0.432031  0.517837  -0.093025  0.611153  -0.411582  0.223541  0.685520  -0.103944  -0.564542  -0.640192  
 1    -1.445784    0.115874      0.390324
 2    -2.991784    0.352521      0.206511
 3    -3.751890    0.573264      0.116138
 4    -4.243904    0.757872      0.057640
 5    -4.481101    0.861468      0.029438
 6    -4.597415    0.919475      0.015609
 7    -4.651941    0.955692      0.009126
 8    -4.693288    0.983784      0.004210
 9    -4.711787    0.992102      0.002010
10    -4.714868    0.994806      0.001644
0.620761    0.974747    
0.557028    0.911040    0.999387    1.229864    
0.510026    0.827917    0.845930    0.954688    1.083865    1.292608    
0.451517    0.747430    0.748900    0.824977    0.967402    1.069037    1.176108    1.345754    
0.389475    0.692821    0.683124    0.765920    0.855255    0.972678    1.079509    1.144617    1.242736    1.414947    
0.335860    0.637054    0.649626    0.695704    0.787967    0.894406    0.968404    1.090922    1.139810    1.201954    1.318970    1.458963    
0.303197    0.593934    0.628901    0.670010    0.726233    0.846223    0.941755    0.958019    1.083010    1.137961    1.185047    1.262686    1.375979    1.487619    
0.289261    0.571741    0.606943    0.646144    0.696946    0.788010    0.915589    0.989233    0.964186    1.088256    1.135082    1.180721    1.245157    1.324146    1.422560    1.501747    
0.246604    0.516625    0.576423    0.613187    0.644090    0.715564    0.806465    0.917649    0.953583    0.961852    1.091660    1.138398    1.174526    1.226636    1.288743    1.362948    1.442972    1.512583    
0.243948    0.518408    0.577190    0.613425    0.643717    0.719682    0.806601    0.918598    0.986840    3.386523    0.961316    1.090394    1.137368    1.172127    1.225167    1.290945    1.359995    1.438249    1.507549    0.015187    
