 8    -3.532896    4.221886    0.183429
1.387236  0.963562  -0.944981  1.624400  0.264741  0.367542  0.797701  -0.556226  -0.100179  0.323385  -1.814105  -0.930862  1.097972  0.485753  0.527625  0.093865  -1.150458  0.466368  0.442111  0.138366  -0.105991  -0.839403  1.688002  -0.084315  -1.454174  0.424841  -1.326656  -0.408164  
 1    -1.095426    0.024552      0.314318
 2    -2.436963    0.127742      0.141324
 3    -2.752822    0.211742      0.100593
 4    -2.969873    0.300759      0.072603
 5    -3.108310    0.361502      0.054752
 6    -3.197268    0.411778      0.043280
 7    -3.276535    0.463491      0.033058
 8    -3.332094    0.496838      0.025894
 9    -3.365980    0.526103      0.021524
10    -3.392071    0.552432      0.018160
0.326161    1.379562    
0.471134    0.915674    1.124185    1.352250    
0.419838    0.831360    0.952220    1.052017    1.266843    1.400171    
0.409981    0.786101    0.920448    0.995774    1.026996    1.192482    1.333995    1.428912    
0.361487    0.716708    0.836594    0.943787    0.980694    1.045011    1.179958    1.272237    1.380501    1.454733    
0.325531    0.677570    0.773775    0.872705    0.965681    1.007468    1.015518    1.173550    1.242938    1.317452    1.411769    1.472648    
0.327765    0.663444    0.761238    0.826126    0.922295    1.007724    1.063480    1.000607    1.153096    1.234925    1.278581    1.350170    1.434486    1.478223    
0.304829    0.613231    0.698991    0.764332    0.817606    0.921353    1.027840    0.997677    1.011647    1.160393    1.236255    1.280205    1.313750    1.376105    1.447782    1.486715    
0.282060    0.590175    0.672477    0.730128    0.780219    0.841282    0.955766    1.011532    1.032021    0.999008    1.147618    1.228055    1.276270    1.307651    1.339801    1.401281    1.457397    1.503324    
0.268869    0.570575    0.655115    0.709387    0.749647    0.800600    0.864816    0.961885    1.021228    1.041287    0.991200    1.139666    1.216164    1.268012    1.303429    1.331090    1.366796    1.413022    1.474714    1.510203    
