 8    -4.987678    5.159273    0.990191
-0.736260  0.440260  0.731900  0.254316  -1.807715  1.053235  -2.661686  -1.076339  0.484691  0.170791  0.129711  -0.386408  1.199626  -1.070269  -1.157811  -0.271514  -0.071525  -0.862646  -0.789977  0.300384  -0.166081  0.298657  1.737711  0.311688  1.138495  0.966284  0.786999  0.293484  
 1    -1.405400    0.083551      0.353040
 2    -2.998203    0.280814      0.196066
 3    -3.753292    0.457550      0.121651
 4    -4.273298    0.626761      0.070403
 5    -4.580639    0.765715      0.040114
 6    -4.749986    0.848334      0.023425
 7    -4.839259    0.908612      0.014627
 8    -4.906696    0.955829      0.007981
 9    -4.946411    0.981778      0.004067
10    -4.966670    0.991924      0.002070
0.463239    1.035430    
0.459812    0.770048    1.052533    1.241062    
0.408065    0.693679    0.746503    1.020287    1.117786    1.300912    
0.360381    0.655084    0.683150    0.737700    1.003376    1.078363    1.191539    1.350529    
0.323614    0.621678    0.651390    0.695757    0.812434    1.003571    1.077049    1.149448    1.254033    1.408238    
0.285419    0.565002    0.608081    0.644998    0.726524    0.804456    1.000337    1.098671    1.148138    1.204312    1.319838    1.440040    
0.259852    0.530109    0.580211    0.628699    0.682851    0.763949    0.855883    0.993203    1.097461    1.149147    1.187861    1.271508    1.362343    1.475127    
0.246195    0.493310    0.544099    0.598868    0.654030    0.713556    0.794043    0.877981    0.998436    1.111295    1.153748    1.180081    1.248256    1.308088    1.395852    1.482034    
0.228826    0.471205    0.516601    0.572647    0.620865    0.686195    0.736575    0.825831    0.879420    0.989920    1.111612    1.160632    1.180759    1.228406    1.283248    1.345605    1.416286    1.499546    
0.201842    0.428559    0.487399    0.537455    0.581438    0.643730    0.691813    0.748951    0.816630    0.883514    0.993092    1.118356    1.164965    1.187483    1.222319    1.262691    1.320031    1.375046    1.439433    1.515543    
