 8    -3.378232    3.101088    0.009787
1.319751  -0.169291  -0.060430  0.880154  0.440474  0.282055  -1.219574  -0.679306  -0.367388  -0.797539  0.622276  -0.818255  -0.316651  -2.039845  0.708758  -0.138086  0.106757  -0.657646  0.217738  -0.925505  -0.420240  -0.215826  0.618240  -1.075169  -1.079639  -0.515391  0.871164  -0.995943  
 1    -2.143176    0.070775      0.190615
 2    -2.629826    0.117532      0.115507
 3    -2.902825    0.171822      0.073373
 4    -3.084452    0.253461      0.045341
 5    -3.219850    0.346772      0.024444
 6    -3.288465    0.400530      0.013854
 7    -3.321477    0.433866      0.008759
 8    -3.336985    0.454084      0.006366
 9    -3.345076    0.466118      0.005117
10    -3.349217    0.475413      0.004478
0.691507    1.186764    
0.598392    1.067134    1.066311    1.346666    
0.532942    0.942276    1.053689    0.999505    1.240465    1.389851    
0.515942    0.882990    0.985410    1.109021    0.995237    1.184676    1.298761    1.425066    
0.488559    0.861189    0.925552    1.033833    1.107212    0.994578    1.171720    1.240402    1.335825    1.441379    
0.423509    0.798447    0.888094    0.967769    1.043577    1.094345    0.987160    1.161329    1.224580    1.287716    1.373599    1.475522    
0.377923    0.720053    0.839939    0.921336    0.979592    1.042604    1.127191    0.988209    1.158132    1.218416    1.274213    1.331461    1.417544    1.503720    
0.322689    0.666215    0.778955    0.882761    0.930086    0.986008    1.065689    1.149229    0.970062    1.138809    1.210126    1.260356    1.311141    1.369150    1.451551    1.519410    
0.297686    0.608227    0.725190    0.819711    0.873390    0.911129    0.977924    1.068678    1.133975    0.963670    1.134237    1.203596    1.258432    1.302365    1.349233    1.406507    1.475663    1.530360    
0.273902    0.571918    0.688465    0.787223    0.832765    0.876263    0.920507    1.012589    1.099520    1.182633    0.960944    1.120491    1.193161    1.248588    1.294483    1.336231    1.383633    1.437805    1.496681    1.542009    
