 8    -5.048118    5.269142    0.450498
-1.485170  -0.260205  -1.424565  -0.891399  0.761163  -0.698757  -0.396650  1.243787  0.074518  -0.322948  1.461472  1.241821  0.259419  1.071688  -0.130218  1.885784  -0.705359  0.335575  0.568752  -0.916734  -1.059760  -1.918972  1.679736  -1.131580  -1.168810  -0.301069  3.244311  1.609465  
 1    -0.985783    0.026399      0.393742
 2    -3.497426    0.138303      0.150301
 3    -3.986362    0.188376      0.102911
 4    -4.254493    0.219002      0.076922
 5    -4.426945    0.266293      0.060207
 6    -4.539105    0.315797      0.049336
 7    -4.613628    0.372869      0.042113
 8    -4.674557    0.437711      0.036207
 9    -4.724064    0.498492      0.031409
10    -4.766094    0.563692      0.027335
0.953697    1.254983    
0.353051    0.629003    1.108385    1.328020    
0.324430    0.578228    0.595935    1.030601    1.232275    1.372015    
0.281919    0.515964    0.557854    0.591757    1.024062    1.178980    1.292833    1.418740    
0.270095    0.502115    0.528108    0.582804    0.627018    0.982925    1.146224    1.232714    1.341181    1.447059    
0.247734    0.463360    0.507621    0.548229    0.602013    0.624642    0.999747    1.130811    1.212623    1.289455    1.386630    1.471845    
0.236099    0.453858    0.490147    0.538033    0.581345    0.620703    0.666024    0.991148    1.132374    1.191677    1.270274    1.343672    1.427363    1.494644    
0.230544    0.448901    0.485847    0.528422    0.572959    0.617384    0.662430    0.699132    0.992395    1.126825    1.191067    1.243953    1.327804    1.389928    1.460588    1.503678    
0.219684    0.435807    0.479813    0.516135    0.557923    0.598295    0.653488    0.689746    0.689938    0.997342    1.132933    1.190099    1.242146    1.299145    1.373153    1.426274    1.474638    1.509121    
0.208097    0.426516    0.474435    0.515531    0.542708    0.588779    0.625271    0.688045    0.688715    0.709129    0.987051    1.131599    1.192482    1.238149    1.288204    1.340512    1.406821    1.443099    1.480280    1.512306    
