 8    -3.484223    3.466263    0.696414
0.439265  0.438488  1.147810  -0.067318  1.282502  1.203008  1.135877  -0.804010  -0.355338  1.115535  0.416017  0.281031  0.602493  -0.502367  -0.360674  -0.046913  -0.271253  1.007771  0.968143  0.644780  0.042835  0.213668  0.719655  -0.648750  -0.936063  -0.101636  -0.105031  1.266631  
 1    -0.577416    0.055660      0.418216
 2    -2.113806    0.248331      0.197168
 3    -2.507652    0.356320      0.140504
 4    -2.815667    0.496245      0.096188
 5    -3.036155    0.634567      0.064466
 6    -3.177088    0.725668      0.044189
 7    -3.272549    0.802623      0.030455
 8    -3.335642    0.864630      0.021377
 9    -3.382009    0.908282      0.014706
10    -3.415203    0.941325      0.009930
1.557342    1.239787    
0.603387    1.164636    1.082851    1.293081    
0.534137    0.945912    1.062942    1.044137    1.203449    1.339198    
0.528312    0.896089    0.900313    1.172357    1.023175    1.155386    1.228984    1.350220    
0.466840    0.882487    0.860718    0.964791    1.164583    1.016055    1.131846    1.187904    1.243618    1.370064    
0.426509    0.806623    0.826623    0.874465    0.923444    1.137000    1.010782    1.151966    1.180892    1.230121    1.286365    1.402848    
0.405120    0.770753    0.788730    0.843582    0.827435    0.908584    1.193050    1.001585    1.146370    1.194837    1.225457    1.277603    1.315810    1.428158    
0.380142    0.740864    0.775207    0.821199    0.811086    0.806360    0.946157    1.236751    0.996856    1.134303    1.187998    1.229501    1.268071    1.310950    1.343209    1.449136    
0.357795    0.699334    0.738912    0.794272    0.792271    0.799335    0.799513    0.906644    1.229612    0.997127    1.140033    1.185428    1.225839    1.260704    1.294351    1.347551    1.365029    1.455839    
0.336141    0.674608    0.717433    0.769350    0.772947    0.788456    0.810743    0.792301    0.955917    1.246443    0.985017    1.131278    1.185531    1.219361    1.254015    1.279241    1.322375    1.359970    1.374406    1.469989    
