 8    -3.961617    5.285949    1.184759
-0.217286  -0.915852  1.062431  0.444871  -0.375857  -1.325971  -0.652894  -0.842896  -0.447425  1.539325  0.027425  -0.777571  -1.614024  0.688196  -0.014051  0.026840  0.549220  0.855711  0.291851  -0.626174  -2.124388  0.198757  0.726640  -0.387585  0.110386  2.242068  -0.104016  0.801473  
 1    -1.790753    0.085716      0.234750
 2    -2.406649    0.199410      0.168149
 3    -2.751664    0.314477      0.130840
 4    -2.935909    0.377574      0.110917
 5    -3.113058    0.483610      0.091760
 6    -3.270246    0.602857      0.074762
 7    -3.434746    0.725115      0.056974
 8    -3.591315    0.805856      0.040043
 9    -3.690446    0.861794      0.029323
10    -3.783052    0.919826      0.019309
0.602033    1.258845    
0.452676    0.901426    1.144393    1.341837    
0.419500    0.794494    0.926556    1.081381    1.260505    1.381637    
0.353799    0.703874    0.796327    0.926606    1.071247    1.220648    1.317055    1.419372    
0.369197    0.679581    0.728605    0.813262    0.967978    1.051741    1.202817    1.260880    1.332107    1.405377    
0.348579    0.679928    0.700320    0.742766    0.816081    0.959392    1.047250    1.177318    1.240500    1.276670    1.314200    1.402903    
0.366469    0.687379    0.730683    0.725870    0.752076    0.805378    1.000832    1.028698    1.166825    1.216746    1.252039    1.255587    1.305086    1.391651    
0.350597    0.679041    0.723983    0.759029    0.732347    0.763088    0.807650    0.977826    1.032912    1.151320    1.218692    1.237169    1.234420    1.258783    1.313177    1.394808    
0.315950    0.648629    0.722269    0.753875    0.753587    0.745721    0.779157    0.806770    1.013083    1.015309    1.143485    1.201023    1.236570    1.231018    1.238306    1.274894    1.324542    1.422939    
0.320150    0.627569    0.703491    0.757037    0.750789    0.763008    0.768618    0.780265    0.816947    1.042545    1.015380    1.135716    1.196198    1.219286    1.229696    1.234829    1.247818    1.283476    1.344337    1.423208    
