 8    -5.253674    4.888646    0.102670
0.286737  -1.614226  -2.273977  -0.592228  0.483037  0.143706  -2.061878  -0.378867  -1.044350  -0.467956  -1.944020  -0.360842  -0.845624  -0.393506  -0.128412  1.699103  -0.205102  -1.353236  0.078569  -0.912648  0.287707  0.720950  2.542370  1.214664  -0.456812  -0.948636  -0.651693  1.089899  
 1    -2.715703    0.080159      0.250236
 2    -3.983991    0.170711      0.125187
 3    -4.515886    0.228639      0.072743
 4    -4.750418    0.276561      0.049619
 5    -4.884000    0.315272      0.036449
 6    -4.965760    0.351434      0.028387
 7    -5.048239    0.378109      0.020255
 8    -5.095262    0.384178      0.015619
 9    -5.123608    0.384519      0.012824
10    -5.141533    0.384906      0.011057
0.474168    1.130725    
0.422484    0.705073    1.040413    1.263298    
0.333652    0.619851    0.656424    1.001976    1.167441    1.357053    
0.291832    0.548922    0.602717    0.690396    0.980364    1.130987    1.260080    1.414703    
0.266444    0.496616    0.538000    0.631897    0.696517    0.979393    1.124819    1.214894    1.317939    1.446858    
0.246699    0.480034    0.515882    0.585153    0.653974    0.720028    0.952357    1.089972    1.177513    1.242676    1.335661    1.460112    
0.256694    0.468633    0.490369    0.552113    0.593932    0.655754    0.708073    0.965752    1.092724    1.161128    1.211898    1.257441    1.342954    1.463191    
0.226851    0.455334    0.483582    0.525695    0.563094    0.599793    0.652300    0.705832    0.967514    1.089151    1.149758    1.195922    1.229267    1.274692    1.365239    1.482832    
0.210492    0.423533    0.457323    0.497900    0.521205    0.537023    0.559187    0.626900    0.696820    0.967660    1.106618    1.158867    1.199194    1.235503    1.272562    1.317664    1.396308    1.496769    
0.196755    0.402993    0.441255    0.475516    0.494968    0.501888    0.511820    0.569603    0.657055    0.723509    0.962066    1.102000    1.164842    1.205293    1.237451    1.274258    1.303346    1.343603    1.425232    1.516617    
