 8    -5.727614    4.413151    0.834160
-0.785379  0.950782  -0.027696  -1.235860  -0.578111  0.713701  -0.686916  1.087173  0.024415  -1.229610  0.309458  1.095729  1.452500  -0.108886  0.952027  -0.189320  -2.661238  -0.526750  -0.667293  1.206642  0.618741  -1.492365  0.431372  -0.099084  0.579067  -1.668932  1.581917  -0.023200  
 1    -2.835742    0.123539      0.285173
 2    -4.195257    0.278832      0.151109
 3    -4.712292    0.368187      0.100123
 4    -5.003203    0.435398      0.071435
 5    -5.133430    0.487251      0.058594
 6    -5.249519    0.582103      0.047146
 7    -5.378729    0.719110      0.034404
 8    -5.513019    0.880399      0.021162
 9    -5.614599    0.953713      0.011145
10    -5.658479    0.966702      0.006818
0.566031    1.220531    
0.474828    0.739079    0.981422    1.254737    
0.367468    0.637227    0.707456    0.969427    1.124541    1.343208    
0.327555    0.571257    0.614072    0.711291    0.936655    1.102524    1.211573    1.383764    
0.288306    0.521596    0.560553    0.642734    0.722038    0.933173    1.082221    1.175826    1.268846    1.436358    
0.301158    0.522756    0.557530    0.622678    0.714507    0.820684    0.931253    1.062379    1.146681    1.215771    1.324661    1.458058    
0.299517    0.532787    0.555394    0.613460    0.671599    0.767286    0.816336    0.949637    1.075546    1.134263    1.195631    1.266554    1.338651    1.445828    
0.309248    0.548092    0.565772    0.622020    0.668953    0.717938    0.754842    0.789578    0.943433    1.097585    1.155027    1.195753    1.254252    1.279375    1.316474    1.435609    
0.284805    0.522125    0.560314    0.600748    0.642583    0.687230    0.694012    0.718775    0.767224    0.952558    1.094176    1.165615    1.207271    1.244669    1.264605    1.268111    1.317515    1.447687    
0.245923    0.467610    0.518012    0.566690    0.586672    0.622172    0.647393    0.649278    0.680766    0.738244    0.962720    1.105370    1.166391    1.212756    1.254684    1.276698    1.279846    1.291649    1.351613    1.470357    
