 8    -4.705857    3.917793    0.187597
-1.789561  -0.620432  -1.171035  0.148565  0.893654  -1.575155  -0.288518  -0.152455  -0.774642  -0.676979  1.407445  0.790398  -1.298069  -1.898607  -0.394314  -0.811435  0.276450  0.234359  -0.670887  0.533213  -0.724677  0.912850  0.602760  -1.331720  -1.004301  -0.549175  -1.811160  -1.036142  
 1    -2.057600    0.050633      0.307092
 2    -3.332934    0.214876      0.159204
 3    -3.919967    0.361880      0.091132
 4    -4.229724    0.489244      0.055213
 5    -4.383593    0.569911      0.037370
 6    -4.476727    0.617066      0.026570
 7    -4.531585    0.648982      0.020209
 8    -4.569318    0.693882      0.015833
 9    -4.605645    0.739824      0.011621
10    -4.627579    0.761084      0.009077
0.415024    1.279962    
0.483262    0.844186    1.022274    1.265043    
0.412800    0.720491    0.742523    1.003437    1.159730    1.336975    
0.370734    0.655607    0.663463    0.769200    0.986283    1.143607    1.225693    1.386576    
0.322083    0.609121    0.626250    0.692954    0.777420    0.978586    1.121951    1.200503    1.281717    1.431706    
0.294642    0.560400    0.586082    0.644549    0.695530    0.791209    0.971725    1.123356    1.182939    1.249446    1.331675    1.458662    
0.273214    0.531725    0.562441    0.613738    0.649476    0.732931    0.830657    0.963052    1.112566    1.177091    1.229650    1.294714    1.372561    1.485002    
0.268771    0.528975    0.560294    0.612437    0.640853    0.708532    0.827423    0.915090    0.954285    1.097391    1.164763    1.217811    1.276334    1.338466    1.419482    1.503323    
0.267065    0.522928    0.559713    0.608297    0.636390    0.690031    0.790057    0.901070    0.913118    0.956491    1.098086    1.157321    1.209449    1.267636    1.323366    1.386673    1.443277    1.505912    
0.240985    0.487958    0.544681    0.596908    0.622801    0.668295    0.739833    0.830800    0.895330    0.900546    0.964417    1.100281    1.154988    1.200235    1.253449    1.309385    1.369530    1.419532    1.459431    1.518608    
