 8    -4.142326    4.376542    0.281646
0.955418  0.440712  -0.478419  -0.682530  -0.793871  0.427983  -0.773764  2.050114  -0.211533  1.453954  -0.061595  1.474451  0.824645  0.581223  -1.225692  -2.162298  -0.516786  2.092389  0.053569  -0.047480  -1.708678  -0.500262  0.711233  1.329977  0.011977  -0.672960  -0.318454  -0.998683  
 1    -1.226954    0.024376      0.342225
 2    -2.844769    0.133682      0.152316
 3    -3.174210    0.214313      0.113644
 4    -3.373541    0.279920      0.090245
 5    -3.550208    0.354290      0.069507
 6    -3.711930    0.424055      0.050523
 7    -3.798795    0.470238      0.040326
 8    -3.855597    0.500372      0.033658
 9    -3.899334    0.522946      0.028524
10    -3.932395    0.542287      0.024643
0.181731    1.252147    
0.413374    0.755092    1.127339    1.357404    
0.372391    0.695867    0.763207    1.067032    1.289566    1.407468    
0.336871    0.641377    0.719557    0.779847    1.043023    1.233000    1.349731    1.438869    
0.339733    0.619535    0.685654    0.768732    0.828200    1.030638    1.209134    1.297666    1.384659    1.446978    
0.333383    0.617014    0.657720    0.735787    0.809006    0.841948    1.028642    1.199700    1.286581    1.341429    1.404396    1.456183    
0.289140    0.585770    0.645915    0.701789    0.773453    0.828613    0.870872    1.009364    1.172715    1.260595    1.323423    1.362619    1.420921    1.479097    
0.270586    0.529426    0.611905    0.679998    0.727196    0.778215    0.832710    0.870979    1.010633    1.173510    1.243876    1.303631    1.354263    1.384250    1.446737    1.494084    
0.262920    0.514078    0.562031    0.639448    0.687058    0.721861    0.770398    0.841260    0.897495    1.003354    1.173472    1.249142    1.293098    1.338790    1.378824    1.406812    1.462481    1.501630    
0.246326    0.496016    0.553054    0.596280    0.651992    0.686346    0.725753    0.796650    0.873519    0.901936    0.997295    1.158760    1.242722    1.290974    1.324663    1.358343    1.395585    1.419891    1.472141    1.507106    
