 8    -4.007779    3.946590    0.459535
0.445292  -0.280395  -1.876685  -0.387690  0.596937  0.683369  0.232692  0.715544  0.804504  0.348361  -0.195662  -0.923606  0.598020  -1.569014  -0.119666  0.392834  1.194875  0.806525  1.582657  1.459610  -0.604105  -0.870248  -0.041871  1.678362  -0.365394  1.448301  0.201462  -1.036387  
 1    -2.122520    0.052234      0.237009
 2    -2.979870    0.153711      0.129226
 3    -3.265601    0.235971      0.093304
 4    -3.406613    0.314487      0.075577
 5    -3.527766    0.398017      0.060346
 6    -3.613937    0.459633      0.049513
 7    -3.613937    0.459635      0.049513
 8    -3.727283    0.568112      0.035263
 9    -3.770756    0.627391      0.029798
10    -3.814049    0.696975      0.024355
0.506070    1.237901    
0.464674    0.728368    1.097132    1.326848    
0.397304    0.650201    0.675936    1.050756    1.277010    1.409852    
0.373025    0.640168    0.663045    0.781400    1.028026    1.228294    1.373013    1.465408    
0.371878    0.614257    0.668452    0.750987    0.763446    1.034228    1.220901    1.332590    1.441125    1.474527    
0.335903    0.601534    0.651667    0.764369    0.748746    0.797469    1.026355    1.197992    1.303313    1.397068    1.454395    1.485420    
0.335918    0.000000    0.601545    0.651677    0.764374    0.748756    0.797479    0.445637    0.580720    1.198000    1.303315    1.397073    1.454401    1.485421    
0.306437    0.561320    0.607607    0.686295    0.733146    0.793182    0.745337    0.800843    1.005078    1.187058    1.277764    1.348378    1.392107    1.431435    1.479303    1.498107    
0.299845    0.540509    0.594020    0.671722    0.697908    0.739414    0.781581    0.750304    0.783497    1.002900    1.177728    1.263632    1.337202    1.369788    1.403928    1.440223    1.480299    1.501769    
0.312069    0.547734    0.586946    0.662193    0.688460    0.707268    0.727200    0.792881    0.740625    0.796037    1.006345    1.174024    1.258648    1.329901    1.361228    1.384726    1.414578    1.442206    1.487699    1.501479    
