 8    -4.403326    4.547749    0.791739
0.050657  0.392329  0.609438  -0.588129  1.443758  0.402090  0.166803  0.853984  1.658907  0.699776  -1.693152  -0.962174  -2.420045  -0.416890  -0.337671  0.421032  -1.120160  -0.961434  0.302471  0.846941  0.373882  -0.822025  -1.224561  -0.630809  -1.119728  -0.142730  0.364224  -0.979682  
 1    -1.880413    0.065626      0.281856
 2    -2.687272    0.187451      0.191715
 3    -3.243571    0.352623      0.129566
 4    -3.653965    0.537206      0.083717
 5    -3.905383    0.672703      0.055629
 6    -4.047388    0.749977      0.039765
 7    -4.162543    0.834982      0.026900
 8    -4.246768    0.898674      0.017490
 9    -4.305471    0.935290      0.010932
10    -4.330488    0.960896      0.008137
0.439332    1.191551    
0.437310    0.791788    1.093172    1.300504    
0.416367    0.714773    0.770620    1.036268    1.192550    1.339504    
0.383554    0.664801    0.703757    0.809979    1.040684    1.177287    1.242993    1.374459    
0.336618    0.630430    0.668999    0.737458    0.834132    1.014810    1.151872    1.221671    1.266843    1.397169    
0.300283    0.580223    0.631381    0.700339    0.757532    0.836605    0.997590    1.135117    1.201797    1.251502    1.307153    1.437097    
0.295070    0.557357    0.599546    0.670044    0.724402    0.789552    0.921318    0.991420    1.124750    1.189922    1.231558    1.294065    1.356838    1.460718    
0.275439    0.533860    0.577331    0.632877    0.678951    0.727935    0.861340    0.966312    0.991642    1.123334    1.185970    1.223820    1.267908    1.337094    1.391732    1.475843    
0.258142    0.509091    0.549648    0.606293    0.621494    0.658923    0.754805    0.890740    0.973558    0.985483    1.124971    1.185531    1.226368    1.267082    1.303143    1.371081    1.415565    1.483172    
0.260874    0.502284    0.546706    0.602083    0.615246    0.645422    0.731601    0.885428    1.003662    3.795540    0.985485    1.124602    1.183341    1.221766    1.266803    1.291086    1.366411    1.419184    1.459009    0.047960    
