 8    -5.819143    5.661247    0.604668
0.120886  0.610718  -0.940969  -1.296675  -0.444179  -1.381420  0.602617  -0.815498  1.472935  -0.054761  0.049716  -1.540904  -1.109380  -1.381756  3.932359  -0.255963  1.355360  -0.172457  -0.880102  0.905413  0.530236  0.473998  -0.589417  -0.877020  0.452247  -2.293872  0.450996  -0.950069  
 1    -2.142656    0.052369      0.320241
 2    -4.230877    0.224169      0.138346
 3    -4.813117    0.319574      0.087630
 4    -5.084216    0.364849      0.064016
 5    -5.219340    0.396620      0.052246
 6    -5.320726    0.435123      0.043415
 7    -5.389868    0.481226      0.037392
 8    -5.453844    0.555190      0.031819
 9    -5.521401    0.631466      0.025935
10    -5.583106    0.718389      0.020560
0.707155    1.262131    
0.371781    0.638055    1.051381    1.279449    
0.310735    0.572344    0.625421    1.007827    1.183329    1.362466    
0.265412    0.506544    0.564841    0.621558    0.992655    1.158640    1.284512    1.427607    
0.239686    0.467520    0.530289    0.598671    0.680453    0.978490    1.131040    1.243514    1.354029    1.471246    
0.227564    0.448452    0.491971    0.559591    0.645528    0.682530    0.968284    1.111625    1.214129    1.300456    1.401173    1.481901    
0.215000    0.433075    0.479463    0.521723    0.597742    0.652286    0.683434    0.949263    1.082868    1.178052    1.250571    1.334521    1.410932    1.491709    
0.224558    0.433575    0.474599    0.513536    0.559264    0.604770    0.657430    0.701663    0.949926    1.066239    1.146627    1.206604    1.272741    1.334823    1.418964    1.495221    
0.226345    0.430736    0.460059    0.498800    0.536081    0.547717    0.593188    0.657907    0.678700    0.971554    1.088341    1.151149    1.194779    1.253909    1.291352    1.353710    1.431616    1.495189    
0.222490    0.444949    0.476860    0.502310    0.538631    0.548683    0.564869    0.633896    0.689368    0.714656    0.960060    1.085152    1.155060    1.191994    1.244577    1.278245    1.313974    1.380818    1.443161    1.500896    
