 6    -3.637327    2.739384    0.551496
1.412241  2.337697  1.611915  1.649743  0.798248  -0.038336  -0.416919  0.573888  0.379333  0.395861  -0.639797  -0.622015  -1.097253  -0.040995  0.406483  
 1    -1.428189    0.123044      0.346439
 2    -2.666048    0.446006      0.152317
 3    -3.185342    0.610648      0.070881
 4    -3.367117    0.685643      0.042375
 5    -3.448235    0.747376      0.029654
 6    -3.495417    0.809340      0.022254
 7    -3.495417    0.809339      0.022254
 8    -3.611268    0.973375      0.004087
 9    -3.620361    0.980446      0.002661
10    -3.626855    0.987034      0.001642
0.299816    1.109728    
0.479149    0.655322    1.088579    1.293195    
0.393094    0.655158    0.579766    1.027463    1.226531    1.340875    
0.331362    0.581248    0.600842    0.614307    1.002738    1.185293    1.293568    1.418608    
0.300106    0.547362    0.575665    0.637137    0.675427    0.998463    1.162945    1.242753    1.382327    1.471662    
0.279569    0.520321    0.568670    0.623207    0.686162    0.727777    0.996710    1.159188    1.227843    1.321598    1.452806    1.493084    
0.279560    0.520311    0.000000    0.568662    0.623203    0.686159    0.727770    0.996716    0.034427    1.124774    1.227830    1.321593    1.452808    1.493078    
0.261158    0.509361    0.583287    0.659311    0.764577    0.805121    0.778597    0.776459    0.991749    1.153894    1.213111    1.303836    1.409405    1.427214    1.473924    1.470487    
0.234114    0.469470    0.550404    0.632618    0.728225    0.779560    0.836005    0.741545    0.832695    0.984969    1.137366    1.199948    1.277829    1.370865    1.433803    1.441646    1.479902    1.508982    
0.226890    0.454158    0.535652    0.614745    0.706685    0.784687    0.793148    0.863593    0.675929    1.039877    0.993084    1.134001    1.185536    1.256579    1.346215    1.410965    1.446571    1.461977    1.504089    1.516199    
