 6    -3.823277    2.579058    0.145330
1.980655  1.795750  -0.728124  -0.283760  1.757234  -0.700888  0.749530  1.466181  -0.359759  -0.314563  -0.497060  -0.582411  0.826093  0.847297  -0.248796  
 1    -1.804749    0.182609      0.315280
 2    -3.164668    0.459097      0.102870
 3    -3.545418    0.561796      0.043400
 4    -3.665918    0.601325      0.024578
 5    -3.721843    0.636084      0.015843
 6    -3.750699    0.662425      0.011336
 7    -3.766208    0.681088      0.008914
 8    -3.774275    0.687273      0.007654
 9    -3.775643    0.696160      0.007440
10    -3.778187    0.713893      0.007043
0.531781    0.963781    
0.524583    0.707173    1.032254    1.272732    
0.387057    0.646774    0.639221    1.000154    1.164477    1.345933    
0.315892    0.564590    0.607563    0.655773    0.972518    1.151773    1.249228    1.426386    
0.287073    0.525957    0.567453    0.645900    0.719550    0.964434    1.135357    1.215913    1.347444    1.482275    
0.274209    0.502098    0.553431    0.614920    0.713755    0.787208    0.961361    1.126607    1.201037    1.299833    1.421169    1.506591    
0.250420    0.491651    0.549516    0.608188    0.696040    0.799916    0.814485    0.962311    1.113269    1.189630    1.280260    1.380542    1.464964    1.521784    
0.221398    0.441579    0.528200    0.586922    0.659762    0.758644    0.815896    0.816017    0.969227    1.114796    1.174551    1.256054    1.349278    1.427361    1.487767    1.532778    
0.211233    0.424963    0.511876    0.574922    0.645578    0.736093    0.818951    0.811404    3.339210    0.973542    1.123424    1.179767    1.255110    1.345776    1.422227    1.482085    1.525617    1.558218    
0.207020    0.397493    0.475092    0.543898    0.609029    0.692255    0.793979    0.858161    3.394807    3.271845    0.983177    1.145810    1.196554    1.254413    1.337841    1.405622    1.476059    1.519439    1.551377    1.551805    
