 6    -3.894453    4.935254    0.764402
-1.347907  0.938718  1.021825  0.788287  -2.600565  0.373243  -1.052956  0.132503  0.415469  -0.735163  2.955965  1.631560  -0.638114  -1.002116  -0.091526  
 1    -1.823617    0.156097      0.234531
 2    -2.595166    0.259040      0.147149
 3    -3.068323    0.432935      0.093563
 4    -3.358095    0.562073      0.060745
 5    -3.545214    0.655634      0.039553
 6    -3.635209    0.739966      0.029360
 7    -3.710732    0.830823      0.020807
 8    -3.771339    0.916824      0.013943
 9    -3.832427    0.966842      0.007025
10    -3.859764    0.977681      0.003929
0.522730    1.105860    
0.348427    0.698764    1.064315    1.334071    
0.360405    0.653570    0.699374    1.032202    1.190895    1.324899    
0.342717    0.649053    0.696132    0.758057    0.993378    1.129567    1.207033    1.364337    
0.297568    0.602725    0.662887    0.715327    0.737582    1.002265    1.119018    1.173142    1.271547    1.415800    
0.271723    0.565057    0.654648    0.694083    0.741337    0.823941    0.977022    1.108822    1.157003    1.227565    1.336504    1.462688    
0.268515    0.558538    0.640374    0.711383    0.732672    0.836109    0.876819    0.976596    1.099717    1.148531    1.204439    1.290598    1.391597    1.474476    
0.266512    0.567107    0.655657    0.709729    0.767476    0.824600    0.897209    0.928105    0.967205    1.085269    1.142774    1.184996    1.277519    1.346882    1.406349    1.475441    
0.258029    0.534682    0.622283    0.681934    0.711076    0.824482    0.811078    0.858697    0.888576    0.976522    1.105650    1.148422    1.198304    1.261169    1.332629    1.365555    1.407497    1.466269    
0.244551    0.506895    0.559528    0.520339    0.524574    0.639635    0.784957    0.788870    0.833590    0.856995    0.978983    1.128115    1.212230    1.295464    1.292212    1.319134    1.346162    1.373173    1.413849    1.475621    
