 6    -2.359630    3.956650    0.191407
-0.270164  0.934725  -0.978179  1.679502  -0.282496  -2.137573  -0.087249  -0.115780  1.694825  0.442736  0.904835  -0.777380  -0.167235  0.549352  0.270288  
 1    -1.144778    0.085754      0.192337
 2    -1.708136    0.207056      0.103145
 3    -1.857007    0.288970      0.079576
 4    -1.987738    0.392554      0.058878
 5    -2.120626    0.493010      0.037839
 6    -2.193774    0.545277      0.026258
 7    -2.246209    0.590482      0.017957
 8    -2.264261    0.609870      0.015099
 9    -2.274052    0.630165      0.013549
10    -2.280578    0.650727      0.012516
0.437715    1.352539    
0.448519    0.944330    1.119179    1.379418    
0.384100    0.864603    1.079208    1.098241    1.299305    1.436264    
0.412425    0.815943    1.050405    1.168171    1.096565    1.290437    1.377669    1.440613    
0.402638    0.848648    0.948624    1.158373    1.207790    1.086515    1.277101    1.351922    1.385067    1.428479    
0.363153    0.794460    0.932497    1.020698    1.221637    1.231120    1.031381    1.233847    1.341249    1.350967    1.379227    1.444853    
0.353026    0.780452    0.876983    0.964783    1.119876    1.287974    1.317241    1.038833    1.199429    1.310130    1.342917    1.334220    1.411807    1.456766    
0.295286    0.693460    0.845770    0.914101    1.030232    1.092884    1.273744    1.196101    1.024006    1.188395    1.275887    1.329349    1.349213    1.382204    1.437878    1.484899    
0.282517    0.658723    0.821175    0.913339    0.950478    1.049685    1.229636    1.295002    1.435877    1.018964    1.174002    1.266669    1.315368    1.337115    1.373979    1.395178    1.466098    1.510445    
0.262998    0.620556    0.787575    0.889758    0.945400    0.946078    1.103276    1.258957    1.371198    1.406497    0.992043    1.153996    1.245347    1.295604    1.331329    1.357154    1.390649    1.410753    1.486208    1.513313    
