 6    -2.543815    3.256181    0.238624
-1.945109  0.620710  -0.432221  0.462573  0.020115  -0.392806  2.213288  1.454509  -1.097804  0.429880  0.343355  0.253077  0.832716  0.277569  -0.227005  
 1    -0.639903    0.066830      0.328261
 2    -1.754247    0.246032      0.136132
 3    -2.062415    0.419507      0.083000
 4    -2.264686    0.540252      0.048126
 5    -2.361002    0.610510      0.031520
 6    -2.430733    0.692603      0.019497
 7    -2.445986    0.742768      0.016867
 8    -2.473161    0.786141      0.012182
 9    -2.477197    0.887240      0.011486
10    -2.488712    0.891953      0.009500
0.876205    1.425105    
0.434586    0.754122    1.160778    1.356902    
0.430134    0.759541    0.718894    1.113735    1.321204    1.385432    
0.382689    0.744683    0.796777    0.746574    1.083918    1.261412    1.365337    1.397058    
0.338394    0.669640    0.743907    0.824861    0.739874    1.057913    1.232808    1.316724    1.393372    1.432314    
0.318425    0.651577    0.744307    0.774930    0.832771    1.739343    1.037633    1.201808    1.279370    1.379820    1.357564    1.451252    
0.347831    0.683735    0.764583    0.778675    0.844327    1.645343    2.521640    1.045670    1.196453    1.281945    1.405630    1.350739    1.444598    1.508272    
0.306384    0.657284    0.746988    0.832636    0.823567    0.964972    1.826887    2.084013    1.016029    1.176989    1.255519    1.319743    1.423343    1.388116    1.458820    1.493484    
0.328211    0.644427    0.758756    0.805667    0.841483    1.780548    2.077395    2.928577    2.769768    1.028748    1.196608    1.289118    1.368428    1.310528    1.426506    1.475682    1.450923    1.480321    
0.311670    0.648145    0.775379    0.808672    0.861476    1.777422    1.825228    2.235074    3.766044    3.186326    1.032122    1.185628    1.261245    1.326566    1.356569    1.389235    1.490457    1.453214    1.464429    1.497192    
