 6    -3.416299    2.955352    0.350050
-0.377364  0.166759  0.682802  1.921379  -0.197037  -0.759879  -2.089066  -0.036373  -1.217749  -1.428905  -0.170528  1.160940  -1.061140  -1.408500  0.839550  
 1    -1.675615    0.157812      0.273192
 2    -2.715866    0.301238      0.109930
 3    -2.948552    0.435205      0.073411
 4    -3.068573    0.516637      0.054574
 5    -3.151874    0.582648      0.041500
 6    -3.204885    0.627077      0.033180
 7    -3.245143    0.681900      0.026862
 8    -3.286967    0.746902      0.020298
 9    -3.311737    0.775275      0.016411
10    -3.311737    0.775269      0.016411
0.791929    0.955532    
0.431947    0.744301    1.089338    1.350788    
0.412854    0.711637    0.784449    1.019119    1.282009    1.417693    
0.340034    0.668996    0.741591    0.783191    0.994336    1.194664    1.356102    1.449519    
0.344641    0.637513    0.751197    0.777650    0.855255    0.971897    1.152311    1.277353    1.391879    1.462637    
0.301745    0.592784    0.667429    0.759476    0.800661    0.786980    0.978953    1.137374    1.240005    1.312716    1.410481    1.471779    
0.307837    0.590482    0.666031    0.710718    0.807503    0.771147    0.839978    0.959657    1.130060    1.224197    1.279134    1.346463    1.422337    1.484188    
0.313184    0.612893    0.677070    0.725240    0.772403    0.815790    0.814114    0.864441    0.950659    1.101701    1.200915    1.256044    1.298695    1.363272    1.432690    1.477863    
0.292581    0.547253    0.612408    0.678110    0.722232    0.729841    0.801041    0.801857    0.791667    0.982567    1.141102    1.206807    1.249084    1.295345    1.327052    1.380695    1.441729    1.490717    
0.292605    0.060564    0.486710    0.612394    0.678071    0.722175    0.729792    0.801002    0.801867    0.791645    0.982561    0.000000    1.141108    1.206818    1.249093    1.295353    1.327060    1.380698    1.441739    1.490716    
