 6    -4.802898    2.783390    0.180329
-0.277191  -1.145218  1.062622  -0.870811  -1.755050  -1.015249  1.560385  0.481436  -1.006437  1.485005  -0.585905  -0.851112  0.591227  1.385524  1.787364  
 1    -1.896755    0.150715      0.383078
 2    -4.048110    0.456859      0.099494
 3    -4.560502    0.510871      0.031952
 4    -4.614787    0.505761      0.024796
 5    -4.704290    0.542311      0.012998
 6    -4.711222    0.562138      0.012084
 7    -4.658024    0.609386      0.019097
 8    -4.693396    0.823945      0.014434
 9    -4.715812    0.873611      0.011479
10    -4.770576    0.917617      0.004261
0.524840    1.326280    
0.456312    0.613916    0.967684    1.213373    
0.332534    0.538548    0.557911    0.975441    1.098331    1.322006    
0.317952    0.534520    0.559215    1.368793    0.967997    1.085359    1.294963    0.061303    
0.243713    0.468738    0.498055    0.572697    1.373852    0.943103    1.087317    1.182080    1.379877    0.027287    
0.238227    0.464818    0.493990    0.579732    1.376378    6.137167    0.945409    1.087233    1.174945    1.379249    0.030080    1.549307    
0.328067    0.526348    0.555435    4.990515    4.722400    4.791127    2.842286    0.976790    1.078178    1.295366    1.546215    1.524861    1.533212    0.046224    
0.305919    0.524250    0.596056    1.474689    1.610035    2.424257    0.783706    0.788926    0.977645    1.073628    1.264964    0.073986    1.523001    1.471774    1.405201    1.460578    
0.298473    0.533120    0.603820    1.491625    1.590497    2.469175    0.753298    0.758300    2.616897    0.965919    1.067341    1.257244    0.067772    1.520042    1.468321    1.398379    1.442038    1.527541    
0.230663    0.447564    0.513834    0.589786    1.397511    1.713533    3.572986    0.776506    0.740732    0.756343    0.939878    1.079387    1.145187    1.359994    0.041053    1.560541    1.505655    1.408673    1.411607    1.492591    
