 6    -2.328131    3.609689    0.531144
-0.275434  0.009924  0.464788  0.342611  1.134445  -1.210976  -1.443573  -0.759583  0.937481  0.102493  0.591607  -0.425419  0.755324  -1.678499  -0.895253  
 1    -0.781858    0.100901      0.260411
 2    -1.580168    0.248443      0.125966
 3    -1.792718    0.322667      0.090170
 4    -1.899424    0.388062      0.072199
 5    -1.975229    0.495339      0.059433
 6    -2.084341    0.681515      0.041057
 7    -2.169765    0.809940      0.026671
 8    -2.225041    0.855897      0.017362
 9    -2.249439    0.880117      0.013253
10    -2.271912    0.921461      0.009468
0.832529    1.389233    
0.469020    1.020248    1.158746    1.324685    
0.380442    0.808789    0.966740    1.125498    1.280309    1.390560    
0.357421    0.704400    0.841299    1.090498    1.121749    1.271469    1.336261    1.447098    
0.391001    0.683569    0.744214    1.060408    1.276849    1.083282    1.265608    1.300332    1.363786    1.443950    
0.459867    0.747792    0.617311    1.051373    1.280396    1.287254    1.088402    1.293948    1.289987    1.295389    1.312815    1.413524    
0.448867    0.834036    0.531926    0.980061    1.207266    1.272926    1.356892    1.052426    1.262056    1.330797    1.245507    1.251849    1.296170    1.424832    
0.410558    0.847342    0.592080    0.827435    1.187387    1.215185    1.288608    1.315647    1.034495    1.194322    1.387219    1.246520    1.232630    1.265657    1.328922    1.448062    
0.374712    0.803046    0.634719    0.734538    1.168654    1.241740    1.264791    1.309254    1.379204    0.994539    1.150613    1.385981    1.242831    1.216802    1.241893    1.289865    1.371039    1.481830    
0.381837    0.796252    0.629749    0.698099    1.148476    1.260359    1.282626    1.312503    1.421512    1.495216    0.977024    1.117598    1.378421    1.218371    1.184440    1.211992    1.256127    1.325624    1.402561    1.486633    
