 6    -3.344901    3.382111    0.251031
0.820438  1.229717  -0.763083  1.311323  -0.551206  2.015658  0.939756  -0.160168  -0.856489  0.569047  -0.021903  0.634637  0.393135  0.478060  2.245525  
 1    -1.860138    0.147828      0.220717
 2    -2.514839    0.284263      0.123392
 3    -2.860303    0.431055      0.072038
 4    -3.081992    0.616466      0.039083
 5    -3.195998    0.710405      0.022135
 6    -3.255392    0.783752      0.013306
 7    -3.274598    0.796945      0.010451
 8    -3.284284    0.804647      0.009011
 9    -3.291682    0.876658      0.007911
10    -3.299624    0.892773      0.006731
0.459618    1.236578    
0.495155    0.899393    0.989257    1.274330    
0.452808    0.801516    0.839948    0.993020    1.138831    1.336023    
0.419663    0.784645    0.794905    0.886369    0.966787    1.116146    1.197671    1.371153    
0.376548    0.690569    0.723477    0.790057    0.864079    0.984373    1.148894    1.202878    1.270074    1.419176    
0.371969    0.709575    0.721468    0.785950    0.881439    1.003448    0.937165    1.109519    1.203914    1.249323    1.318972    1.447692    
0.287938    0.593987    0.694649    0.748977    0.815206    0.909801    0.971387    0.978509    1.109281    1.178012    1.242202    1.301917    1.380842    1.488444    
0.259207    0.548160    0.648171    0.732129    0.777115    0.856851    0.956190    1.047687    0.959389    1.113610    1.170505    1.221465    1.288433    1.358454    1.434824    1.516901    
0.302504    0.576031    0.680374    0.747593    0.799269    0.916703    1.016832    6.283185    0.961336    0.997051    1.129695    1.192560    1.255412    1.319438    1.408114    1.488337    1.505247    1.514613    
0.306902    0.570886    0.688997    0.756927    0.784291    0.873639    1.205679    1.230990    3.025182    2.962414    1.002410    1.118996    1.172521    1.245814    1.292183    1.397581    1.461667    1.484641    1.507844    1.526334    
