 6    -2.746766    2.349246    0.714988
-0.894779  0.121654  -0.763285  -0.481901  1.059032  0.356689  -0.392180  1.515508  -0.183340  -0.140353  -1.015118  -1.061475  -0.607602  1.142866  0.181214  
 1    -1.269533    0.170173      0.289880
 2    -2.073876    0.406284      0.132042
 3    -2.264393    0.494568      0.094657
 4    -2.373083    0.594276      0.073328
 5    -2.453201    0.722456      0.057607
 6    -2.582837    0.871165      0.032168
 7    -2.672877    0.956186      0.014499
 8    -2.694929    0.968469      0.010172
 9    -2.702061    0.972765      0.008773
10    -2.701427    0.975549      0.008897
0.474415    1.144036    
0.656586    1.159414    1.029613    1.287672    
0.535058    1.002603    1.111656    1.007111    1.192432    1.383363    
0.506758    0.948138    1.064242    1.277598    0.982284    1.154868    1.279062    1.425169    
0.494941    0.894397    0.997630    1.168962    1.251227    0.945990    1.087823    1.185191    1.253531    1.397492    
0.536822    0.934918    0.962059    1.119142    1.124333    1.186801    0.991371    1.113328    1.160280    1.192062    1.219821    1.371108    
0.513269    0.946120    0.965820    1.086694    1.111033    1.162209    1.353058    0.980226    1.117154    1.167287    1.175705    1.178186    1.234867    1.421084    
0.487781    0.918428    0.969524    1.039170    1.086911    1.123570    1.317049    2.943147    0.979283    1.126615    1.174625    1.186525    1.182482    1.223653    1.382220    0.055639    
0.457109    0.898973    0.965290    1.022446    1.066664    1.095828    1.262724    3.016859    1.589717    0.969826    1.120503    1.171205    1.190024    1.181856    1.218021    1.365137    0.097067    0.052227    
0.470451    0.918746    0.965738    1.031155    1.070160    1.111895    1.323045    3.114212    5.910505    4.755561    0.978465    1.132318    1.172847    1.188034    1.180914    1.223166    1.369063    0.076431    1.536303    1.545476    
