 6    -4.569281    3.065262    1.179081
0.286737  -1.614226  -2.273977  -0.592228  0.483037  0.143706  -2.061878  -0.378867  -1.044350  -0.467956  -1.944020  -0.360842  -0.845624  -0.393506  -0.128412  
 1    -2.255916    0.261001      0.303013
 2    -3.384085    0.525961      0.155241
 3    -3.983624    0.694685      0.076712
 4    -4.281982    0.834784      0.037631
 5    -4.436183    0.919872      0.017434
 6    -4.507244    0.964802      0.008126
 7    -4.543186    0.989323      0.003418
 8    -4.553262    0.995059      0.002098
 9    -4.556288    0.996340      0.001702
10    -4.562251    0.998194      0.000921
0.474168    1.130725    
0.457982    0.729880    0.966078    1.213529    
0.383297    0.661477    0.677213    0.955745    1.077643    1.308448    
0.357607    0.604261    0.625542    0.724843    0.949373    1.063205    1.184203    1.380188    
0.310176    0.576526    0.584441    0.680347    0.778098    0.948194    1.072385    1.142583    1.262548    1.431884    
0.275784    0.537196    0.563341    0.623768    0.717999    0.767636    0.939730    1.070390    1.146779    1.212179    1.334043    1.466734    
0.252444    0.508032    0.554962    0.608169    0.682594    0.758670    0.817809    0.931534    1.056244    1.131153    1.203596    1.283591    1.388037    1.494310    
0.250486    0.506691    0.552538    0.605617    0.677542    0.792474    0.838634    1.757564    0.939947    1.061937    1.130962    1.211295    1.295032    1.389837    1.490113    0.030853    
0.240634    0.496608    0.547884    0.600775    0.666870    0.772424    0.823227    1.810955    3.974299    0.938146    1.062691    1.130538    1.206667    1.291592    1.383584    1.486979    0.035985    1.553354    
0.212222    0.457670    0.526341    0.577174    0.635261    0.708041    0.806398    1.861060    3.944235    1.967229    0.941071    1.070316    1.132887    1.196892    1.291446    1.374289    1.470272    0.036312    1.532665    0.031757    
