 6    -3.496680    2.400598    0.093924
-1.130571  0.696200  -0.432293  0.741020  -0.478137  1.386040  0.125180  1.148860  -2.350259  0.183293  -0.311386  -0.294066  0.400061  1.005500  0.501643  
 1    -1.809698    0.182326      0.286061
 2    -2.832360    0.433164      0.112649
 3    -3.229832    0.543254      0.045249
 4    -3.394068    0.562295      0.017400
 5    -3.437773    0.570528      0.009989
 6    -3.451552    0.572580      0.007652
 7    -3.453122    0.568894      0.007386
 8    -3.453626    0.573694      0.007301
 9    -3.454572    0.586812      0.007140
10    -3.457851    0.613091      0.006584
0.511287    1.132487    
0.553370    0.756184    1.034913    1.258507    
0.421189    0.720280    0.693754    0.997534    1.160116    1.339934    
0.360480    0.631884    0.676689    0.717915    0.960272    1.127675    1.244270    1.404608    
0.302121    0.579162    0.631308    0.707820    0.770130    0.954180    1.109365    1.197692    1.326481    1.477599    
0.253667    0.514601    0.602755    0.677902    0.751889    0.838852    0.958884    1.087728    1.168159    1.253764    1.395367    1.506859    
0.243574    0.506221    0.597576    0.669625    0.753414    0.834760    1.783579    0.957949    1.086134    1.163215    1.247125    1.384235    1.506742    0.014103    
0.242752    0.505781    0.596005    0.665921    0.751034    0.815439    1.820672    6.283185    0.957800    1.085706    1.162949    1.246900    1.382990    1.504869    0.015834    1.563487    
0.236484    0.501427    0.593066    0.663984    0.756572    0.794148    1.904306    6.204989    5.609615    0.960770    1.085013    1.160164    1.244063    1.378172    1.502301    0.018508    1.558667    1.559720    
0.237840    0.507197    0.595997    0.665061    0.758354    0.803263    1.792249    6.283185    3.858239    4.456096    0.960044    1.081690    1.158178    1.242556    1.387820    1.497274    0.010851    1.557323    1.559221    1.546886    
