 6    -3.444468    3.750424    0.224446
-0.497271  0.107765  1.882873  -1.069230  -1.527741  -1.511618  0.386228  0.482651  2.007500  -0.509702  -0.890950  0.223526  0.045737  1.275074  0.981557  
 1    -1.903252    0.162921      0.214210
 2    -2.561879    0.316248      0.122669
 3    -2.904211    0.434941      0.075089
 4    -3.073841    0.522913      0.051512
 5    -3.230667    0.582058      0.029716
 6    -3.309778    0.624243      0.018720
 7    -3.343507    0.648681      0.014032
 8    -3.358261    0.665259      0.011982
 9    -3.366762    0.679903      0.010800
10    -3.386552    0.853356      0.008050
0.515304    1.182223    
0.413531    0.764690    1.067716    1.291373    
0.383938    0.703849    0.801300    1.016457    1.185683    1.371962    
0.359111    0.705588    0.794362    0.839333    0.946251    1.077559    1.230015    1.378161    
0.328235    0.609226    0.723198    0.779666    0.783678    1.000432    1.102957    1.176121    1.277547    1.402992    
0.293692    0.590213    0.637587    0.711898    0.741950    0.792474    0.985042    1.108278    1.189660    1.231329    1.314395    1.443631    
0.261473    0.549120    0.620623    0.654189    0.704001    0.753944    0.814408    0.982258    1.103601    1.184648    1.234263    1.274133    1.373130    1.489547    
0.231074    0.506148    0.587661    0.635021    0.650407    0.701738    0.758017    0.844447    0.980619    1.107142    1.180671    1.230657    1.274247    1.329198    1.429343    1.514580    
0.206885    0.469709    0.558945    0.610517    0.629649    0.638864    0.696389    0.786447    0.863225    0.964513    1.099373    1.176067    1.223566    1.268620    1.318816    1.374577    1.460071    1.523914    
0.231004    0.520401    0.623504    0.669843    0.695824    0.795041    1.092338    3.266244    1.262006    1.694088    0.979958    1.107314    1.176861    1.225881    1.245063    1.364216    1.463139    1.479935    1.490828    1.478803    
