 6    -2.779890    4.135807    0.670794
0.709056  0.857144  1.688367  2.164774  -0.970375  1.072576  1.688920  0.015477  -0.012332  0.213066  0.651998  -0.178201  -0.044454  0.014322  0.032892  
 1    -1.010992    0.086798      0.255780
 2    -1.911879    0.286348      0.125513
 3    -2.154710    0.415259      0.090400
 4    -2.336395    0.512413      0.064129
 5    -2.431828    0.572737      0.050329
 6    -2.503472    0.717975      0.039970
 7    -2.573520    0.797432      0.029841
 8    -2.616519    0.851698      0.023623
 9    -2.680766    0.886488      0.014333
10    -2.720747    0.932011      0.008552
0.260205    1.220828    
0.454272    0.866809    1.104070    1.312182    
0.382997    0.780032    0.907745    1.086469    1.246333    1.397156    
0.343293    0.683176    0.815475    0.947329    1.083796    1.229807    1.323156    1.415792    
0.313879    0.604352    0.663768    0.874155    0.926205    1.063385    1.250804    1.307354    1.358614    1.448706    
0.324133    0.628213    0.788369    1.024528    1.092509    1.117224    1.069474    1.190705    1.239540    1.297881    1.388403    1.441421    
0.300260    0.591965    0.732330    0.945243    1.081618    1.134247    1.062366    1.051703    1.200961    1.233686    1.262999    1.330328    1.384114    1.448577    
0.284155    0.569554    0.626077    0.832043    0.984755    1.110834    1.094027    1.113196    1.020186    1.185040    1.250948    1.257764    1.289392    1.335140    1.395266    1.463421    
0.290368    0.580694    0.634617    0.720027    0.649624    0.682921    0.949507    1.017686    1.074805    1.027015    1.173970    1.250660    1.295300    1.362611    1.345897    1.350117    1.410802    1.479790    
0.296482    0.583641    0.623301    0.695728    0.673429    0.662576    0.805417    0.968321    1.083844    1.084252    1.024096    1.173937    1.243123    1.285613    1.347478    1.354625    1.335008    1.367428    1.438049    1.482127    
