 6    -2.517642    3.397696    0.284814
0.277660  1.805239  -0.840097  -0.895218  0.561813  -0.478703  0.312600  -1.203183  -1.609399  -0.798519  -0.206177  -0.118149  0.223079  0.612972  1.086046  
 1    -1.207593    0.125688      0.221466
 2    -1.775842    0.327812      0.125403
 3    -2.112580    0.541090      0.068476
 4    -2.269652    0.654300      0.041923
 5    -2.353044    0.719663      0.027826
 6    -2.394118    0.760214      0.020882
 7    -2.427372    0.802655      0.015260
 8    -2.452225    0.838937      0.011059
 9    -2.466297    0.867947      0.008680
10    -2.477472    0.897729      0.006791
0.782386    1.195704    
0.594720    1.110572    1.081881    1.304734    
0.565684    1.080741    1.024949    1.038953    1.174829    1.337304    
0.464591    0.966598    1.069957    1.063094    1.008047    1.136576    1.244421    1.386467    
0.416279    0.833749    0.899805    1.038617    1.035831    1.006303    1.151082    1.223298    1.313028    1.423882    
0.390528    0.794521    0.802848    0.830519    0.996619    1.049340    0.994464    1.151179    1.250872    1.305712    1.364697    1.465302    
0.383951    0.771115    0.798736    0.767292    0.849429    1.081824    1.177972    0.995189    1.140616    1.240675    1.314693    1.329706    1.418356    1.482267    
0.370081    0.756973    0.789295    0.764910    0.777246    0.966834    1.227510    1.209845    0.990458    1.138757    1.230096    1.312480    1.330000    1.369844    1.453170    1.494374    
0.343478    0.739241    0.801261    0.780932    0.748620    0.905466    1.127121    1.301429    1.266475    0.971813    1.117201    1.214494    1.300215    1.337341    1.353528    1.408869    1.478804    1.510440    
0.335648    0.722023    0.799876    0.787747    0.735158    0.865654    1.111760    1.248761    1.380227    1.278378    0.971837    1.105463    1.204340    1.294134    1.340760    1.348791    1.395511    1.440031    1.502687    1.515646    
