 6    -6.045845    3.560366    2.750045
-0.022632  1.838848  2.505268  0.975403  1.654330  -1.869582  -0.764621  -0.785072  0.028540  -0.021013  -0.984052  -1.679671  -0.721709  0.394450  -1.455288  
 1    -2.216345    0.247784      0.398648
 2    -4.812445    0.760982      0.128396
 3    -5.711617    0.927318      0.034793
 4    -5.711617    0.927318      0.034793
 5    -5.996917    0.990326      0.005093
 6    -5.831679    0.961289      0.022295
 7    -5.868694    0.967379      0.018441
 8    -6.030087    0.996450      0.001640
 9    -6.030595    0.997508      0.001588
10    -6.023987    0.996321      0.002275
0.678941    1.149393    
0.419481    0.599523    0.923390    1.165774    
0.332601    0.486314    0.507522    0.981074    1.080999    1.297568    
0.332602    0.000000    0.486312    0.507521    0.341029    0.640044    1.081002    1.297570    
0.231097    0.443746    0.433474    0.529885    1.328677    0.958271    1.080258    1.165898    1.356363    0.054775    
0.003433    0.316127    0.487695    0.522875    1.407019    3.568655    0.000000    0.973932    1.059311    1.280181    0.075205    1.534076    
0.001615    0.304109    0.490094    0.513519    1.384616    1.332510    1.595206    0.000000    0.969279    1.052108    1.243818    0.104064    1.515244    0.048561    
0.194910    0.385600    0.402595    0.436900    0.540064    1.941718    5.373906    1.991722    0.964651    1.101363    1.153342    1.267124    1.442032    1.539948    1.555761    1.550190    
0.216653    0.407982    0.413010    0.487147    1.407946    1.300357    1.619042    3.538154    3.967185    0.957377    1.105556    1.142586    1.305749    0.102634    1.512925    0.058064    1.539768    0.031210    
0.210888    0.410854    0.415589    0.487362    1.340400    1.480740    5.827470    5.877174    4.120108    3.608716    0.963578    1.100300    1.148969    1.303546    0.078857    1.498217    0.015465    1.520638    0.028260    1.550254    
