 6    -3.187935    2.485536    0.547875
0.284659  -1.315573  -0.206194  -1.485032  -0.567317  1.520115  0.523557  0.024520  -1.685001  -0.604265  -0.469087  0.473629  0.909703  0.246694  0.447508  
 1    -1.759411    0.190689      0.251790
 2    -2.402962    0.432516      0.138358
 3    -2.750784    0.626303      0.077052
 4    -2.911307    0.741483      0.048758
 5    -3.038113    0.841540      0.026407
 6    -3.092638    0.880009      0.016797
 7    -3.119660    0.899486      0.012034
 8    -3.133135    0.917664      0.009659
 9    -3.145018    0.944991      0.007564
10    -3.164447    0.977133      0.004140
0.582170    1.199130    
0.616594    1.045446    0.983579    1.275773    
0.525662    0.852545    0.902609    0.993217    1.178023    1.341552    
0.472726    0.819729    0.863997    0.987462    0.952277    1.142429    1.228972    1.397599    
0.451431    0.756994    0.805093    0.910759    0.965699    0.955841    1.122570    1.200013    1.282119    1.411880    
0.389302    0.727745    0.785047    0.860797    0.952267    1.036531    0.944074    1.100873    1.172665    1.241143    1.324362    1.463190    
0.338551    0.666136    0.751487    0.835253    0.894378    0.998584    1.061018    0.939999    1.088414    1.157669    1.216722    1.282018    1.386311    1.495876    
0.313318    0.638748    0.734634    0.821145    0.886773    0.969522    1.077643    1.164505    0.930005    1.070635    1.141585    1.196476    1.259354    1.339749    1.441584    1.519667    
0.329291    0.660244    0.741185    0.828617    0.890522    0.977583    1.100038    1.233669    1.254337    0.917672    1.064825    1.130227    1.185820    1.245199    1.327847    1.412651    1.482436    1.524633    
0.335501    0.670399    0.748981    0.833255    0.897752    0.978614    1.076369    1.222004    1.255565    1.187135    0.936928    1.070949    1.138571    1.182639    1.241634    1.318750    1.407996    1.449683    1.479867    1.509528    
