 6    -2.472018    3.358183    0.484075
-0.835604  0.665364  0.481271  -0.938764  -0.122347  -1.126123  -0.846273  -1.317148  -1.813608  -0.155595  0.611860  0.014949  0.795852  0.011985  0.922505  
 1    -0.616790    0.150841      0.318210
 2    -1.677340    0.287154      0.136304
 3    -1.874586    0.344898      0.102472
 4    -1.993512    0.400841      0.082074
 5    -2.065071    0.460614      0.069800
 6    -2.137041    0.544663      0.057455
 7    -2.199317    0.607554      0.046774
 8    -2.248227    0.683101      0.038385
 9    -2.300352    0.758109      0.029444
10    -2.336221    0.806808      0.023292
1.030983    1.022610    
0.490845    0.955538    1.138387    1.328336    
0.414630    0.800140    0.880540    1.105565    1.299750    1.403915    
0.400857    0.770193    0.812070    1.012820    1.077066    1.247313    1.367253    1.441114    
0.383046    0.764510    0.821439    0.915009    1.140699    1.048675    1.216091    1.324298    1.394927    1.461767    
0.377007    0.767284    0.837697    0.916453    0.987491    1.163462    1.049823    1.183999    1.296045    1.347221    1.391456    1.443142    
0.363597    0.711518    0.799501    0.917042    0.942935    0.937367    1.083752    1.059294    1.205082    1.267944    1.328677    1.365716    1.397700    1.448012    
0.363089    0.728867    0.767168    0.888685    0.937636    0.907211    0.904740    1.200757    1.031875    1.193544    1.279216    1.299118    1.340842    1.364862    1.385009    1.452402    
0.373352    0.752611    0.793843    0.848438    0.937913    0.897853    0.862166    0.990311    1.279861    1.036254    1.168858    1.276803    1.301585    1.309950    1.339632    1.359118    1.373388    1.442410    
0.348100    0.727915    0.797841    0.848077    0.910515    0.911395    0.880226    0.933962    1.016311    1.196395    1.026463    1.165966    1.250642    1.294100    1.309660    1.312091    1.340214    1.352868    1.382181    1.452175    
