 6    -2.531958    2.124958    0.012766
1.197643  -0.714573  -0.331470  0.595437  0.338292  0.659938  -0.500032  0.115505  -0.342145  -0.596453  -0.067084  1.545699  -0.413591  0.960188  -0.016378  
 1    -1.265064    0.184598      0.272046
 2    -2.050407    0.375301      0.103406
 3    -2.341400    0.465029      0.040919
 4    -2.455250    0.517515      0.016472
 5    -2.491936    0.529267      0.008594
 6    -2.511344    0.537459      0.004427
 7    -2.518100    0.541065      0.002976
 8    -2.522071    0.544321      0.002123
 9    -2.524579    0.545903      0.001585
10    -2.525262    0.547530      0.001438
1.182123    1.038602    
0.731253    1.127011    0.990391    1.270464    
0.618141    1.029014    1.100273    0.968049    1.132686    1.339130    
0.501945    0.896148    0.980397    1.084941    0.959491    1.121469    1.205756    1.385120    
0.417296    0.807962    0.903734    1.011928    1.108260    0.939234    1.090799    1.180948    1.272689    1.446187    
0.384430    0.748907    0.855193    0.949636    1.071400    1.231694    0.948312    1.083054    1.161870    1.240134    1.357788    1.492535    
0.317052    0.673111    0.787824    0.885861    0.946369    1.093619    1.242451    0.947010    1.078537    1.151833    1.216981    1.306090    1.413905    1.512861    
0.312685    0.642305    0.745457    0.835824    0.874604    0.957475    1.154673    1.306948    0.940013    1.083434    1.151826    1.216219    1.287661    1.366253    1.450753    1.525500    
0.283161    0.612373    0.725862    0.815734    0.857636    0.913926    1.035697    1.241982    1.358817    0.943435    1.070969    1.142366    1.199924    1.269165    1.338433    1.402638    1.474454    1.532349    
0.282818    0.609648    0.719692    0.814331    0.858236    0.915843    1.026873    1.248251    1.405315    5.982770    0.945521    1.077008    1.141957    1.199404    1.267673    1.340247    1.401521    1.470469    1.522792    1.559020    
