 6    -3.406182    2.290692    1.978079
-0.934865  0.816632  0.671318  0.859880  0.640418  0.266168  -0.867070  -0.429947  0.784486  0.648298  -1.177462  -0.270474  0.982758  0.978122  -0.218039  
 1    -0.995830    0.285907      0.423101
 2    -2.446267    0.678307      0.168499
 3    -3.141616    0.914704      0.046441
 4    -3.350731    0.982657      0.009734
 5    -3.356845    0.985264      0.008660
 6    -3.358090    0.985622      0.008442
 7    -3.357597    0.985604      0.008528
 8    -3.357822    0.985654      0.008489
 9    -3.363116    0.987386      0.007560
10    -3.364935    0.988169      0.007240
0.867823    0.912674    
0.683519    1.073163    0.930505    1.176259    
0.623453    0.834703    0.949903    0.992348    1.085167    1.260644    
0.421390    0.822296    0.753411    0.947357    0.983854    1.076255    1.153281    1.325763    
0.421612    0.814799    0.751202    0.931625    5.217374    0.987119    1.076176    1.153567    1.313330    0.026383    
0.422454    0.811416    0.750635    0.905262    3.619207    2.401529    0.983993    1.077610    1.153705    1.310096    1.527822    0.015148    
0.421213    0.812934    0.751323    0.925564    5.212966    4.099892    6.283185    0.985890    1.075795    1.152339    1.308107    0.039413    0.012555    0.005172    
0.421157    0.811645    0.750183    0.921492    5.227894    5.564594    6.283185    6.036555    0.986367    1.076900    1.152118    1.311579    0.037694    1.560697    1.562897    0.007699    
0.413177    0.271309    0.528416    0.747629    0.873921    5.129553    5.432212    5.443400    5.657292    0.978097    0.000000    1.076358    1.146852    1.293262    0.094789    1.499978    0.068009    1.531317    
0.416545    0.811250    0.748800    0.886244    5.205632    4.131744    5.326880    4.984034    6.202622    5.551889    0.983260    1.073258    1.153420    1.284601    0.108545    0.075199    1.540294    0.000000    0.030456    1.540093    
