 6    -3.693553    3.067241    0.649794
0.441145  -0.576500  -1.269955  -2.450535  1.899251  -0.074970  -0.255748  -0.274553  -0.856710  0.858997  0.574482  0.136117  -0.110739  0.963468  0.789986  
 1    -1.779194    0.178564      0.283156
 2    -2.841372    0.337490      0.126047
 3    -3.191138    0.471317      0.074313
 4    -3.331221    0.595534      0.053593
 5    -3.465831    0.766273      0.033683
 6    -3.558124    0.895871      0.020032
 7    -3.631649    0.960120      0.009156
 8    -3.671489    0.986600      0.003264
 9    -3.675200    0.988839      0.002715
10    -3.681145    0.994285      0.001835
0.718006    1.061034    
0.484679    0.683118    1.028672    1.257441    
0.375188    0.643808    0.666515    0.997361    1.155346    1.355210    
0.347755    0.616157    0.663156    0.777253    0.981571    1.126557    1.263779    1.437934    
0.347258    0.611483    0.667715    0.797507    0.838746    0.991232    1.120707    1.231452    1.351853    1.445462    
0.331034    0.593565    0.664681    0.807711    0.868420    0.867230    0.986893    1.125470    1.235844    1.336469    1.375800    1.464718    
0.312124    0.569568    0.619219    0.751916    0.837623    0.849369    0.844392    0.978125    1.122539    1.228338    1.340251    1.370541    1.401129    1.472817    
0.272116    0.532361    0.591929    0.688598    0.784996    0.833416    0.870857    0.871833    0.980715    1.111548    1.203789    1.312113    1.375209    1.392734    1.415465    1.491942    
0.276086    0.523292    0.583187    0.681511    0.774162    0.826340    0.856999    0.883156    4.414134    0.983155    1.114399    1.202497    1.311781    1.372409    1.400552    1.415780    1.491616    0.021049    
0.271504    0.512001    0.566631    0.661430    0.735670    0.805372    0.812185    0.903587    4.520843    1.006263    0.978458    1.107594    1.194744    1.292760    1.354271    1.413376    1.431002    1.488140    0.054552    0.045229    
