 6    -5.102106    2.913367    2.330713
-0.452566  0.701203  -1.493780  -1.275922  1.342529  -2.134132  -1.496720  -1.305306  0.828734  0.154989  0.275923  1.852512  -0.828546  0.056397  0.562527  
 1    -2.449374    0.332512      0.330951
 2    -3.827969    0.663292      0.158960
 3    -4.590029    0.857767      0.063886
 4    -4.960586    0.965319      0.017656
 5    -4.759230    0.912090      0.042777
 6    -5.068608    0.991983      0.004179
 7    -5.034429    0.986682      0.008443
 8    -4.882612    0.950366      0.027384
 9    -4.890263    0.950184      0.026429
10    -5.052192    0.990457      0.006227
0.524339    1.067414    
0.462289    0.716049    0.944553    1.206000    
0.397026    0.618529    0.638124    0.951948    1.075541    1.297401    
0.343619    0.587677    0.571141    0.654370    0.916122    1.050724    1.162707    1.349191    
0.391050    0.623231    0.625947    1.619211    5.147574    0.952220    1.033567    1.241920    0.095986    1.507321    
0.246236    0.490196    0.529856    0.572996    0.645016    1.482652    0.931183    1.052821    1.117223    1.206345    1.400578    0.039111    
0.321717    0.578494    0.557770    0.652019    1.649186    5.912234    4.893382    0.912550    1.054041    1.129997    1.314544    0.044966    0.038793    0.025625    
0.364258    0.626751    0.612301    1.667558    5.103394    2.215863    2.774849    3.215152    0.938616    1.035454    1.160474    0.104854    1.471625    1.470720    1.518523    0.076169    
0.369081    0.643254    0.631617    1.852170    5.017013    3.913777    3.299933    4.552302    4.764676    0.932141    1.021663    1.151313    0.110141    1.411694    1.511441    1.387754    0.026460    1.507714    
0.308084    0.551817    0.549672    0.619771    1.667760    1.774913    3.379860    4.903101    6.283185    5.347625    0.918539    1.061066    1.127514    1.265475    0.080165    1.570796    1.503107    1.517632    0.025688    0.030338    
