 6    -3.651604    4.749155    0.525271
-1.243488  -2.264139  0.865807  -1.336708  -1.279517  1.240628  -0.033184  -0.820098  1.200778  0.918955  -1.424009  2.450503  -0.537670  0.570585  0.081665  
 1    -1.180289    0.080655      0.294178
 2    -2.277329    0.249249      0.163589
 3    -2.826872    0.486907      0.098174
 4    -3.144342    0.670383      0.060383
 5    -3.355078    0.749415      0.035298
 6    -3.475107    0.812994      0.021010
 7    -3.525045    0.842351      0.015065
 8    -3.550102    0.864078      0.012082
 9    -3.570866    0.873416      0.009611
10    -3.581989    0.884539      0.008287
0.192686    1.281677    
0.316254    0.639752    1.154302    1.336443    
0.353310    0.593243    0.670521    1.082045    1.215000    1.317963    
0.313707    0.595123    0.621244    0.692024    1.074146    1.183716    1.240951    1.376612    
0.275272    0.519975    0.546946    0.548171    0.676124    1.097309    1.224842    1.280103    1.318677    1.411497    
0.262772    0.505264    0.525300    0.514230    0.622409    0.752541    1.068405    1.216847    1.275764    1.317016    1.344443    1.454029    
0.222054    0.488398    0.519226    0.522526    0.537766    0.693180    0.779975    1.004187    1.172190    1.256051    1.312880    1.322361    1.370577    1.475122    
0.202357    0.460824    0.523890    0.526570    0.519807    0.617659    0.752258    0.830138    0.980712    1.122261    1.234444    1.293394    1.327093    1.333613    1.407615    1.500463    
0.192032    0.400242    0.475325    0.524601    0.535282    0.560410    0.598329    0.729773    0.825179    1.012908    1.151168    1.207946    1.273723    1.305158    1.348974    1.376574    1.434488    1.504966    
0.174847    0.376544    0.448346    0.516022    0.531925    0.553161    0.566766    0.660965    0.793399    0.840279    1.010398    1.158758    1.205734    1.253825    1.298223    1.337754    1.372212    1.405562    1.465200    1.527372    
