 6    -3.066339    3.164398    0.156989
-0.865377  -0.906804  -0.216282  -1.436207  -1.287836  0.000968  0.262022  -0.588278  -0.086633  2.495468  0.738580  -1.138786  -0.119129  -1.040382  -0.558895  
 1    -1.484429    0.131697      0.253888
 2    -2.388903    0.353273      0.108725
 3    -2.712613    0.453747      0.056771
 4    -2.856151    0.502145      0.033734
 5    -2.919259    0.531956      0.023606
 6    -2.957313    0.558345      0.017498
 7    -2.969342    0.567451      0.015568
 8    -2.974041    0.568615      0.014813
 9    -2.979939    0.570363      0.013867
10    -2.982786    0.571924      0.013410
0.390671    1.255980    
0.525792    0.957795    1.069254    1.313165    
0.432165    0.852999    0.951326    1.055189    1.216145    1.381933    
0.364920    0.764424    0.902533    1.005574    0.978571    1.165736    1.280866    1.421007    
0.325962    0.661523    0.785845    0.896777    0.970449    0.984102    1.138143    1.259333    1.342631    1.459763    
0.323768    0.660794    0.751617    0.835182    0.954267    1.094529    0.968007    1.120554    1.220067    1.310434    1.393725    1.486693    
0.323575    0.659871    0.745518    0.827278    0.946315    1.074105    4.073882    0.973279    1.116193    1.217316    1.305820    1.382232    1.466739    0.034159    
0.320625    0.657298    0.741833    0.830857    0.943712    1.072594    4.086718    1.997901    0.979507    1.124196    1.220091    1.310828    1.384343    1.468950    0.036808    1.549779    
0.302347    0.636137    0.716930    0.815045    0.909192    1.076576    4.057050    1.919715    5.966974    0.980574    1.128879    1.224420    1.313261    1.387226    1.470246    0.037069    1.545241    1.539077    
0.296297    0.631581    0.718559    0.800782    0.895828    0.997689    4.070930    2.128025    4.413973    3.038920    0.966698    1.116106    1.223000    1.306469    1.382819    1.456624    0.055453    1.540333    0.044248    0.031851    
