 6    -2.569838    1.778910    0.284006
0.430938  -0.542637  0.194046  0.385938  -0.267642  0.217277  -0.090503  -1.006812  0.651659  0.164604  -0.647003  0.385322  1.784355  -0.112984  1.501999  
 1    -1.248053    0.128967      0.303946
 2    -2.041144    0.394432      0.121574
 3    -2.274847    0.506960      0.067834
 4    -2.399414    0.613719      0.039189
 5    -2.453045    0.683903      0.026857
 6    -2.477667    0.746071      0.021195
 7    -2.498897    0.825949      0.016313
 8    -2.527960    0.918303      0.009630
 9    -2.546953    0.961076      0.005263
10    -2.558123    0.980069      0.002694
0.626509    1.248447    
0.667216    0.913297    1.081922    1.285559    
0.489492    0.889563    0.853484    1.018077    1.210860    1.364017    
0.486704    0.813961    0.872050    0.944798    0.991314    1.167255    1.307776    1.428945    
0.410528    0.762138    0.813788    0.941283    0.950429    1.006009    1.151831    1.247848    1.381878    1.468868    
0.392476    0.739090    0.814967    0.925291    0.991056    1.056789    0.990103    1.146490    1.233354    1.334194    1.443100    1.504712    
0.378574    0.740668    0.827118    0.940410    1.050277    1.075468    1.143745    0.984362    1.140187    1.223172    1.324271    1.408027    1.482994    1.509339    
0.391240    0.738250    0.830918    1.000679    1.061004    1.238915    1.079781    1.179311    0.992035    1.133974    1.224875    1.331115    1.404622    1.452582    1.483650    1.493965    
0.373884    0.711800    0.817351    0.967201    1.099202    1.199332    1.267469    1.067580    1.216678    0.987020    1.131261    1.210003    1.312376    1.416156    1.446165    1.463603    1.478621    1.501362    
0.335353    0.677256    0.789513    0.934607    1.056834    1.211689    1.229825    1.275895    1.075625    1.263435    0.985110    1.123825    1.191005    1.286215    1.377037    1.464361    1.459916    1.468706    1.488958    1.506181    
