 6    -2.708082    3.577628    0.047905
1.388700  1.788755  0.578529  -1.270554  -1.258753  -0.139977  -0.346450  -1.133400  0.839501  -1.195614  -0.891264  0.056036  -0.382613  -1.776864  -0.436097  
 1    -1.612501    0.110607      0.174297
 2    -2.078864    0.173879      0.100103
 3    -2.258493    0.234864      0.071526
 4    -2.368994    0.261402      0.053946
 5    -2.448173    0.267943      0.041349
 6    -2.500376    0.282896      0.033044
 7    -2.552570    0.320229      0.024741
 8    -2.597565    0.377798      0.017582
 9    -2.629864    0.424305      0.012444
10    -2.646525    0.455455      0.009793
0.396734    1.227649    
0.408962    0.789534    1.088618    1.359611    
0.390833    0.743463    0.857111    1.038456    1.251295    1.414507    
0.364257    0.689111    0.773403    0.847578    1.044206    1.243058    1.345391    1.447951    
0.332879    0.652516    0.739892    0.804946    0.890792    1.030127    1.219083    1.328281    1.380136    1.462023    
0.328626    0.659538    0.724810    0.784922    0.881545    0.970599    0.975574    1.177084    1.296776    1.359935    1.385962    1.470184    
0.347544    0.696816    0.754601    0.760823    0.827758    1.016754    1.037435    0.997881    1.148437    1.270071    1.337604    1.368104    1.389584    1.453673    
0.318981    0.711546    0.804884    0.762691    0.754584    0.943728    1.097325    1.017977    0.981217    1.142745    1.242833    1.322082    1.349019    1.366759    1.368684    1.454531    
0.305855    0.667382    0.813853    0.827210    0.751502    0.846164    1.007155    1.083806    1.036251    0.970577    1.127257    1.234120    1.306289    1.350065    1.350702    1.361068    1.389333    1.470480    
0.272693    0.597838    0.729429    0.817964    0.830813    0.846986    0.893860    0.925962    1.011710    0.999170    0.979175    1.132691    1.226887    1.281927    1.319196    1.348316    1.362115    1.390433    1.420059    1.493114    
