 6    -3.507835    2.972182    1.130093
-0.200346  -0.722750  -1.006436  -0.435368  0.930336  -0.694714  -3.291892  -0.638987  0.114389  0.204070  -0.750726  0.169636  0.328819  -0.584229  0.753944  
 1    -0.619189    0.062966      0.445777
 2    -2.427746    0.394004      0.166680
 3    -2.771760    0.562081      0.113592
 4    -3.091308    0.752939      0.064279
 5    -3.278708    0.883195      0.035359
 6    -3.394621    0.944924      0.017471
 7    -3.462106    0.973773      0.007057
 8    -3.482808    0.987048      0.003862
 9    -3.492376    0.993428      0.002386
10    -3.501442    0.996656      0.000987
0.144598    1.327024    
0.488569    0.891684    1.048637    1.306574    
0.441039    0.861652    0.958346    0.969376    1.150492    1.331965    
0.443845    0.796553    0.884796    0.904477    0.979300    1.103025    1.209463    1.347504    
0.406508    0.808005    0.874921    0.893286    0.959492    0.913198    1.054228    1.112307    1.212356    1.364387    
0.359200    0.726293    0.841973    0.846589    0.907052    0.945748    0.943364    1.031883    1.110932    1.162407    1.268889    1.420091    
0.325495    0.684207    0.739600    0.773024    0.802239    0.860443    0.962479    0.936376    1.061799    1.131914    1.177904    1.229607    1.326998    1.449302    
0.306038    0.649872    0.738247    0.773852    0.813148    0.868612    0.960196    1.083129    0.926134    1.041435    1.125891    1.150752    1.205792    1.274882    1.389989    1.500302    
0.293799    0.623808    0.716144    0.769986    0.807284    0.842269    0.987139    1.139685    5.759396    0.940138    1.056341    1.125170    1.154682    1.190056    1.267179    1.392272    1.486179    1.521806    
0.265227    0.568593    0.656915    0.718108    0.711397    0.659703    0.708642    0.890280    1.089517    5.697835    0.946397    1.072560    1.140079    1.182117    1.242821    1.297466    1.345007    1.418753    1.493402    1.533021    
