 6    -1.960350    2.301139    0.008218
-1.749765  0.342680  1.153036  -0.252436  0.981321  0.514219  0.221180  -1.070043  -0.189496  0.255001  -0.458027  0.435163  -0.583595  0.816847  0.672721  
 1    -1.139941    0.104127      0.192517
 2    -1.663163    0.176034      0.069738
 3    -1.770266    0.190176      0.044605
 4    -1.806745    0.208358      0.036045
 5    -1.827420    0.239313      0.031193
 6    -1.846595    0.286933      0.026694
 7    -1.866308    0.332638      0.022068
 8    -1.890314    0.379112      0.016435
 9    -1.910832    0.407295      0.011620
10    -1.921985    0.421062      0.009003
0.510188    1.136417    
0.582647    1.081158    1.100125    1.321900    
0.471095    0.942540    1.037205    1.045829    1.259795    1.424300    
0.407751    0.839343    0.970889    1.116655    1.025062    1.215172    1.361166    1.481507    
0.378306    0.802489    0.944379    1.094820    1.256053    0.992564    1.173895    1.305358    1.422803    1.504241    
0.416128    0.839704    0.972502    1.120841    1.247851    1.370208    0.978169    1.144894    1.281244    1.376356    1.455540    1.507896    
0.418577    0.871254    1.022522    1.181296    1.307901    1.369584    1.379863    1.000162    1.153586    1.284278    1.384159    1.432197    1.468297    1.506737    
0.414648    0.869393    1.071098    1.264001    1.370660    1.448909    1.383675    1.427900    1.025202    1.179610    1.310812    1.415024    1.452405    1.454236    1.467648    1.501895    
0.396722    0.821025    1.024183    1.266913    1.404061    1.445767    1.454954    1.412907    1.481073    1.019191    1.187986    1.301637    1.420756    1.465779    1.469511    1.462511    1.471989    1.506952    
0.372256    0.783507    0.961852    1.201809    1.377166    1.459077    1.469683    1.509030    1.481666    1.482196    0.995132    1.162003    1.272923    1.385324    1.465271    1.483367    1.482839    1.475209    1.481641    1.517008    
