 6    -4.089403    3.267599    0.302454
1.736738  1.897914  -2.106773  -0.148912  0.583062  -2.259233  0.137240  -0.701213  -0.620780  -0.479620  1.209739  -1.075184  0.806919  -0.290783  -0.220948  
 1    -2.012756    0.175992      0.282268
 2    -3.186208    0.314414      0.122767
 3    -3.600900    0.384775      0.066400
 4    -3.802285    0.455354      0.039026
 5    -3.875277    0.490177      0.029105
 6    -3.917808    0.549931      0.023324
 7    -3.940455    0.595000      0.020246
 8    -3.974977    0.703382      0.015553
 9    -4.007026    0.794155      0.011197
10    -4.028302    0.855915      0.008305
0.613955    1.066712    
0.426159    0.657535    1.014007    1.269722    
0.339369    0.573439    0.580600    1.013570    1.181218    1.355573    
0.333801    0.552364    0.589280    0.701713    0.974556    1.156994    1.267961    1.424035    
0.271125    0.491983    0.528333    0.631887    0.672355    0.989964    1.148513    1.233359    1.343283    1.463025    
0.284906    0.492177    0.531789    0.620977    0.701401    0.801705    0.952762    1.126859    1.214405    1.297711    1.404307    1.486625    
0.252461    0.468604    0.515095    0.599774    0.658442    0.769489    0.759876    0.962408    1.116313    1.190091    1.278613    1.358831    1.441607    1.507000    
0.296708    0.496377    0.540577    0.625790    0.667180    0.779655    0.804615    0.826299    0.958555    1.123812    1.201147    1.274109    1.357783    1.398270    1.461493    1.495982    
0.272749    0.503194    0.544540    0.635882    0.690066    0.754922    0.788564    0.845400    0.807483    0.959437    1.117005    1.199090    1.286249    1.355466    1.393954    1.418772    1.450210    1.497757    
0.269192    0.494818    0.546049    0.629100    0.694742    0.767906    0.776563    0.820954    0.853649    0.836927    0.943970    1.105617    1.191785    1.272683    1.360348    1.391645    1.414928    1.419088    1.462279    1.512422    
