 6    -4.326486    3.827013    1.407554
-0.097940  0.250080  -0.162508  -1.448517  0.785906  0.469623  -1.460382  -0.626218  -1.518771  0.467329  -2.420600  -0.078978  1.112255  -0.476275  1.653748  
 1    -1.951328    0.229134      0.291305
 2    -2.966138    0.558006      0.166842
 3    -3.705257    0.794737      0.076192
 4    -4.046045    0.899305      0.034395
 5    -4.215907    0.950292      0.013562
 6    -4.265148    0.969893      0.007523
 7    -4.288208    0.981587      0.004695
 8    -4.304622    0.989601      0.002681
 9    -4.317855    0.996265      0.001059
10    -4.321387    0.998334      0.000625
0.490823    1.210489    
0.461058    0.728252    1.018730    1.233482    
0.407510    0.660985    0.672853    0.999469    1.125235    1.299939    
0.319197    0.588129    0.604393    0.670469    1.000005    1.114703    1.196443    1.361880    
0.285155    0.525074    0.537519    0.604562    0.686714    0.987408    1.129845    1.181372    1.263018    1.419960    
0.245534    0.495091    0.527828    0.561427    0.651634    0.761332    0.971822    1.109889    1.176652    1.225119    1.336081    1.483245    
0.216093    0.456504    0.512964    0.546175    0.595346    0.699489    0.784784    0.964464    1.095221    1.160967    1.211379    1.281207    1.403026    1.507325    
0.209749    0.428764    0.476478    0.517094    0.535675    0.571444    0.697265    0.805257    0.968711    1.112635    1.170171    1.212867    1.287073    1.358437    1.438867    1.516878    
0.195772    0.419950    0.469096    0.510200    0.528911    0.536002    0.604828    0.749420    0.827191    0.955431    1.092520    1.162012    1.200359    1.264459    1.343174    1.383751    1.455966    1.520938    
0.194060    0.420822    0.472417    0.512625    0.531071    0.538961    0.592242    0.764186    0.824956    1.908017    0.949980    1.085648    1.160915    1.196003    1.261654    1.346074    1.382030    1.449681    1.519137    0.017057    
