 6    -2.766996    2.247877    0.281320
0.054388  0.066855  -0.313268  -0.714383  0.437518  -1.693630  -1.272009  -1.185710  -1.177596  0.719244  -0.728957  1.291943  0.025615  -2.176068  -0.111670  
 1    -1.751828    0.121861      0.202431
 2    -2.270421    0.205233      0.099021
 3    -2.357278    0.239662      0.081700
 4    -2.410805    0.288959      0.071027
 5    -2.466764    0.360963      0.059868
 6    -2.525994    0.467397      0.048057
 7    -2.572316    0.567124      0.038820
 8    -2.608435    0.648177      0.031618
 9    -2.654609    0.753355      0.022411
10    -2.684886    0.818234      0.016373
0.427259    1.108478    
0.501019    0.887338    1.053654    1.367148    
0.415862    0.812917    0.925712    1.028162    1.291529    1.465769    
0.385079    0.771512    0.923626    0.999315    0.996783    1.226468    1.396783    1.483373    
0.375515    0.747450    0.899864    1.016844    1.016728    0.994628    1.208201    1.344121    1.421594    1.483276    
0.406153    0.770571    0.911234    1.037139    1.048821    1.046932    0.991237    1.203739    1.328658    1.371829    1.424451    1.476932    
0.373959    0.769356    0.904418    1.033314    1.085680    1.068114    1.022971    0.979686    1.201001    1.328156    1.374597    1.390444    1.426493    1.480183    
0.347465    0.706038    0.859154    0.975860    1.051958    1.083430    1.048639    1.005502    0.954398    1.148165    1.293412    1.348421    1.384550    1.388319    1.431826    1.478075    
0.396970    0.734839    0.810990    0.941660    1.017575    1.076380    1.098579    1.046301    0.988379    0.953215    1.139678    1.246637    1.317278    1.369464    1.392639    1.398677    1.420500    1.462504    
0.362873    0.734701    0.816891    0.886026    0.976501    1.060129    1.090558    1.117049    1.019689    0.958712    0.965708    1.134118    1.231095    1.273896    1.346365    1.389482    1.419802    1.397660    1.413664    1.468523    
