 6    -2.351482    3.072186    0.136440
1.106323  0.363394  -0.936566  0.047962  0.263298  -0.084500  -0.391316  0.255723  0.376680  -0.973780  0.143114  -1.327974  2.457710  1.226160  -0.086657  
 1    -1.409245    0.112742      0.173727
 2    -1.905594    0.157387      0.082211
 3    -1.969655    0.166981      0.070400
 4    -2.003192    0.179927      0.064217
 5    -2.033961    0.207704      0.058544
 6    -2.070196    0.263042      0.051863
 7    -2.132232    0.365712      0.040425
 8    -2.164279    0.414966      0.034516
 9    -2.208657    0.473908      0.026334
10    -2.238917    0.518936      0.020754
0.437702    1.124566    
0.418357    0.805125    1.133752    1.361552    
0.331747    0.690206    0.799788    1.062410    1.299209    1.449915    
0.319293    0.670552    0.768313    0.956677    1.038851    1.246399    1.398918    1.491893    
0.317730    0.680377    0.794939    0.902548    0.989426    1.027203    1.221326    1.352741    1.439792    1.494481    
0.337156    0.693881    0.826416    0.926617    0.918270    0.999547    1.026355    1.213860    1.330534    1.387388    1.432692    1.485140    
0.394312    0.758985    0.871270    0.992388    0.909794    0.872827    0.966356    1.045575    1.236864    1.348782    1.346532    1.340137    1.365041    1.434555    
0.348192    0.748879    0.846942    0.974360    0.992984    0.924285    0.934421    1.072209    1.016960    1.199201    1.328196    1.360953    1.368761    1.366026    1.374495    1.469563    
0.381567    0.723892    0.871227    0.927644    0.924669    0.989929    0.962023    0.976935    1.081078    1.059858    1.220767    1.314714    1.333440    1.353307    1.387189    1.388311    1.406023    1.453026    
0.330247    0.701467    0.824927    0.968675    0.894076    0.940659    1.000651    0.977137    1.043230    1.130971    1.039388    1.224805    1.314816    1.340157    1.337219    1.365010    1.407362    1.422205    1.394743    1.465177    
