 6    -2.475154    2.603108    0.172815
-0.785379  0.950782  -0.027696  -1.235860  -0.578111  0.713701  -0.686916  1.087173  0.024415  -1.229610  0.309458  1.095729  1.452500  -0.108886  0.952027  
 1    -1.468765    0.151261      0.198176
 2    -1.982716    0.201786      0.096970
 3    -2.126865    0.242588      0.068584
 4    -2.212971    0.307286      0.051629
 5    -2.269253    0.400618      0.040546
 6    -2.321476    0.482793      0.030262
 7    -2.349707    0.552340      0.024703
 8    -2.372630    0.613495      0.020189
 9    -2.395944    0.661076      0.015598
10    -2.408880    0.688231      0.013051
0.810542    1.187009    
0.526725    0.958285    1.078132    1.322372    
0.436674    0.829496    0.915835    1.047612    1.262974    1.423123    
0.422556    0.800475    0.884480    1.112407    1.029930    1.232884    1.365818    1.467269    
0.419356    0.807915    0.894989    1.099177    1.287026    1.001310    1.199158    1.341193    1.418416    1.485625    
0.393238    0.731960    0.826737    1.028246    1.106209    1.155070    1.024282    1.206291    1.309635    1.395502    1.444319    1.482627    
0.378874    0.719893    0.804758    0.980048    1.074747    1.127178    1.263098    0.996236    1.189164    1.290332    1.360876    1.419648    1.438642    1.501422    
0.382883    0.734107    0.796621    0.967719    1.054946    1.099540    1.271428    1.340774    0.990340    1.173776    1.275026    1.345215    1.396534    1.420595    1.456717    1.506557    
0.370701    0.720943    0.791115    0.934131    1.012637    1.041202    1.147585    1.235256    1.261901    0.993813    1.175079    1.266196    1.326838    1.385461    1.399097    1.437874    1.463381    1.502842    
0.323725    0.665894    0.775272    0.895673    0.975812    1.028809    1.046202    1.121420    1.217391    1.238668    0.992304    1.159173    1.254494    1.315890    1.363355    1.395137    1.423192    1.448675    1.465923    1.514455    
