 6    -2.930652    4.309523    0.244582
-0.643717  -1.251820  -0.563915  0.331439  1.203907  0.410914  1.678242  -1.025964  -0.021762  0.530480  0.576005  -1.554301  0.135096  -0.623157  1.427615  
 1    -1.068151    0.102702      0.257245
 2    -2.103692    0.282745      0.114218
 3    -2.374634    0.365727      0.076796
 4    -2.602746    0.460365      0.045290
 5    -2.732547    0.535165      0.027362
 6    -2.791877    0.586940      0.019167
 7    -2.816614    0.637075      0.015751
 8    -2.835200    0.688955      0.013184
 9    -2.858661    0.813555      0.009943
10    -2.882435    0.915805      0.006660
0.299332    1.251156    
0.486765    0.899784    1.075031    1.276299    
0.418810    0.815171    0.947860    1.022905    1.161526    1.355571    
0.390534    0.731129    0.823961    0.901556    1.037710    1.135664    1.238333    1.364279    
0.346804    0.665761    0.728971    0.834832    0.919789    1.029631    1.151934    1.207975    1.253992    1.408109    
0.304501    0.633775    0.695476    0.779784    0.866974    0.969858    0.997265    1.127714    1.211010    1.223135    1.306231    1.450652    
0.293716    0.625970    0.700419    0.752708    0.861870    0.959678    1.098650    0.974946    1.101037    1.198606    1.217375    1.265646    1.370969    1.493939    
0.267507    0.597378    0.697877    0.747896    0.821555    0.946799    1.061068    1.144645    0.990223    1.097136    1.178574    1.219982    1.255376    1.333262    1.427190    1.506552    
0.305144    0.646518    0.725090    0.741053    0.839880    1.038397    1.215268    1.206156    1.216966    0.991945    1.104269    1.204288    1.227234    1.258170    1.351416    1.419615    1.435540    1.489228    
0.289809    0.638892    0.719115    0.740592    0.813981    0.967812    1.243962    1.230236    1.126060    1.137797    0.986795    1.114443    1.211879    1.253192    1.273802    1.357110    1.428701    1.407519    1.394565    1.470841    
