 6    -2.934934    3.048118    1.262109
0.779165  0.433715  -0.868448  0.416689  -0.606075  0.537735  -1.068886  0.371192  -1.583441  0.551922  -1.085115  0.775944  0.416375  0.780529  0.033247  
-0.105965  -0.087958  0.599965  -0.088804  0.111393  -0.144307  
 1    -1.019423    0.258044      0.679844   3039.000000      0.384162
 2    -2.101406    0.674871      0.860685   5867.000000      0.847992
 3    -2.671644    0.914108      0.955994   9422.000000      1.459445
 4    -2.764204    0.939695      0.971464   15713.000000      2.677076
 5    -2.881225    0.978853      0.991023   20744.000000      3.906491
 6    -2.926650    0.996220      0.998615   29731.000000      6.155287
 7    -2.932099    0.998515      0.999526   57573.000000     15.555829
 8    -2.933874    0.999335      0.999823   83217.000000     25.651883
 9    -2.934565    0.999780      0.999938   152503.000000     55.051915
10    -2.934778    0.999940      0.999974   193331.000000     74.018696
6.283185    0.516520    
6.283185    6.283185    0.402712    0.380478    
6.178739    6.283185    6.283185    0.388313    0.325638    0.246684    
3.828845    6.283185    6.283185    6.283185    0.455911    0.306567    0.282224    0.171386    
4.104823    6.283185    6.283185    6.283185    6.283185    0.644675    0.385044    0.259350    0.223586    0.178424    
4.238223    6.076615    6.264513    6.283185    6.268655    6.283185    0.566018    0.418110    0.315996    0.173841    0.166878    0.106835    
3.148453    5.946263    6.200421    6.283185    6.283185    6.283185    6.283185    0.575055    0.424687    0.347458    0.259626    0.153172    0.107112    0.071442    
3.237781    5.892183    6.163683    6.205831    5.680704    6.283185    6.092543    4.911142    0.598873    0.415436    0.344804    0.263102    0.177397    0.104013    0.065642    0.042770    
2.791595    5.346072    5.955849    6.283185    6.255673    6.091321    6.283185    6.283185    6.283185    0.585212    0.432055    0.365105    0.299196    0.224353    0.150204    0.089112    0.056241    0.037258    
3.111308    5.731660    5.961411    6.011031    5.891254    6.283185    6.078232    5.772982    6.190853    5.196525    0.591801    0.421738    0.348598    0.272948    0.211890    0.154729    0.093947    0.049700    0.034590    0.025417    
