 6    -3.200350    3.827475    0.553109
-0.000432  -1.841434  -0.203556  -0.624784  -1.219408  -1.390574  -1.150531  0.491366  0.054424  0.097679  0.567014  -0.634688  -0.084317  2.237933  1.307675  
0.253388  0.029612  0.144984  -0.129419  -0.599996  0.123428  
 1    -1.616723    0.272696      0.774663   2934.000000      0.380455
 2    -2.733611    0.578646      0.933587   6434.000000      0.916623
 3    -2.892965    0.644447      0.956262   12716.000000      1.984539
 4    -3.015759    0.696645      0.973734   18332.000000      3.085215
 5    -3.048854    0.736663      0.978443   26822.000000      5.119710
 6    -3.069381    0.773762      0.981364   41088.000000      9.009593
 7    -3.101475    0.845839      0.985931   54436.000000     13.388186
 8    -3.139732    0.916448      0.991375   65683.000000     17.381089
 9    -3.167118    0.958608      0.995271   86095.000000     25.913193
10    -3.187048    0.989343      0.998107   112820.000000     38.380546
6.283185    0.605086    
6.151891    6.283185    0.491233    0.365031    
3.645210    6.248939    6.283185    0.495989    0.408512    0.228018    
3.329234    5.818711    6.283185    6.283185    0.663205    0.440348    0.312006    0.196722    
3.143297    5.110978    5.413244    6.283185    6.283185    0.580972    0.441443    0.339975    0.206480    0.117807    
2.592861    5.584847    5.647582    5.655265    6.283185    6.283185    0.625040    0.468565    0.391582    0.247169    0.124250    0.098159    
3.121525    5.929134    6.203596    6.283185    6.283185    6.283185    6.283185    0.629432    0.465135    0.387863    0.284887    0.144716    0.111370    0.099612    
2.941896    5.675368    6.016779    6.283185    6.283185    6.259637    6.283185    6.283185    0.627020    0.439000    0.339363    0.257783    0.166332    0.121707    0.118341    0.110119    
3.061916    5.748200    6.118829    6.283185    6.283185    6.283185    6.283185    6.283185    6.283185    0.655257    0.468733    0.350155    0.223684    0.140161    0.147515    0.113341    0.122542    0.095423    
3.141488    5.496476    5.891562    6.283185    6.283185    6.283185    6.283185    6.283185    6.283185    6.283185    0.626886    0.445670    0.347805    0.216681    0.098395    0.107471    0.129789    0.126488    0.112402    0.084347    
