 6    -3.021665    3.123893    0.128284
-0.994205  -0.671251  -0.887883  0.195603  1.382997  0.888781  -0.060407  -0.573972  0.071070  -1.079800  1.842317  -1.375264  1.536962  1.111330  0.582643  
-0.300000  1.000000  1.000000  1.000000  1.000000  1.000000  
 1    -0.445463    0.059516      0.580803   2493.000000      0.324905
 2    -1.424164    0.184984      0.740056   6054.000000      0.899295
 3    -1.554864    0.134302      0.761323   9448.000000      1.484192
 4    -1.844076    0.250864      0.808384   13539.000000      2.284919
 5    -1.868670    0.271030      0.812386   19105.000000      3.508309
 6    -1.941299    0.225896      0.824204   25402.000000      5.188865
 7    -2.048942    0.216789      0.841719   35319.000000      8.163646
 8    -2.322105    0.318365      0.886168   42516.000000     10.840991
 9    -2.314766    0.248490      0.884974   58026.000000     16.654067
10    -2.364626    0.376155      0.893087   72282.000000     24.927595
4.183637    1.030160    
4.060498    5.555985    0.788573    1.074509    
4.042242    5.542105    2.498157    0.790162    1.091925    1.417051    
4.070230    1.264766    4.294254    2.676621    0.874203    1.345693    1.095488    1.503244    
4.070661    1.265715    4.289793    2.710797    4.667146    0.875013    1.341160    1.098309    1.497575    0.048501    
3.934606    5.376149    5.637896    6.283185    4.986574    3.772643    0.831634    1.181551    0.000000    0.166965    1.334198    1.279876    
3.914423    5.349382    4.235489    4.646160    3.136571    4.924106    3.686500    0.849676    1.182946    1.450958    1.554197    0.174015    1.326629    1.257421    
3.963617    5.400963    4.007925    3.451212    0.447450    4.144400    3.229179    5.705476    0.892214    1.360204    1.430759    0.323252    1.325890    0.100142    1.429942    1.018569    
4.599276    1.042497    1.209523    5.743651    3.720489    3.541140    4.482539    4.767189    1.634102    0.686873    1.386235    1.273926    0.544826    0.283767    0.253335    1.267171    1.362661    0.159536    
3.995446    5.431444    2.244365    2.818419    1.676939    2.853770    0.816140    6.283185    4.373569    5.642608    0.727159    1.358124    1.570796    0.147933    1.279481    0.275777    1.474927    1.417176    1.351045    0.127952    
