 6    -3.651604    4.749155    0.525271
-1.243488  -2.264139  0.865807  -1.336708  -1.279517  1.240628  -0.033184  -0.820098  1.200778  0.918955  -1.424009  2.450503  -0.537670  0.570585  0.081665  
-0.300000  1.000000  1.000000  1.000000  1.000000  1.000000  
 1    -0.706715    0.085504      0.649450   2826.000000      0.365254
 2    -1.192614    0.061069      0.707290   5773.000000      0.852685
 3    -1.638232    0.015885      0.760335   9819.000000      1.548405
 4    -1.759389    0.267416      0.774757   12915.000000      2.186041
 5    -2.115673    0.425304      0.817168   18373.000000      3.370171
 6    -2.263948    0.293719      0.834818   26562.000000      5.555110
 7    -2.467448    0.396510      0.859042   33103.000000      7.585157
 8    -2.701439    0.537039      0.886895   41517.000000     10.350102
 9    -2.792617    0.596719      0.897749   55881.000000     16.092822
10    -2.744530    0.566859      0.892025   72803.000000     25.394772
5.830066    0.756739    
5.886777    3.503015    0.819135    1.245998    
2.992316    6.124563    2.258491    0.601458    1.017822    1.186340    
5.652252    5.221606    4.329364    2.524424    0.725915    0.516979    1.339058    1.316798    
5.698509    5.201778    5.045450    1.479361    4.319849    0.749621    0.547253    1.570796    1.349056    1.235207    
2.940020    3.033792    2.990843    1.767509    0.754792    5.658477    0.299786    0.523662    0.533593    0.405659    1.508234    0.428825    
3.340435    5.460814    0.453940    1.062492    5.941680    0.744253    1.002882    0.657160    1.441413    0.672805    1.334913    0.438695    1.114343    1.276026    
4.143926    2.494550    4.294243    0.985460    4.224347    1.233022    2.880694    4.438325    0.499287    0.688505    1.151560    0.238524    1.220803    0.309188    1.488821    0.232761    
3.427870    4.637304    5.477671    0.723248    5.652861    4.206824    0.150972    2.249552    3.420570    0.745526    1.335175    1.214457    0.501882    1.142340    0.699094    0.626420    0.301682    0.181858    
5.907780    3.730574    0.795163    5.436065    4.597333    4.917253    5.347252    2.150750    2.352179    3.039534    0.740354    1.219861    1.251182    1.274354    0.318397    0.160818    1.272311    0.176381    0.268566    1.434988    
