 6    -2.472018    3.358183    0.484075
-0.835604  0.665364  0.481271  -0.938764  -0.122347  -1.126123  -0.846273  -1.317148  -1.813608  -0.155595  0.611860  0.014949  0.795852  0.011985  0.922505  
-0.300000  1.000000  1.000000  1.000000  1.000000  1.000000  
 1    -0.486220    0.080146      0.659395   2850.000000      0.383555
 2    -0.744217    0.069379      0.703647   5741.000000      1.098121
 3    -1.215502    0.308028      0.784482   9751.000000      2.029951
 4    -1.211861    0.265416      0.783857   14238.000000      2.464857
 5    -1.432238    0.371370      0.821656   19632.000000      3.609407
 6    -1.529145    0.287885      0.838278   25514.000000      5.058628
 7    -1.624636    0.595039      0.854657   33581.000000      7.466548
 8    -1.710815    0.568571      0.869438   41335.000000     10.562796
 9    -1.779830    0.486851      0.881275   52889.000000     14.547226
10    -1.907484    0.582348      0.903171   66267.000000     20.402140
4.190624    0.926787    
0.329306    4.194349    0.609166    1.207539    
4.276439    5.356299    3.642556    1.190582    0.971973    0.380384    
4.252540    4.826972    1.593814    5.599955    1.008790    0.429432    0.396160    1.235662    
4.351143    4.886648    1.588085    5.942696    1.679697    1.090974    0.372692    0.176187    0.126325    1.248002    
4.279992    4.096889    4.444181    2.406584    4.901386    5.083224    1.251596    0.330124    1.148316    0.270003    1.221021    0.239775    
4.226901    4.943044    1.817260    1.305715    4.522694    2.735464    1.493227    1.166924    0.715382    0.299021    0.540648    0.193340    0.255880    1.339404    
4.321526    5.243840    3.676220    0.700450    3.190213    0.173451    2.744721    0.909057    1.160724    1.012287    0.486761    0.248751    1.172548    0.594776    0.145060    0.109882    
4.387004    4.909921    1.641604    2.551840    4.977410    1.359464    3.994686    3.819956    0.685238    1.113627    0.384076    0.191062    0.017539    1.182820    1.329288    0.122713    1.440934    0.160729    
4.267889    4.916141    1.681662    3.024301    4.510705    1.246181    4.569521    4.191329    4.204409    4.011357    1.081383    0.350459    0.238210    0.056384    1.275315    1.370048    0.187492    0.129490    1.379387    0.139444    
