 6    -3.300589    3.080273    0.828648
-0.374470  1.163536  1.171028  0.762805  -1.399164  -0.805286  -0.567384  0.003154  0.933997  -1.232669  0.347803  0.644465  0.018927  -0.473181  -1.407803  
-0.300000  1.000000  1.000000  1.000000  1.000000  1.000000  
 1    -0.992034    0.056793      0.638206   2970.000000      0.387685
 2    -1.352741    0.032669      0.694736   5835.000000      0.867276
 3    -1.559522    0.043410      0.727142   9036.000000      1.420143
 4    -1.802727    0.132997      0.765257   13372.000000      2.267002
 5    -1.791775    0.419678      0.763541   17676.000000      3.233208
 6    -2.024669    0.369994      0.800039   25138.000000      5.120824
 7    -2.118908    0.292641      0.814808   33472.000000      7.832152
 8    -2.340110    0.573272      0.849475   42129.000000     10.449836
 9    -2.376818    0.603211      0.855228   52042.000000     14.499833
10    -2.520792    0.637499      0.877791   68701.000000     21.312571
0.430279    0.505509    
0.552688    0.861033    0.444122    0.316773    
0.596129    0.769195    2.115150    0.458547    0.400542    0.235344    
0.612115    0.760514    2.121719    2.316555    0.458414    0.369185    0.310772    0.198742    
2.039669    2.818805    2.005925    4.403026    3.540679    0.345953    0.356308    0.480878    0.102284    0.164391    
0.595930    0.688863    2.131846    2.274617    5.160244    2.596205    0.456891    0.370817    0.408547    0.277909    0.139166    0.179697    
0.666977    0.928836    1.019810    2.370877    4.139424    1.542223    2.347854    0.488165    0.504846    0.098017    0.157161    1.346880    0.202022    0.282710    
0.445979    0.338707    2.719886    0.779620    2.882191    2.334305    2.226081    2.346450    0.632993    0.556420    1.117805    1.274863    1.445398    1.062564    1.128879    1.341147    
0.791449    0.758901    4.956989    3.283005    2.251815    3.085511    5.381495    1.477678    2.901313    0.549789    0.229982    0.197198    0.370252    0.346987    1.284339    1.082290    0.229236    0.208494    
0.804730    0.858648    0.839920    0.685832    4.232336    1.517556    6.023841    4.663052    5.039904    4.676905    0.753928    0.444212    0.468272    0.385814    1.197920    0.351733    1.151477    1.534417    0.154126    0.078828    
