 6    -3.344901    3.382111    0.251031
0.820438  1.229717  -0.763083  1.311323  -0.551206  2.015658  0.939756  -0.160168  -0.856489  0.569047  -0.021903  0.634637  0.393135  0.478060  2.245525  
-0.516877  -0.081579  0.242909  -0.159859  0.267343  -0.351127  
 1    -1.991720    0.426632      0.798844   3159.000000      0.402959
 2    -2.993989    0.778576      0.947835   6936.000000      1.008845
 3    -3.225476    0.888510      0.982247   12252.000000      1.936669
 4    -3.280835    0.941107      0.990476   20516.000000      3.593150
 5    -3.319769    0.981555      0.996264   33344.000000      6.847456
 6    -3.337677    0.992437      0.998926   51942.000000     12.095342
 7    -3.343076    0.998027      0.999729   79141.000000     21.105381
 8    -3.344745    0.999867      0.999977   143530.000000     45.652423
 9    -3.344824    0.999973      0.999989   163510.000000     54.064774
10    -3.344772    0.999948      0.999981   161109.000000     53.638359
5.319819    0.524214    
4.823834    5.670321    0.695100    0.371078    
3.290478    4.634155    5.284494    0.624092    0.513664    0.248620    
2.843656    4.394167    4.705735    5.418574    0.631797    0.516282    0.363921    0.134512    
2.788518    3.938077    3.968118    4.621276    6.040265    0.591829    0.467410    0.347802    0.247635    0.112173    
1.957918    3.865520    3.937047    4.102279    4.925343    6.001165    0.627794    0.499571    0.398535    0.286233    0.206900    0.098425    
1.817717    3.499396    3.770120    3.927677    4.524533    5.465511    6.003007    0.616528    0.493425    0.413092    0.313704    0.235859    0.159287    0.061442    
1.578632    3.149833    3.540903    3.766708    4.222916    4.943713    5.687613    6.283185    0.617704    0.483667    0.425998    0.348568    0.271780    0.195148    0.119458    0.040342    
1.387732    2.847837    3.368993    3.584733    3.927403    4.540774    5.090095    5.299585    5.612258    0.611926    0.484346    0.429927    0.363100    0.296971    0.224460    0.146002    0.079598    0.027591    
1.568526    3.140325    3.551390    3.765189    4.195227    4.918296    5.683681    6.247942    5.689699    6.103305    0.619696    0.486870    0.428825    0.350622    0.274876    0.197953    0.121326    0.043949    0.000000    1.567749    
