 6    -2.186738    2.222201    0.240995
-1.271091  0.176137  -0.296216  0.326929  -0.973419  0.227681  -0.819328  0.107223  0.975278  0.081974  -0.476623  -1.492172  -0.403465  0.694778  0.212153  
0.263249  0.257480  -0.303198  0.226203  -0.015752  -0.545321  
 1    -1.341568    0.342490      0.808305   3039.000000      0.382496
 2    -2.021456    0.553993      0.962512   7007.000000      1.005095
 3    -2.081372    0.590020      0.976102   12828.000000      1.985626
 4    -2.086703    0.616423      0.977311   17540.000000      2.911144
 5    -2.103226    0.681493      0.981058   33549.000000      6.764144
 6    -2.126865    0.781585      0.986420   47666.000000     10.860421
 7    -2.147225    0.872186      0.991038   75472.000000     20.060513
 8    -2.159915    0.913732      0.993916   117210.000000     35.795513
 9    -2.171612    0.960792      0.996569   156353.000000     52.113770
10    -2.178550    0.988033      0.998143   215672.000000     79.956597
5.028282    0.533861    
4.837647    5.283191    0.707702    0.366127    
2.841290    4.061182    4.814286    0.595278    0.492732    0.237248    
2.837053    4.209282    4.918231    6.243672    0.615783    0.513697    0.307419    0.069781    
2.811180    4.012737    4.732205    5.763397    5.984108    0.592688    0.500019    0.362543    0.218319    0.123431    
3.017297    3.989794    4.943452    6.283185    5.876205    6.283185    0.598979    0.466920    0.262000    0.171677    0.241090    0.132067    
3.725180    3.918273    3.807287    6.283185    6.283185    5.775285    5.367273    0.606422    0.393988    0.090918    0.000000    0.225398    0.273438    0.137440    
3.052419    3.945871    4.800628    6.283185    6.283185    5.756393    5.102593    5.630826    0.600223    0.466435    0.213485    0.000000    0.122177    0.230940    0.222923    0.121001    
2.869048    3.940063    4.749288    6.283185    6.283185    6.283185    5.585108    5.735021    6.031423    0.589392    0.478016    0.228941    0.000000    0.059506    0.148124    0.194937    0.211309    0.101338    
2.926969    3.925828    4.792407    6.283185    6.283185    6.283185    6.283185    5.990415    5.406554    5.253141    0.592645    0.479696    0.208975    0.000000    0.086418    0.092760    0.102991    0.196201    0.188002    0.090329    
