 6    -3.344901    3.382111    0.251031
0.820438  1.229717  -0.763083  1.311323  -0.551206  2.015658  0.939756  -0.160168  -0.856489  0.569047  -0.021903  0.634637  0.393135  0.478060  2.245525  
-0.300000  1.000000  1.000000  1.000000  1.000000  1.000000  
 1    -0.668323    0.082316      0.602115   2412.000000      0.315247
 2    -1.000078    0.011641      0.651432   5966.000000      0.887233
 3    -1.365741    0.100889      0.705789   9024.000000      1.431226
 4    -1.722377    0.217848      0.758805   13389.000000      2.270965
 5    -1.957121    0.296802      0.793700   19550.000000      3.610965
 6    -2.093321    0.328947      0.813947   26923.000000      5.564146
 7    -2.123506    0.514134      0.818434   33486.000000      7.524996
 8    -2.348743    0.369982      0.851917   43758.000000     11.055099
 9    -2.367608    0.323479      0.854721   55649.000000     15.837871
10    -2.658358    0.649983      0.897942   70932.000000     22.435627
0.298958    1.269475    
3.454259    4.606692    0.368494    0.830380    
3.406918    4.557410    3.441110    0.511202    0.760866    1.297986    
3.301656    4.581053    3.636157    4.319257    0.589156    0.791589    1.323008    1.317977    
3.377540    4.696464    3.599622    4.644144    0.656497    0.655220    0.660161    1.253968    1.086265    0.343300    
3.132301    3.771740    6.283185    5.236895    0.740856    3.692381    0.334653    1.089037    0.216856    0.849411    1.406757    0.193023    
3.824120    4.291802    2.471507    3.720595    4.274757    5.408459    5.049919    0.391593    0.798454    0.327216    0.472369    0.064850    1.357676    1.432816    
3.118473    3.801296    6.283185    5.266733    0.799917    3.681687    6.083233    3.550120    0.314639    1.104988    0.219211    0.827982    1.363349    0.220132    1.414826    0.127255    
3.235272    4.590568    3.406319    4.438337    2.988782    4.369763    4.535409    6.283185    6.150806    0.611935    0.883807    1.064394    1.324339    1.320086    0.272685    0.348312    1.473248    1.322621    
2.804019    0.749030    2.840651    2.540802    2.122919    2.943516    1.932702    5.167828    3.738156    4.422768    0.483635    0.650190    0.248106    0.684270    1.221175    0.221124    0.000000    0.205880    1.242045    0.111245    
