 6    -3.177615    4.321667    0.009157
0.120886  0.610718  -0.940969  -1.296675  -0.444179  -1.381420  0.602617  -0.815498  1.472935  -0.054761  0.049716  -1.540904  -1.109380  -1.381756  3.932359  
-0.300000  1.000000  1.000000  1.000000  1.000000  1.000000  
 1    -0.815988    0.027226      0.685086   2946.000000      0.377808
 2    -1.244948    0.150640      0.742286   5473.000000      0.808014
 3    -1.733695    0.155048      0.807459   9249.000000      1.468625
 4    -2.116448    0.247629      0.858498   13490.000000      2.237822
 5    -2.142758    0.245505      0.862006   18599.000000      3.390638
 6    -2.240000    0.361915      0.874973   25195.000000      4.943573
 7    -2.371640    0.085499      0.892526   33791.000000      7.612020
 8    -2.591219    0.237782      0.921806   42317.000000     10.623045
 9    -2.733882    0.135993      0.940830   56153.000000     16.049312
10    -2.811918    0.378962      0.951236   66087.000000     20.443170
5.577668    0.821329    
5.535899    2.774991    0.816904    0.327013    
5.421005    2.529793    5.646325    0.927622    0.679676    1.097704    
5.424278    2.497457    5.636956    1.550461    0.892190    0.680160    1.050442    0.239321    
5.427903    2.479037    5.624400    1.548384    2.504910    0.898631    0.695611    1.058453    0.231796    0.065643    
5.682824    5.246266    3.809990    3.287219    1.575092    3.750116    0.992028    0.000000    0.342755    0.605940    1.406779    0.212642    
1.907904    6.283185    5.949438    4.358735    3.575365    5.945854    3.432817    0.432382    0.987340    1.111279    0.401335    0.312578    0.036831    1.324211    
1.605227    4.331214    3.905818    1.190550    5.244126    6.158248    6.215341    1.733064    0.887241    0.975181    0.392115    1.250222    1.275185    1.204628    1.355050    0.097474    
5.463339    1.965232    1.115234    4.349827    3.370570    3.710073    4.234528    0.920630    4.048075    0.758144    1.187523    0.220665    0.805436    1.191841    1.199604    0.364955    1.404233    0.051576    
5.428048    3.066647    6.035644    2.968002    3.205335    5.616853    3.438370    3.987807    6.283185    3.211667    0.853443    0.319917    0.315142    0.308887    1.352671    0.137041    0.334190    1.132228    0.172353    0.252341    
