 6    -4.227020    3.530525    0.949037
0.238444  0.083739  -0.285309  0.820320  2.772535  1.922071  0.717749  0.194126  -1.362224  1.075911  0.656403  0.149734  0.320614  0.914567  -1.547847  
0.121850  -0.089923  0.072222  0.600000  -0.072499  -0.104222  
 1    -1.065047    0.191537      0.592400   2985.000000      0.376208
 2    -2.854532    0.490330      0.823077   6172.000000      0.876283
 3    -3.795998    0.826620      0.944438   9366.000000      1.412854
 4    -3.948900    0.936558      0.964148   15651.000000      2.638474
 5    -4.045039    0.938119      0.976541   21508.000000      3.861815
 6    -4.182653    0.983686      0.994281   28062.000000      5.493830
 7    -4.217490    0.996450      0.998772   34720.000000      7.615830
 8    -4.224634    0.999034      0.999692   48870.000000     12.164318
 9    -4.226606    0.999870      0.999947   67480.000000     20.273670
10    -4.226672    0.999893      0.999955   74327.000000     22.832207
6.283185    0.611826    
6.283185    6.283185    0.199895    0.560885    
6.283185    6.283185    6.283185    0.273785    0.207811    0.394881    
5.079701    6.283185    6.283185    6.283185    0.343957    0.205970    0.278351    0.190546    
3.680007    6.283185    6.283185    6.283185    6.283185    0.625505    0.288557    0.212808    0.193310    0.252987    
4.872386    6.283185    6.283185    6.283185    6.283185    6.283185    0.593830    0.352282    0.262798    0.153240    0.159877    0.181585    
4.511897    6.283185    6.283185    6.283185    6.283185    6.283185    6.283185    0.542115    0.371856    0.295511    0.192784    0.132157    0.135945    0.101847    
3.796831    6.283185    6.283185    6.283185    6.282501    6.283185    6.283185    6.283185    0.543185    0.376814    0.305259    0.234363    0.163218    0.115185    0.088508    0.063578    
3.581177    6.283185    6.283064    5.972309    6.283185    6.143312    6.283185    6.282129    6.046622    0.566517    0.380391    0.299172    0.239504    0.204883    0.122904    0.082613    0.065081    0.044827    
3.542837    6.233764    6.282754    6.051631    6.282869    6.205807    6.283145    6.278945    5.829964    5.866327    0.568707    0.382520    0.302534    0.244112    0.207405    0.134752    0.084412    0.064346    0.043918    0.013304    
