 6    -1.726251    2.279925    0.340597
-0.804458  0.320932  -0.025483  0.644324  -0.300797  0.389475  -0.107437  -0.479983  0.595036  -0.464668  0.667281  -0.806116  -1.196070  -0.405960  -0.182377  
-0.346159  -0.256238  0.250884  0.267070  0.215502  0.355384  
 1    -1.076298    0.554781      0.837762   3003.000000      0.415066
 2    -1.586928    0.920681      0.965223   7302.000000      1.101782
 3    -1.704473    0.985654      0.994564   13233.000000      2.064475
 4    -1.722322    0.997048      0.999019   21740.000000      3.777755
 5    -1.725870    0.999617      0.999905   31709.000000      6.318365
 6    -1.726078    0.999880      0.999957   43685.000000      9.982712
 7    -1.726118    0.999907      0.999967   55787.000000     13.945684
 8    -1.726216    0.999975      0.999991   68446.000000     18.983748
 9    -1.726115    0.999909      0.999966   65956.000000     18.650664
10    -1.726117    0.999910      0.999966   68661.000000     20.488728
5.145851    0.535597    
4.575245    5.457382    0.771885    0.409917    
2.739085    3.729302    4.726335    0.595959    0.554901    0.300366    
2.117246    3.410446    2.905934    3.775399    0.597476    0.479437    0.324679    0.207690    
1.545164    2.994745    2.884405    3.044114    3.867596    0.619585    0.468481    0.391076    0.293098    0.144672    
1.564659    2.990679    2.915243    3.047931    3.805351    5.388379    0.619071    0.472522    0.392849    0.299744    0.183120    0.037644    
1.478089    2.782609    2.745761    2.756584    3.136064    3.125029    4.503195    0.611000    0.456709    0.380840    0.305001    0.196304    0.093256    0.031726    
1.257432    2.604738    2.966859    2.943245    3.222237    4.008471    3.978226    2.614681    0.637245    0.506359    0.434525    0.354150    0.284236    0.178185    0.038666    0.029618    
1.548608    2.952557    2.909089    3.021285    3.819917    5.397137    4.013185    3.699706    5.646488    0.618012    0.469538    0.393757    0.296596    0.163403    0.000000    1.558797    1.570796    0.012460    
1.560944    2.969035    2.900294    3.041643    3.899501    5.022808    3.854445    5.425300    2.798521    3.373858    0.619213    0.468663    0.392738    0.296465    0.161985    0.000000    0.002051    1.570796    0.015770    0.003904    
