 6    -2.295303    1.927414    0.255305
-0.470129  0.670906  -0.822153  0.503401  -0.184276  0.514476  -0.472338  -0.433457  0.480020  -0.085906  -1.356367  -0.635875  -1.624491  0.912932  0.715495  
-0.300000  1.000000  1.000000  1.000000  1.000000  1.000000  
 1    -0.520150    0.012959      0.579618   2718.000000      0.350955
 2    -0.896432    0.129477      0.668727   6218.000000      0.916475
 3    -1.033004    0.141827      0.701070   9449.000000      1.479325
 4    -1.229780    0.208897      0.747669   12902.000000      2.199640
 5    -1.425074    0.103013      0.793917   20457.000000      3.852926
 6    -1.525067    0.336738      0.817597   25040.000000      5.056474
 7    -1.556203    0.304240      0.824970   31923.000000      7.168946
 8    -1.673494    0.365584      0.852747   42232.000000     10.528824
 9    -1.783944    0.440859      0.878903   51962.000000     14.317877
10    -1.780318    0.387495      0.878044   65403.000000     21.313954
3.231922    0.466180    
3.193584    6.283185    0.422248    0.354545    
3.187941    4.972855    1.425846    0.435981    0.140512    0.336629    
0.852207    3.842711    4.261974    4.887898    0.610214    1.042519    0.427684    0.310618    
3.140379    2.255509    4.300395    4.336693    3.688116    0.396327    1.393496    0.356157    0.354951    0.191723    
3.125808    4.885233    1.488437    4.952226    3.855322    4.586984    0.387334    0.118838    0.421413    0.185288    0.214045    1.317368    
2.990764    6.268398    4.699145    3.902328    1.432699    6.260128    2.265981    0.519847    0.584141    0.416111    0.246739    0.000000    0.351564    1.477947    
3.207522    6.283185    5.081530    3.842553    1.190273    3.361241    1.102637    1.991394    0.385475    0.482575    0.165652    0.226823    0.025948    1.354695    0.183182    0.086881    
3.143208    4.880162    1.500421    5.071668    3.733162    4.596848    1.251705    1.680098    0.929681    0.408976    0.104592    0.462034    0.181632    0.199454    1.311665    0.148825    0.085523    0.051479    
3.115724    6.055436    4.468362    3.922100    3.512444    5.321242    5.089312    4.166184    1.028444    1.300056    0.531094    0.368781    0.325042    0.415762    1.210713    0.243473    0.161461    0.484513    1.460776    1.296681    
