 6    -3.485965    2.687768    0.804160
0.458901  1.173661  0.398716  1.044500  0.584015  0.653871  1.328473  -0.097377  -0.441175  -0.278228  -0.389714  -0.718051  -0.625707  -0.346769  -1.994583  
0.458104  0.104240  -0.253521  -0.227169  -0.262527  -0.345066  
 1    -2.038451    0.481748      0.765537   3369.000000      0.427781
 2    -3.193041    0.837183      0.952553   7105.000000      1.033250
 3    -3.398617    0.928914      0.985852   12438.000000      2.166646
 4    -3.440987    0.960772      0.992715   21523.000000      3.998071
 5    -3.471941    0.992682      0.997729   31601.000000      6.417646
 6    -3.484517    0.999352      0.999766   54321.000000     12.930484
 7    -3.485607    0.999847      0.999942   100881.000000     28.643908
 8    -3.485929    0.999990      0.999994   147418.000000     46.565436
 9    -3.485939    0.999992      0.999996   158762.000000     52.138621
10    -3.485939    0.999992      0.999996   162134.000000     53.059373
5.238061    0.538430    
4.818044    5.599571    0.737843    0.392936    
3.075510    4.398479    5.089265    0.641311    0.535646    0.261537    
2.477804    3.912558    4.083386    4.690968    0.621705    0.512518    0.363858    0.148732    
2.579627    3.720811    3.449386    3.976697    5.627949    0.615489    0.474674    0.336559    0.266242    0.111224    
1.754200    3.628578    3.616695    3.506014    4.386510    5.727923    0.641800    0.520563    0.398310    0.292270    0.222358    0.096919    
1.565204    3.102606    3.333787    3.367239    3.934037    4.757876    5.416982    0.628507    0.493193    0.413832    0.328992    0.256889    0.160716    0.061286    
1.408522    2.886914    3.329766    3.425008    3.751065    4.544572    5.400728    6.164882    0.624897    0.500021    0.439803    0.352082    0.282574    0.199565    0.105061    0.026667    
1.333681    2.733702    3.209246    3.330413    3.628456    4.310862    4.815639    4.208199    4.395861    0.616500    0.491603    0.436196    0.357477    0.290890    0.209679    0.111160    0.040171    0.016740    
1.325152    2.720522    3.199598    3.325921    3.628374    4.301280    4.789989    4.071464    4.269733    2.486998    0.615317    0.490167    0.435655    0.357997    0.290949    0.209558    0.110144    0.040215    0.017045    0.001628    
