 6    -3.684455    2.768334    0.451339
1.181663  3.286588  -1.621765  0.949320  0.052378  0.064238  -0.407483  -0.086520  0.716453  1.220180  -0.421267  -0.436458  0.176678  0.855759  1.180917  
-0.451562  0.111649  0.355934  -0.185138  0.259438  -0.171169  
 1    -2.331610    0.413387      0.790347   3006.000000      0.420474
 2    -3.312405    0.797132      0.942343   7181.000000      1.059222
 3    -3.592564    0.944604      0.985759   12341.000000      2.001107
 4    -3.640206    0.970169      0.993143   20358.000000      3.690358
 5    -3.666317    0.993293      0.997189   33860.000000      6.838445
 6    -3.681364    0.998869      0.999521   53110.000000     12.455406
 7    -3.683157    0.999463      0.999799   96655.000000     26.984401
 8    -3.683806    0.999726      0.999899   126265.000000     38.634823
 9    -3.684308    0.999939      0.999977   163551.000000     54.809030
10    -3.684334    0.999948      0.999981   242346.000000     92.617996
5.160037    0.508140    
4.857357    5.554723    0.661171    0.328045    
3.580620    4.566120    5.043125    0.603805    0.463711    0.231792    
2.588088    4.028995    4.185605    4.645932    0.573300    0.457611    0.333560    0.144701    
2.458955    3.894301    4.102444    4.682663    5.777245    0.589894    0.462168    0.364834    0.228853    0.072722    
1.845488    3.600753    3.786990    3.995694    4.778690    5.929557    0.619283    0.473539    0.394302    0.299065    0.188259    0.067532    
1.516486    2.993848    3.509410    3.704145    4.089728    4.936374    5.761856    0.616213    0.469707    0.411798    0.340793    0.258204    0.154184    0.055444    
1.469300    2.936892    3.547311    3.772541    4.097551    4.854955    5.778969    6.256400    0.620117    0.486323    0.428240    0.358315    0.281592    0.188377    0.088939    0.020196    
1.229894    2.657875    3.295127    3.697805    3.870166    4.294295    5.030625    5.819387    6.238742    0.640452    0.525374    0.463828    0.400880    0.340488    0.276205    0.186542    0.092772    0.025046    
1.223102    2.627024    3.238235    3.628603    3.813993    4.217556    4.853391    5.272593    4.324804    4.224847    0.638379    0.520930    0.460098    0.398745    0.342177    0.280763    0.192531    0.095160    0.032344    0.015565    
