 6    -6.045845    3.560366    2.750045
-0.022632  1.838848  2.505268  0.975403  1.654330  -1.869582  -0.764621  -0.785072  0.028540  -0.021013  -0.984052  -1.679671  -0.721709  0.394450  -1.455288  
-0.411263  0.155037  0.273494  0.242503  0.235578  0.320274  
 1    -3.215099    0.529526      0.705321   3132.000000      0.396244
 2    -5.519615    0.903533      0.945220   6655.000000      0.967770
 3    -5.938746    0.978743      0.988851   12721.000000      2.004539
 4    -6.011869    0.992134      0.996463   21496.000000      3.840891
 5    -6.034999    0.997036      0.998871   35009.000000      7.176601
 6    -6.045047    0.999841      0.999917   51743.000000     11.850888
 7    -6.045077    0.999846      0.999920   58225.000000     13.774540
 8    -6.045176    0.999865      0.999930   70332.000000     18.493609
 9    -6.045212    0.999879      0.999934   77580.000000     22.315485
10    -6.045218    0.999879      0.999935   91410.000000     27.868922
5.220977    0.554642    
4.858878    5.753337    0.755595    0.407712    
3.250963    4.246499    4.934192    0.637053    0.523065    0.267875    
2.430950    3.612675    3.479926    4.183203    0.590199    0.475686    0.338837    0.178098    
1.810025    3.440208    3.228963    3.422368    4.407805    0.625989    0.481101    0.377355    0.288282    0.127135    
1.704812    3.337894    3.321137    3.341020    4.164284    5.667695    0.628970    0.491324    0.396510    0.303310    0.203953    0.061822    
1.699847    3.328437    3.302366    3.328102    4.170029    5.723509    6.112995    0.628042    0.488869    0.394503    0.300917    0.198918    0.051361    1.564787    
1.666005    3.261776    3.259602    3.279699    4.065572    5.089355    3.788274    5.267100    0.625256    0.484832    0.394218    0.304948    0.201650    0.053921    0.000009    1.560468    
1.666516    3.270380    3.276952    3.293316    4.203466    5.665324    5.598954    3.971058    5.059034    0.627953    0.485788    0.394671    0.301616    0.187960    0.010133    1.529360    1.544739    1.557920    
1.663287    3.254636    3.256459    3.284029    4.182802    5.673021    5.546437    3.871446    3.293580    4.245788    0.627299    0.483431    0.393909    0.302518    0.188659    0.008456    1.522597    1.546837    1.553770    1.563733    
