 6    -4.244123    2.517184    1.023813
1.387236  0.963562  -0.944981  1.624400  0.264741  0.367542  0.797701  -0.556226  -0.100179  0.323385  -1.814105  -0.930862  1.097972  0.485753  0.527625  
0.366126  -0.189582  -0.287947  0.212697  -0.393021  -0.094527  
 1    -2.326928    0.428474      0.716446   3153.000000      0.394999
 2    -3.828552    0.762049      0.938537   6897.000000      0.983453
 3    -4.066054    0.858773      0.973664   12020.000000      1.869138
 4    -4.130844    0.928370      0.983246   20396.000000      3.563782
 5    -4.195949    0.975863      0.992875   30605.000000      6.011705
 6    -4.227941    0.993437      0.997607   48708.000000     11.064657
 7    -4.240515    0.998866      0.999466   73777.000000     19.213058
 8    -4.243741    0.999898      0.999944   131126.000000     41.312074
 9    -4.243912    0.999942      0.999969   156383.000000     51.992132
10    -4.243914    0.999943      0.999969   160700.000000     54.734364
5.110827    0.547250    
4.783993    5.510961    0.711904    0.378631    
3.316228    4.369109    4.988816    0.628782    0.491243    0.232417    
3.296856    4.436532    5.015823    6.123953    0.643512    0.513133    0.325517    0.105032    
3.000566    3.858440    4.114334    4.932868    6.081892    0.597373    0.467985    0.340301    0.220403    0.113539    
2.379098    3.748332    3.903823    4.303764    5.300416    5.729855    0.597320    0.486525    0.371420    0.262232    0.190889    0.093593    
1.818589    3.500498    3.741638    3.959220    4.681512    5.518688    5.791782    0.605582    0.496212    0.405603    0.296874    0.221012    0.165369    0.064859    
1.596559    3.141967    3.510311    3.761485    4.278403    5.017799    5.536097    5.994262    0.624811    0.486129    0.426360    0.337810    0.255800    0.192026    0.128078    0.042686    
1.282514    2.527978    3.104441    3.403226    3.837002    4.489111    5.025070    5.319001    5.819249    0.593700    0.464593    0.421930    0.366993    0.297965    0.226116    0.163211    0.100990    0.033899    
1.263280    2.519526    3.124955    3.417126    3.824356    4.479029    5.017252    5.278997    5.783708    2.328166    0.594150    0.467535    0.425085    0.367234    0.297174    0.226183    0.162860    0.100902    0.034092    0.000000    
