 6    -3.306703    2.031307    1.028050
-1.005836  0.503446  1.199233  1.483479  -0.592821  -0.667869  -0.277927  -0.746122  -1.144461  -0.517024  -1.065586  0.040723  -0.927408  0.138031  -1.344592  
-0.300000  1.000000  1.000000  1.000000  1.000000  1.000000  
 1    -1.668169    0.414904      0.693044   2823.000000      0.371296
 2    -2.840391    0.718685      0.912643   5456.000000      0.795321
 3    -2.924872    0.763930      0.928469   8994.000000      1.411251
 4    -3.083873    0.897811      0.958256   13109.000000      2.203415
 5    -3.112209    0.916119      0.963564   17595.000000      3.232863
 6    -3.152754    0.948663      0.971160   24243.000000      4.982361
 7    -3.147602    0.932802      0.970195   31787.000000      7.373431
 8    -3.176728    0.961939      0.975651   42745.000000     11.225496
 9    -3.206063    0.970016      0.981146   53116.000000     15.103116
10    -3.225117    0.977012      0.984716   65878.000000     22.371431
0.401160    0.545761    
0.385049    0.442122    0.725373    0.391750    
0.365659    0.405507    1.376927    0.693687    0.438053    0.112875    
0.378745    0.430311    4.302381    0.532779    0.712648    0.411914    0.195132    0.165129    
0.380998    0.429496    4.282787    0.571673    3.489860    0.713355    0.429156    0.198346    0.155747    0.059414    
0.378728    0.431940    4.282519    0.558570    2.381805    5.599043    0.705629    0.425111    0.208627    0.201583    0.101434    1.498670    
0.373489    0.415252    4.761617    5.727133    1.033126    2.135466    3.532839    0.728323    0.348587    0.034369    1.451897    0.210814    1.497839    1.447979    
0.384654    0.435728    4.346300    0.558862    2.565551    0.541949    4.631908    3.968180    0.723508    0.420307    0.153964    0.181481    0.108665    0.129414    1.527463    1.538878    
0.361153    0.411868    4.314470    0.611543    5.548451    5.871835    4.125106    5.601314    4.213465    0.697789    0.409831    0.150242    0.112716    0.029590    1.490117    1.457054    0.115590    0.051632    
0.367376    0.390679    1.324439    6.161033    6.075273    5.644869    0.984984    2.078825    5.699737    2.587498    0.694821    0.414094    0.155195    0.055972    1.493432    0.198677    1.438179    0.062957    1.543472    1.533967    
