 6    -2.930652    4.309523    0.244582
-0.643717  -1.251820  -0.563915  0.331439  1.203907  0.410914  1.678242  -1.025964  -0.021762  0.530480  0.576005  -1.554301  0.135096  -0.623157  1.427615  
-0.300000  1.000000  1.000000  1.000000  1.000000  1.000000  
 1    -0.470523    0.026153      0.660211   2460.000000      0.321511
 2    -0.849664    0.011095      0.712578   5369.000000      0.791876
 3    -1.025502    0.229821      0.736864   8807.000000      1.376688
 4    -1.188214    0.199832      0.759338   13322.000000      2.239990
 5    -1.547157    0.410294      0.808914   19553.000000      3.616027
 6    -1.812410    0.556279      0.845550   24577.000000      4.961207
 7    -1.633155    0.224667      0.820792   32527.000000      7.286456
 8    -2.112809    0.566129      0.887041   42108.000000     10.640258
 9    -2.208271    0.542975      0.900226   54458.000000     15.564464
10    -2.216553    0.072617      0.901370   67501.000000     22.132146
3.268457    1.096481    
4.494594    3.786843    1.065902    0.579673    
3.176080    1.290794    5.205874    1.089974    0.347554    1.341105    
3.166127    1.370001    5.147755    6.283185    1.059898    0.309625    1.211254    1.332093    
3.077574    1.103310    3.874803    3.519824    4.636005    1.018878    0.561135    0.148552    0.307054    0.334905    
3.064622    1.042530    3.934413    3.577072    4.431180    4.692808    0.941700    0.717533    0.151527    0.312701    0.360014    1.322260    
0.580763    3.404778    4.802532    3.919354    4.747099    3.581391    6.283185    1.335325    1.197914    0.212507    0.445948    0.435110    0.214440    0.152759    
2.793976    1.834970    5.223039    3.275977    5.053660    2.458206    4.771155    0.947410    1.363371    0.928909    0.888060    1.048195    0.063234    1.049977    0.038770    1.233471    
3.015186    1.714622    1.942133    2.549119    4.831795    4.967763    5.349957    4.209844    2.167130    1.241214    0.398176    1.255199    0.860023    0.516570    0.191894    0.355077    1.458192    1.476698    
2.953068    6.030961    2.253429    3.787091    5.112147    3.982848    4.745350    0.716563    0.945452    4.774589    1.210730    0.392837    0.479061    1.016575    0.414370    1.278567    0.221869    0.243272    1.455770    1.510931    
