 6    -2.746766    2.349246    0.714988
-0.894779  0.121654  -0.763285  -0.481901  1.059032  0.356689  -0.392180  1.515508  -0.183340  -0.140353  -1.015118  -1.061475  -0.607602  1.142866  0.181214  
-0.300000  1.000000  1.000000  1.000000  1.000000  1.000000  
 1    -0.494808    0.052361      0.558094   2676.000000      0.351509
 2    -0.786629    0.091848      0.615359   6192.000000      0.919750
 3    -1.069255    0.148388      0.670819   9854.000000      1.581311
 4    -1.285763    0.265092      0.713305   13581.000000      2.290759
 5    -1.410081    0.251233      0.737700   18332.000000      3.414919
 6    -1.502083    0.296439      0.755753   24527.000000      5.061420
 7    -1.811154    0.564853      0.816403   32918.000000      7.488228
 8    -1.774138    0.514746      0.809139   40409.000000     10.001909
 9    -2.050300    0.635307      0.863331   52259.000000     14.750477
10    -2.088107    0.627640      0.870750   72084.000000     25.068709
3.135662    0.562171    
3.241137    1.931038    0.420729    1.179845    
3.256713    1.924430    5.992648    0.387791    1.171481    1.269740    
4.874728    1.341002    3.240693    4.972936    0.736416    0.489256    0.255647    0.306607    
3.335583    1.431597    4.152072    5.006101    4.080320    0.388295    0.521255    0.480261    0.550091    1.427520    
3.405138    1.781677    1.302102    4.394013    4.833129    0.946356    0.580758    1.130323    1.344412    1.275018    1.350351    0.421686    
3.208219    1.885980    0.965145    5.060733    0.880579    0.944413    1.434543    0.819479    0.978465    1.475326    1.151182    0.397713    1.327718    0.523857    
3.220662    3.695376    5.976639    3.203039    5.322974    6.255302    6.021497    5.388115    0.521601    1.013204    0.989981    1.298585    0.053887    0.275684    1.433165    0.286596    
3.445135    1.887925    5.631368    2.342234    2.595406    5.714088    3.931003    0.684574    4.789521    0.414079    1.051161    1.233140    0.250183    1.379645    0.619295    0.423025    1.265614    1.462994    
3.341755    1.702668    1.333039    3.776630    1.544381    5.348184    1.380550    3.336615    3.200543    3.968587    0.693279    0.858451    1.103707    0.499255    1.010256    0.418954    0.262960    1.241297    1.400109    0.136968    
