 6    -2.245551    1.557360    0.437369
0.222694  0.208597  0.246924  0.946107  -0.909334  0.788368  -0.080894  1.422173  0.389988  0.123607  -1.079835  -0.395403  -0.699981  0.098276  0.313446  
-0.300000  1.000000  1.000000  1.000000  1.000000  1.000000  
 1    -0.477307    0.112577      0.535029   2805.000000      0.360720
 2    -0.600202    0.057831      0.567345   5795.000000      0.853511
 3    -0.936496    0.258153      0.655775   8983.000000      1.414284
 4    -0.974878    0.153590      0.665868   13567.000000      2.280276
 5    -1.056370    0.149083      0.687297   18802.000000      3.442045
 6    -1.315903    0.284979      0.755543   25676.000000      5.207368
 7    -1.516218    0.571682      0.808217   31433.000000      6.949533
 8    -1.544295    0.414612      0.815600   42290.000000     10.756242
 9    -1.597968    0.386344      0.829714   53395.000000     14.888619
10    -1.717895    0.662846      0.861249   67475.000000     20.739847
3.062494    0.531883    
2.988963    4.606385    0.546398    0.271959    
6.283185    5.612476    3.335920    0.810641    0.353052    0.457481    
2.907787    4.687916    5.855749    0.544099    0.560814    0.125605    1.197246    0.310940    
2.953398    4.710076    5.890946    0.448973    4.263067    0.583143    0.109752    1.256208    0.365563    1.381650    
2.930289    4.550853    1.945216    1.074784    5.652513    0.677960    0.363901    0.402109    0.382533    1.113736    1.281633    0.162261    
3.171285    5.891458    4.280352    4.078175    0.904498    6.268782    5.640006    0.478821    0.406772    1.086865    0.190713    1.110061    1.311929    1.232775    
3.149489    4.539737    1.584821    4.487923    4.835888    3.666229    4.505026    3.340850    0.649212    0.207296    0.653667    0.720230    1.049639    0.597435    0.339328    1.174371    
3.248794    0.396147    4.666035    0.838017    2.292015    4.288536    3.835515    0.960001    0.422833    0.794998    1.136214    0.331131    1.086429    1.199759    1.189755    0.142400    1.501180    0.116533    
2.914575    4.815909    5.570736    0.811155    1.200460    3.702772    5.065605    3.270633    3.469304    3.185991    0.487166    0.148738    1.276268    0.467737    1.386772    1.446737    0.227968    1.398964    1.352555    0.302330    
