 6    -2.731508    2.811410    0.669970
0.445292  -0.280395  -1.876685  -0.387690  0.596937  0.683369  0.232692  0.715544  0.804504  0.348361  -0.195662  -0.923606  0.598020  -1.569014  -0.119666  
-0.300000  1.000000  1.000000  1.000000  1.000000  1.000000  
 1    -0.500190    0.115609      0.597447   3237.000000      0.413459
 2    -0.635392    0.148170      0.621839   6480.000000      0.941751
 3    -1.057281    0.212231      0.697952   9127.000000      1.446648
 4    -1.290966    0.402388      0.740111   13499.000000      2.259050
 5    -1.334599    0.359410      0.747983   16913.000000      3.103118
 6    -1.571974    0.559302      0.790808   24719.000000      5.022260
 7    -1.801907    0.482727      0.832290   33038.000000      7.498992
 8    -1.853788    0.604565      0.841650   38723.000000      9.624160
 9    -1.911998    0.645859      0.852152   52319.000000     14.952880
10    -2.179021    0.773917      0.900326   62888.000000     19.638323
4.818229    1.133307    
4.934483    0.436271    0.953544    0.336016    
3.151917    1.492105    4.820668    0.859602    0.421878    0.237110    
3.134552    1.175052    0.552287    4.742364    0.915444    0.217621    0.363352    0.252764    
3.363693    3.102059    4.035833    6.283185    1.268610    1.019368    0.366395    1.428792    1.351543    0.490941    
1.585531    4.839454    0.491279    4.226665    3.283233    5.068716    0.977500    0.443715    0.131271    0.331283    1.212381    0.109118    
4.847108    0.346070    5.571701    3.675596    3.617973    4.660306    5.970164    1.046187    0.405183    1.557671    0.210896    1.174875    1.090720    1.247878    
4.877765    6.053503    4.974544    5.102519    4.568381    3.010991    1.251414    0.381578    1.113752    0.649191    0.421808    0.980478    0.478274    1.438549    0.206109    1.388738    
3.051989    1.272635    3.064231    6.093873    1.304678    3.819855    6.283185    3.426079    2.218230    0.995908    0.569973    1.366562    0.289783    1.240259    0.294250    0.469851    1.248044    1.388599    
3.211339    5.069569    2.582331    1.473278    5.206139    2.540202    6.191443    4.408165    3.645082    2.902071    0.723800    0.807524    1.131583    0.461929    1.544503    1.443973    1.259909    1.402349    1.209648    1.378965    
