 6    -4.569281    3.065262    1.179081
0.286737  -1.614226  -2.273977  -0.592228  0.483037  0.143706  -2.061878  -0.378867  -1.044350  -0.467956  -1.944020  -0.360842  -0.845624  -0.393506  -0.128412  
-0.300000  1.000000  1.000000  1.000000  1.000000  1.000000  
 1    -1.447994    0.276551      0.591163   3120.000000      0.400165
 2    -2.959351    0.511151      0.789126   6159.000000      0.887614
 3    -3.399783    0.711205      0.846815   9042.000000      1.407911
 4    -3.574582    0.715141      0.869711   12852.000000      2.153266
 5    -3.764068    0.807747      0.894530   17837.000000      3.247123
 6    -3.937964    0.841475      0.917308   23403.000000      4.700754
 7    -4.057914    0.877931      0.933019   31570.000000      7.254994
 8    -4.365850    0.947858      0.973354   39382.000000      9.834607
 9    -4.093235    0.889328      0.937646   52420.000000     15.688469
10    -4.395922    0.958501      0.977293   64598.000000     21.672470
0.934228    0.862917    
0.457359    1.029376    0.769733    1.133998    
0.452621    1.015913    0.535773    0.765732    1.077103    1.382715    
0.453119    1.044103    2.236250    1.144588    0.768505    1.156012    0.194926    1.400632    
0.480111    1.030176    3.653341    3.898839    2.114221    0.788874    1.167109    1.472824    1.415245    0.176271    
0.423078    1.006154    2.016150    0.469147    1.009695    2.122619    0.732017    1.205872    0.192636    0.202609    1.405757    0.111227    
0.439356    0.973241    5.824626    3.972114    4.732889    5.072226    0.640000    0.734855    1.221245    0.119882    0.116355    1.510749    0.252377    0.151326    
0.373271    0.435793    4.273889    0.548634    1.025396    0.502118    3.662685    5.282119    0.705379    0.380373    1.378407    1.264229    0.275871    0.232405    0.085399    1.517114    
0.412104    1.015618    2.064506    0.497325    0.985831    2.853513    6.066449    5.731667    2.642501    0.725604    1.198636    0.242381    0.226336    1.408013    1.411960    0.085535    1.503021    0.113642    
0.281684    0.352592    0.900170    3.486308    2.102728    1.916101    4.864108    3.688383    1.969552    3.520287    0.628935    0.493267    1.274834    1.470687    0.113622    1.481394    0.064295    0.078286    1.395040    1.480597    
