 6    -3.727309    4.320653    0.143524
-1.416842  1.141139  -0.062071  0.221127  -1.024472  -0.338375  2.052339  -0.303012  -1.444028  -2.597116  -2.753540  -1.642764  0.524421  -0.364225  -0.637291  
-0.335361  -0.237539  0.287749  0.296167  0.245783  0.219672  
 1    -2.334150    0.521546      0.826893   3000.000000      0.377138
 2    -3.412547    0.879010      0.960889   7126.000000      1.020424
 3    -3.676987    0.976216      0.993747   12138.000000      1.897449
 4    -3.714913    0.990178      0.998460   22020.000000      3.879499
 5    -3.724135    0.994213      0.999606   40422.000000      8.684145
 6    -3.726645    0.999490      0.999918   51151.000000     11.781660
 7    -3.726799    0.999462      0.999937   66791.000000     17.453353
 8    -3.726843    0.999756      0.999942   83864.000000     23.814426
 9    -3.726852    0.999756      0.999943   90078.000000     26.753911
10    -3.726865    0.999726      0.999945   95758.000000     29.634752
4.911823    0.534922    
4.423446    5.213190    0.729576    0.366047    
3.137526    3.945447    4.575806    0.632681    0.506459    0.257626    
2.360755    3.307944    3.213428    3.849416    0.577383    0.459754    0.328190    0.175375    
1.486344    3.094633    3.040861    3.164353    3.893141    0.623380    0.472722    0.392466    0.289178    0.138320    
1.598772    3.089573    3.100388    3.235135    3.995840    5.497275    0.616796    0.476809    0.395481    0.301367    0.189232    0.051750    
1.560883    3.026010    3.045829    3.185095    4.037891    5.359470    6.104918    0.613329    0.470897    0.393025    0.301699    0.172156    0.005478    1.544681    
1.550536    2.987592    3.030143    3.153279    3.998214    5.334727    5.840625    5.610420    0.613413    0.469082    0.393403    0.305475    0.182261    0.000000    1.519610    1.554261    
1.564654    3.019686    3.053784    3.186889    4.068887    5.773468    5.593861    4.756258    4.150469    0.614516    0.471867    0.394312    0.304627    0.178785    0.000000    1.521096    1.551888    1.561601    
1.562054    3.028052    3.060095    3.190009    4.102265    5.935678    5.552956    6.151265    3.002544    5.867194    0.613252    0.472589    0.393641    0.302246    0.172118    0.000000    1.536354    1.567310    0.012650    0.011896    
