 6    -4.090109    3.359764    1.475196
0.050657  0.392329  0.609438  -0.588129  1.443758  0.402090  0.166803  0.853984  1.658907  0.699776  -1.693152  -0.962174  -2.420045  -0.416890  -0.337671  
-0.300000  1.000000  1.000000  1.000000  1.000000  1.000000  
 1    -0.753372    0.021617      0.552108   3321.000000      0.422738
 2    -1.230869    0.257701      0.616203   6497.000000      0.943820
 3    -1.540555    0.274186      0.657772   9705.000000      1.491256
 4    -2.087150    0.386300      0.731142   13453.000000      2.265831
 5    -2.578214    0.525877      0.797058   18484.000000      3.365007
 6    -2.346839    0.530126      0.766000   24865.000000      4.978039
 7    -2.571076    0.552362      0.796100   33975.000000      7.652069
 8    -2.799047    0.645224      0.826700   41392.000000     10.552021
 9    -3.348328    0.774427      0.900430   56098.000000     16.240200
10    -3.605636    0.871524      0.934969   64519.000000     21.314503
3.244463    0.673613    
3.156369    5.783888    0.581926    0.378086    
3.202093    1.114758    2.806215    0.751470    0.340098    1.127405    
0.586127    0.915337    5.772916    2.389878    0.473733    0.366798    1.296650    1.282160    
0.728669    0.910007    5.709701    2.423917    3.420542    0.590890    0.367793    1.359589    1.314105    1.297195    
3.303279    3.366621    5.677896    0.689518    1.994824    5.537156    0.660127    1.096334    0.159013    1.262059    1.366645    0.170869    
3.018177    5.639573    3.682234    3.534262    1.421255    1.150890    5.059844    0.559740    0.311187    1.319673    1.188534    1.155753    1.206560    0.290968    
0.254173    0.821873    0.895168    3.746536    3.547522    4.643437    5.378826    1.664331    0.756132    0.349773    0.298368    0.246252    0.165246    0.160728    0.414039    1.321632    
0.351564    0.600220    0.721199    4.695459    4.653343    2.693737    2.322061    5.466366    2.918341    0.760338    0.329310    0.431506    1.354120    1.549085    0.215178    0.275209    0.241968    1.419137    
0.818433    0.771585    0.480512    3.706958    2.400402    5.103086    3.377755    2.148650    3.470985    0.977277    0.614917    0.372988    0.325213    0.242098    0.157922    1.350938    1.355429    1.431800    1.345789    1.485505    
