 6    -2.517642    3.397696    0.284814
0.277660  1.805239  -0.840097  -0.895218  0.561813  -0.478703  0.312600  -1.203183  -1.609399  -0.798519  -0.206177  -0.118149  0.223079  0.612972  1.086046  
0.391379  -0.080486  -0.203292  0.088996  0.140363  -0.288224  
 1    -1.218262    0.303277      0.780337   3021.000000      0.377806
 2    -1.871413    0.591692      0.890754   5992.000000      0.851977
 3    -2.293598    0.839634      0.962125   8887.000000      1.341060
 4    -2.445292    0.945516      0.987769   14416.000000      2.402557
 5    -2.484729    0.973381      0.994436   21781.000000      3.978400
 6    -2.502941    0.988151      0.997515   29464.000000      6.002068
 7    -2.512536    0.995954      0.999137   39603.000000      8.999783
 8    -2.516223    0.998903      0.999760   52850.000000     13.720005
 9    -2.516838    0.999598      0.999864   83520.000000     27.121542
10    -2.517131    0.999791      0.999914   103368.000000     35.676749
6.283185    0.478530    
6.283185    6.283185    0.458756    0.302779    
6.283185    6.283185    6.283185    0.538357    0.305912    0.239899    
5.778434    6.283185    6.283185    6.283185    0.508803    0.391861    0.248836    0.153959    
4.588385    6.283185    6.283185    6.283185    6.283185    0.535811    0.392201    0.325284    0.178748    0.097864    
4.035765    6.283185    6.233117    6.283185    6.283185    6.283185    0.561310    0.416723    0.328269    0.243478    0.115807    0.066305    
3.522110    6.283185    6.283185    6.120557    6.283185    6.283185    6.283185    0.580424    0.433826    0.352895    0.244607    0.175605    0.071057    0.050392    
3.186394    6.145636    6.283185    6.080472    6.271800    6.283185    6.283185    6.283185    0.612659    0.450732    0.366677    0.279005    0.190743    0.120893    0.053636    0.037098    
2.708549    5.295383    6.183350    6.250023    6.271073    6.049199    6.283185    6.283185    6.283185    0.599847    0.457763    0.397283    0.315889    0.230558    0.142024    0.100068    0.042522    0.029144    
2.667882    5.232428    6.094277    6.224785    6.194070    6.062793    6.281848    6.283185    6.281606    6.283185    0.601906    0.462125    0.400757    0.323919    0.240308    0.162854    0.107547    0.062375    0.032126    0.014256    
