 6    -3.177615    4.321667    0.009157
0.120886  0.610718  -0.940969  -1.296675  -0.444179  -1.381420  0.602617  -0.815498  1.472935  -0.054761  0.049716  -1.540904  -1.109380  -1.381756  3.932359  
-0.315475  0.151285  0.285328  -0.110043  -0.297317  0.431896  
 1    -2.284488    0.065162      0.880905   3297.000000      0.420746
 2    -2.691731    0.047845      0.935209   7372.000000      1.079745
 3    -2.950373    0.014724      0.969698   12706.000000      2.011746
 4    -2.991351    0.005433      0.975162   21268.000000      3.838410
 5    -3.016387    0.000345      0.978501   35053.000000      7.099481
 6    -3.025234    0.001742      0.979681   52465.000000     12.175773
 7    -3.027650    0.001663      0.980003   89473.000000     24.856735
 8    -3.027655    0.001623      0.980003   92260.000000     25.718720
 9    -3.027876    0.002328      0.980033   127532.000000     41.002170
10    -3.028087    0.004217      0.980061   164112.000000     56.650442
5.320100    0.499140    
4.582060    5.252362    0.633379    0.306745    
3.082547    4.615518    5.123190    0.615072    0.526154    0.259630    
2.449494    4.032611    3.916259    4.592071    0.604287    0.473036    0.348312    0.159289    
2.453727    3.870087    3.671945    4.364120    5.537034    0.613024    0.461532    0.352382    0.252236    0.088787    
2.024606    3.668006    3.638631    3.886754    4.729082    5.871127    0.629179    0.473424    0.383835    0.287220    0.183907    0.067163    
1.778546    3.181768    3.406631    3.628470    4.131000    5.037010    5.711991    0.605398    0.455576    0.395999    0.317163    0.233680    0.137836    0.050386    
1.762214    3.168634    3.408995    3.626037    4.130035    5.029967    5.646685    3.804363    0.604785    0.456498    0.397226    0.318545    0.235832    0.139516    0.051655    0.001776    
1.607248    2.837080    3.140954    3.368057    3.854265    4.483450    5.158843    5.376577    5.598159    0.577158    0.426168    0.382631    0.317990    0.239427    0.141130    0.062105    0.000000    1.557618    
1.753759    3.145922    3.304830    3.487571    4.023778    4.555229    4.965313    5.454338    5.843624    5.772262    0.589370    0.440391    0.379217    0.298078    0.213327    0.113726    0.053680    0.000000    1.570796    0.013048    
