 6    -2.517642    3.397696    0.284814
0.277660  1.805239  -0.840097  -0.895218  0.561813  -0.478703  0.312600  -1.203183  -1.609399  -0.798519  -0.206177  -0.118149  0.223079  0.612972  1.086046  
-0.300000  1.000000  1.000000  1.000000  1.000000  1.000000  
 1    -0.455812    0.009225      0.651443   3261.000000      0.418203
 2    -1.052295    0.003976      0.752280   6047.000000      0.880175
 3    -1.113716    0.010842      0.762663   9606.000000      1.511854
 4    -1.338146    0.061749      0.800604   14089.000000      2.381969
 5    -1.511835    0.015406      0.829966   18228.000000      3.339708
 6    -1.476544    0.173542      0.824000   25579.000000      5.072382
 7    -1.628338    0.023194      0.849661   32240.000000      7.438725
 8    -1.714247    0.012701      0.864185   41204.000000     10.631936
 9    -1.752638    0.003573      0.870674   51950.000000     14.599720
10    -1.951859    0.007880      0.904353   68193.000000     22.097404
0.398904    0.623715    
0.384656    0.472823    0.736478    0.427009    
0.423817    0.510842    5.880202    0.756020    0.478895    1.424099    
0.359221    5.628708    2.539815    2.260146    0.758490    1.373431    0.358257    1.297106    
0.379816    0.442823    5.786248    2.446895    2.272626    0.803364    0.625824    1.374150    0.312834    1.390681    
1.204509    5.467219    2.177354    5.119403    1.600932    1.364967    0.838341    1.132165    1.468220    1.104001    1.202019    0.177130    
0.404792    0.476807    5.953332    2.365058    2.212138    3.401006    6.064396    0.808363    0.612177    1.438268    0.261011    1.402994    0.032532    1.361639    
0.428856    0.426483    4.585051    3.748944    3.627757    2.809922    2.317998    3.679472    0.773555    0.506036    0.095053    0.227688    0.179040    0.184608    1.318334    1.379209    
0.414588    0.494868    0.591886    3.952270    3.505568    3.229426    3.696737    3.783095    3.627333    0.807751    0.540040    0.342982    0.052970    0.288612    1.402811    1.202411    1.403738    1.405610    
0.484834    0.447858    4.569918    1.331585    2.368091    3.604102    3.369583    0.395750    2.524595    6.183079    0.813328    0.548427    0.007602    1.368821    0.323288    0.048857    1.216202    0.292891    1.414081    0.071376    
