 6    -3.507835    2.972182    1.130093
-0.200346  -0.722750  -1.006436  -0.435368  0.930336  -0.694714  -3.291892  -0.638987  0.114389  0.204070  -0.750726  0.169636  0.328819  -0.584229  0.753944  
-0.300000  1.000000  1.000000  1.000000  1.000000  1.000000  
 1    -0.834805    0.014339      0.587496   2655.000000      0.344880
 2    -1.521717    0.039848      0.693501   5656.000000      0.833002
 3    -1.926753    0.182113      0.756006   9085.000000      1.428604
 4    -2.137971    0.186942      0.788602   12434.000000      2.102221
 5    -2.410820    0.373152      0.830708   17553.000000      3.248337
 6    -2.534120    0.557655      0.849736   22115.000000      4.477108
 7    -2.679037    0.608567      0.872099   30508.000000      6.981364
 8    -2.626612    0.617758      0.864009   39246.000000     10.072549
 9    -2.861874    0.689141      0.900315   46615.000000     13.593718
10    -3.040020    0.847532      0.927807   64160.000000     20.416686
0.385073    0.579120    
0.440096    1.019845    0.735920    1.184627    
0.435676    0.970214    3.453563    0.754984    1.167738    1.326395    
0.493377    1.058644    0.657647    2.590622    0.787671    1.140603    1.345418    1.347578    
0.427072    0.972451    3.490723    1.974395    1.854541    0.768693    1.210225    1.326723    0.189074    1.408078    
0.377198    0.969548    3.496815    1.993173    1.107001    1.331035    0.764486    1.201513    1.257296    0.220453    0.170677    0.143082    
0.426782    0.966251    3.494196    1.851237    1.302515    6.039716    6.217012    0.781994    1.202886    1.255636    0.156320    0.202859    0.166829    0.111677    
0.625616    4.544112    5.686201    2.081706    5.933126    4.654093    2.957383    5.353481    0.798349    1.241294    1.486238    1.206289    1.036184    1.330136    1.440929    0.211194    
0.496932    1.004123    3.456570    1.875978    2.007667    5.418884    5.645076    1.084299    2.536438    0.840741    1.277813    1.387828    0.194688    1.389589    0.221396    1.495313    1.438924    1.417214    
0.530871    1.002336    3.582548    3.187206    0.891559    5.187282    3.153671    1.197362    2.493571    2.480616    0.827519    1.075358    1.370140    0.194627    1.394791    0.242952    1.379174    1.434035    1.390068    1.437237    
