 6    -1.886911    2.649642    0.004332
-0.579335  -0.256799  -1.403429  0.787643  -0.286088  0.092368  0.611031  -0.920969  -0.368623  0.503275  -0.321653  -0.481067  0.552648  -0.557544  0.445270  
-0.300000  1.000000  1.000000  1.000000  1.000000  1.000000  
 1    -0.368601    0.039644      0.665316   2460.000000      0.320869
 2    -0.640865    0.078579      0.725332   5687.000000      0.849362
 3    -0.794538    0.055320      0.759206   8940.000000      1.412772
 4    -0.906705    0.125613      0.783931   13383.000000      2.247564
 5    -1.043788    0.076967      0.814149   18430.000000      3.343799
 6    -1.135555    0.068911      0.834377   24963.000000      5.064355
 7    -1.317587    0.085267      0.874503   30708.000000      6.871425
 8    -1.250416    0.108729      0.859696   43530.000000     11.160010
 9    -1.494330    0.185449      0.913463   54883.000000     15.308004
10    -1.533371    0.597710      0.922069   70126.000000     22.633888
1.934864    1.195495    
6.283185    0.709753    0.937898    0.369525    
1.927657    4.382390    2.466747    1.311495    1.167471    0.364800    
2.121986    4.262582    0.658255    5.260333    1.375086    0.988354    0.338216    0.164591    
6.226442    0.772949    2.623248    4.451914    0.305510    1.057285    0.376630    0.218384    0.898006    0.531086    
2.131065    4.147376    2.654769    3.234223    2.161621    3.227730    1.187634    0.987418    0.595652    0.081642    0.093409    0.509973    
6.226982    3.932197    4.935553    4.410206    3.543081    3.653957    6.095996    0.926677    0.570793    1.264511    1.310424    0.217160    1.229329    1.421559    
1.890586    4.375539    0.776895    5.130220    5.168324    2.852139    5.260276    0.209883    1.394904    1.133264    0.391808    0.068926    0.136940    1.339687    0.949708    0.553435    
1.866094    2.509059    4.344906    3.757986    0.497223    4.665384    2.812319    4.596063    5.161201    0.846086    0.856390    0.985148    0.383980    0.128884    1.469183    0.458653    1.241256    1.348669    
2.127283    4.349157    2.281646    5.652741    4.817542    2.589042    5.408125    4.102374    2.907550    2.578030    1.139716    1.484323    0.556763    0.196750    0.101444    1.570796    1.318793    0.589914    0.142863    0.489240    
