 6    -2.876535    4.146846    0.464648
0.696245  -2.444617  -0.260982  -0.113475  -0.320669  0.034260  -0.922643  -1.114682  -0.286673  1.218300  1.229856  -1.262179  0.833652  -0.477234  -0.225393  
-0.311568  0.221837  -0.327747  0.068371  0.218387  -0.401611  
 1    -1.548204    0.404610      0.810870   3135.000000      0.398161
 2    -2.558372    0.738796      0.954699   7142.000000      1.042218
 3    -2.774476    0.839138      0.985469   12778.000000      2.011669
 4    -2.807912    0.875780      0.990229   21692.000000      3.898752
 5    -2.843706    0.966816      0.995326   32820.000000      6.461967
 6    -2.864544    0.987861      0.998293   56275.000000     13.527745
 7    -2.872720    0.998392      0.999457   74368.000000     19.461294
 8    -2.876250    0.999852      0.999959   148052.000000     48.467921
 9    -2.876264    0.999853      0.999962   149136.000000     49.305717
10    -2.876276    0.999847      0.999963   169327.000000     57.047229
5.087439    0.539923    
5.050832    6.012379    0.726098    0.371337    
3.361455    4.729915    5.270699    0.638230    0.502752    0.255113    
2.532786    4.355648    4.511107    4.965702    0.634368    0.512070    0.368747    0.147064    
3.070614    4.391338    4.667844    5.237691    6.283185    0.625134    0.503398    0.368230    0.222116    0.113235    
2.300421    3.936798    4.051718    4.347235    5.290327    5.826150    0.587414    0.488817    0.379652    0.276159    0.198335    0.113414    
2.156689    3.950702    4.104467    4.304897    5.118032    5.961265    6.283185    0.619403    0.502527    0.396312    0.282020    0.208850    0.164023    0.059090    
1.779997    3.377786    3.769347    4.026472    4.566978    5.377770    5.862479    6.283185    0.619294    0.487820    0.427505    0.335522    0.253101    0.194393    0.137781    0.054590    
1.771773    3.366202    3.764083    4.026854    4.554562    5.362028    5.888247    6.282867    3.291078    0.618208    0.487655    0.428666    0.337088    0.254187    0.195378    0.138531    0.055152    0.001859    
1.755825    3.344267    3.753045    4.024887    4.594018    5.419919    5.893138    6.264519    3.051355    3.703844    0.614989    0.483878    0.426105    0.333483    0.248433    0.190511    0.135091    0.046856    0.000621    1.564451    
