 6    -2.511562    2.897824    0.187358
0.993539  -0.758112  -0.351157  0.938245  -1.000467  -1.201973  2.034609  0.008307  0.258243  0.446007  -0.069812  -0.033584  -0.685347  1.140189  -1.653406  
0.175769  -0.297054  -0.291316  0.270835  -0.216279  -0.349202  
 1    -1.647736    0.502863      0.840310   3474.000000      0.436078
 2    -2.316301    0.872206      0.963903   6683.000000      0.957374
 3    -2.470669    0.960705      0.992440   12876.000000      2.074641
 4    -2.497053    0.979397      0.997318   20607.000000      3.700445
 5    -2.505707    0.990431      0.998918   34980.000000      7.230099
 6    -2.510881    0.999481      0.999874   53738.000000     12.687043
 7    -2.511492    0.999947      0.999987   111332.000000     33.159246
 8    -2.511497    0.999952      0.999988   127825.000000     38.736408
 9    -2.511497    0.999949      0.999988   127775.000000     38.659955
10    -2.511503    0.999958      0.999989   144762.000000     46.214976
5.301341    0.523095    
4.713128    5.459326    0.740414    0.387967    
3.035576    4.009606    4.810367    0.617021    0.522561    0.263864    
2.375528    3.375561    3.315149    4.124706    0.576958    0.460298    0.335486    0.173729    
1.804465    3.307069    3.156716    3.438025    4.433679    0.622665    0.472863    0.376903    0.288153    0.120877    
1.719496    3.238286    3.267229    3.367693    4.217635    5.577515    0.620117    0.488059    0.391749    0.302592    0.203203    0.069985    
1.326407    2.670390    3.059092    3.181786    3.594070    4.390317    5.430338    0.612972    0.477919    0.421812    0.349663    0.268855    0.166537    0.058466    
1.254096    2.608086    3.073734    3.166564    3.500645    4.172891    3.679271    3.018296    0.613640    0.485331    0.428350    0.352653    0.274898    0.169465    0.043532    0.039776    
1.282590    2.602809    3.050519    3.184827    3.563576    4.370309    5.429872    4.908607    5.719388    0.609738    0.477724    0.425740    0.353323    0.273003    0.172027    0.061224    0.000000    1.569325    
1.280147    2.621240    3.073349    3.183332    3.545519    4.330558    5.311696    5.868448    4.588494    4.880682    0.614308    0.483032    0.427583    0.353369    0.274496    0.173408    0.062513    0.000018    1.567369    0.000183    
