 6    -2.346595    3.689455    0.386675
0.108446  0.858697  -0.303699  -1.112064  2.308893  -1.048867  0.947621  0.883204  0.070424  0.041427  -0.289262  -0.204524  -0.044850  -0.477368  -1.277278  
0.171522  -0.077333  -0.095066  0.057526  0.600000  -0.069416  
 1    -0.526335    0.157943      0.698435   3153.000000      0.403229
 2    -1.436604    0.420254      0.849241   6277.000000      0.909896
 3    -1.955460    0.742188      0.935200   9657.000000      1.477700
 4    -2.103244    0.886240      0.959684   13875.000000      2.237281
 5    -2.183729    0.900723      0.973018   18917.000000      3.366941
 6    -2.273291    0.932047      0.987856   24534.000000      4.838744
 7    -2.320095    0.976985      0.995610   32459.000000      7.052257
 8    -2.334940    0.989356      0.998069   44620.000000     11.432211
 9    -2.342300    0.996742      0.999289   56494.000000     15.876673
10    -2.344615    0.998462      0.999672   62580.000000     18.284801
6.283185    0.665452    
6.283185    6.283185    0.223699    0.559773    
6.283185    6.283185    6.283185    0.301604    0.204774    0.393233    
6.283185    6.283185    6.283185    6.283185    0.372575    0.231222    0.225860    0.198795    
5.951259    6.283185    6.283185    6.283185    6.283185    0.450432    0.231058    0.280893    0.085028    0.178168    
5.853687    6.283185    6.283185    6.283185    6.283185    6.283185    0.501049    0.280444    0.283488    0.168397    0.058082    0.193825    
5.048465    6.283185    6.283185    6.283185    6.283185    6.283185    6.283185    0.493698    0.302688    0.292551    0.207643    0.128867    0.066849    0.144117    
3.797491    6.283185    6.283185    6.283185    6.283185    6.283185    6.283185    6.283185    0.513385    0.340194    0.282726    0.247290    0.166483    0.112538    0.063901    0.099984    
3.736469    6.283185    6.283185    6.283185    6.283185    6.283185    6.283185    6.283185    6.283185    0.562638    0.342518    0.295318    0.236024    0.208264    0.129507    0.089141    0.050151    0.071238    
3.737126    6.283185    6.283185    6.283185    6.283093    6.283185    6.283185    6.283185    6.283185    6.283185    0.564767    0.362198    0.292008    0.245553    0.196097    0.164234    0.089757    0.074359    0.038644    0.044415    
