 6    -4.364449    3.594269    1.735880
-0.035920  -1.299604  0.889104  -0.585994  0.462999  -0.768262  -1.095189  -1.467687  1.944982  -0.321040  -0.414614  -0.035430  3.271529  -0.267381  0.734255  
0.192884  0.142141  0.599971  -0.139445  0.196789  -0.182736  
 1    -2.376495    0.435499      0.750217   3105.000000      0.389349
 2    -3.704674    0.835829      0.917100   7137.000000      1.021637
 3    -4.058240    0.919699      0.961525   12595.000000      1.951434
 4    -4.280803    0.975508      0.989490   20829.000000      3.635581
 5    -4.345595    0.994692      0.997631   30872.000000      6.041388
 6    -4.361992    0.999369      0.999691   48535.000000     11.176435
 7    -4.363719    0.999836      0.999908   66004.000000     17.248703
 8    -4.364265    0.999952      0.999977   96255.000000     29.378543
 9    -4.364269    0.999953      0.999977   170032.000000     60.618847
10    -4.364287    0.999960      0.999980   153616.000000     55.104466
6.283185    0.618632    
4.606228    5.272828    0.535377    0.383425    
3.530995    4.635166    4.984651    0.542939    0.408630    0.218441    
3.088567    4.539596    4.600615    5.597202    0.620284    0.469751    0.302033    0.192837    
2.395867    3.848019    4.123443    4.760836    5.019170    0.593201    0.451012    0.377458    0.238251    0.129744    
1.990120    3.655347    3.822085    4.099478    4.699766    5.312642    0.622376    0.445789    0.381513    0.306555    0.179327    0.085854    
1.966375    3.624774    3.849269    4.170846    4.708753    5.307289    6.283185    0.615249    0.456729    0.393118    0.315506    0.219326    0.110297    0.036343    
1.560684    3.046986    3.603174    3.946740    4.356951    5.046432    5.471230    6.283185    0.591749    0.455012    0.404926    0.350044    0.269937    0.179833    0.080968    0.029702    
1.525685    2.972135    3.565625    3.923354    4.340168    5.022642    5.451613    6.283185    1.637727    0.585611    0.451455    0.404753    0.351746    0.272762    0.182532    0.082889    0.030275    0.000433    
1.416399    2.861261    3.568079    3.911743    4.286092    4.992893    5.044770    5.247252    3.075982    5.732381    0.580264    0.458209    0.408606    0.355392    0.274617    0.176946    0.076384    0.010928    0.013815    1.561185    
