 6    -3.416299    2.955352    0.350050
-0.377364  0.166759  0.682802  1.921379  -0.197037  -0.759879  -2.089066  -0.036373  -1.217749  -1.428905  -0.170528  1.160940  -1.061140  -1.408500  0.839550  
-0.300000  1.000000  1.000000  1.000000  1.000000  1.000000  
 1    -1.635329    0.412149      0.720485   2829.000000      0.382263
 2    -2.826137    0.721039      0.907377   5601.000000      0.821471
 3    -3.074960    0.820434      0.946428   8782.000000      1.373081
 4    -3.109250    0.874468      0.951810   12851.000000      2.194821
 5    -3.233855    0.864249      0.971366   17104.000000      3.113420
 6    -3.349829    0.978194      0.989568   23557.000000      4.716563
 7    -3.301178    0.949599      0.981932   30031.000000      6.907515
 8    -3.399290    0.994176      0.997331   41785.000000     11.059067
 9    -3.385097    0.980877      0.995103   57223.000000     17.314897
10    -3.329014    0.957612      0.986301   67037.000000     23.688426
0.398266    0.560609    
0.391216    0.452184    0.731913    0.384835    
0.289853    0.377363    0.422900    0.674104    0.508742    0.237028    
0.370542    0.442196    2.948822    1.076382    0.703656    0.445498    1.414523    0.158287    
0.361247    0.422208    4.326331    2.062021    3.531809    0.694781    0.404901    0.170326    1.450057    1.452982    
0.302575    0.366475    0.422002    0.523962    1.991912    2.033568    0.664798    0.500566    0.302947    0.185772    1.469690    0.075724    
0.363683    0.430318    4.293078    2.094472    3.564894    2.095636    6.131081    0.691196    0.402901    0.142235    1.430751    1.470704    0.134177    0.087033    
0.226327    0.310361    0.313612    0.363622    0.519849    3.689778    0.564082    6.193480    0.624956    0.478671    0.348364    0.248686    0.133129    0.082475    0.133276    0.048786    
0.223746    0.336802    0.397892    5.737137    0.514512    1.952075    5.664351    2.954307    3.247799    0.602965    0.516229    0.284127    1.439917    1.424932    0.087824    1.495955    1.548764    1.504625    
0.352295    0.435436    3.695167    0.576188    2.152861    2.010960    5.985636    2.466502    2.487859    1.763379    0.698837    0.374984    0.117737    0.261824    1.412588    0.168330    0.064289    0.090986    0.038592    0.057296    
