 6    -2.069947    1.896117    0.085954
1.594854  -0.655138  1.016982  0.369841  -0.070009  -0.682898  -0.254259  -0.672071  0.295525  0.098739  -0.925285  0.296286  -0.202728  -0.416951  -0.139597  
-0.300000  1.000000  1.000000  1.000000  1.000000  1.000000  
 1    -0.860068    0.015986      0.694942   3129.000000      0.398591
 2    -1.462439    0.000018      0.846824   5872.000000      0.883858
 3    -1.603596    0.015506      0.882415   8914.000000      1.395661
 4    -1.788369    0.029070      0.929003   12634.000000      2.117027
 5    -1.876042    0.020358      0.951109   17246.000000      3.170294
 6    -1.907387    0.128192      0.959012   23380.000000      4.717566
 7    -1.944621    0.004047      0.968400   30775.000000      6.925133
 8    -1.932743    0.021710      0.965406   40191.000000     10.236329
 9    -1.939068    0.034002      0.967000   55523.000000     16.323834
10    -1.937067    0.204255      0.966496   71661.000000     25.504557
0.417524    0.534464    
0.392502    0.459820    0.724433    0.406200    
0.392008    0.470652    4.285407    0.713717    0.407346    0.149431    
0.374892    0.466706    4.309708    5.640093    0.709995    0.421099    0.187200    1.403374    
0.357331    0.417691    4.274065    0.538701    2.412833    0.678908    0.419465    0.234757    0.243589    0.081255    
0.370877    0.416374    4.328469    2.021145    3.600285    3.423324    0.698598    0.412143    0.168900    1.423288    1.456913    1.497702    
0.253693    0.330927    0.344957    5.571788    5.879418    5.706812    5.613222    0.639280    0.483346    0.287042    1.474460    0.114593    1.384669    0.103074    
0.364157    0.439458    4.312114    0.511576    0.879982    2.382897    4.522650    0.831591    0.706396    0.397608    0.226355    0.304125    1.417682    0.006622    1.483055    0.066725    
0.365725    0.433056    4.356283    0.520669    2.527511    1.969712    5.794766    2.764539    1.453625    0.700091    0.384341    0.177586    0.158045    0.057969    1.475940    0.069808    0.109066    0.125068    
0.372244    0.385426    4.257510    2.303940    1.039996    3.348291    1.434524    3.334104    0.867693    2.810751    0.678372    0.380983    0.085988    1.470017    0.128666    0.046980    0.075859    0.132461    1.427684    0.063247    
