 6    -2.687363    2.452757    0.058625
-1.121427  0.552710  -0.128515  -0.098978  0.525132  0.641744  1.041625  -0.042823  1.512432  -1.412685  -0.643521  0.264371  -1.049341  1.305647  0.713874  
-0.352567  -0.234003  -0.175829  -0.296883  -0.197008  0.385602  
 1    -1.570929    0.524033      0.782800   3204.000000      0.404621
 2    -2.415680    0.900938      0.947145   6956.000000      0.998157
 3    -2.640082    0.978624      0.990802   12323.000000      1.919695
 4    -2.672561    0.992177      0.997120   21995.000000      3.825379
 5    -2.682361    0.996931      0.999027   34716.000000      6.980504
 6    -2.687051    0.999878      0.999939   42487.000000      9.206650
 7    -2.687069    0.999889      0.999943   50380.000000     11.606893
 8    -2.687073    0.999894      0.999944   63572.000000     16.446945
 9    -2.687097    0.999906      0.999948   69933.000000     19.752311
10    -2.687097    0.999907      0.999948   78120.000000     23.892733
5.292133    0.527358    
4.721348    5.714348    0.752302    0.402184    
3.210377    4.242953    4.905684    0.639452    0.526342    0.273218    
2.387823    3.594481    3.350226    4.096323    0.593069    0.468984    0.335834    0.187976    
1.752908    3.440881    3.209671    3.317998    4.193386    0.642004    0.480031    0.380674    0.286661    0.135032    
1.718557    3.322650    3.281028    3.339995    4.171514    5.768149    0.624032    0.485584    0.394641    0.303702    0.202171    0.061966    
1.706237    3.295899    3.255824    3.322322    4.173543    5.784911    6.211302    0.622967    0.482420    0.393274    0.302168    0.195291    0.046084    1.562172    
1.701762    3.288773    3.252260    3.311137    4.167295    5.781574    5.453732    4.077794    0.623137    0.482347    0.393058    0.302678    0.194734    0.042143    1.558544    1.566461    
1.688658    3.250971    3.241516    3.290914    4.143588    5.781813    4.887474    3.877109    5.132658    0.622876    0.481131    0.394289    0.304897    0.193014    0.019604    1.534117    1.540757    1.556755    
1.692222    3.262028    3.243844    3.295410    4.174752    5.767559    5.576600    3.821177    4.626594    4.665595    0.623573    0.481598    0.393705    0.304761    0.193271    0.020661    1.533987    1.553019    1.560658    0.000938    
