 6    -3.496680    2.400598    0.093924
-1.130571  0.696200  -0.432293  0.741020  -0.478137  1.386040  0.125180  1.148860  -2.350259  0.183293  -0.311386  -0.294066  0.400061  1.005500  0.501643  
0.276035  0.282255  -0.351261  -0.059389  -0.203113  0.336122  
 1    -1.892234    0.380902      0.727935   3123.000000      0.393178
 2    -3.194086    0.690027      0.948689   7134.000000      1.019645
 3    -3.434953    0.799412      0.989533   12345.000000      1.925185
 4    -3.469002    0.833227      0.995307   21624.000000      3.793242
 5    -3.478760    0.870904      0.996961   38224.000000      8.074726
 6    -3.486234    0.921299      0.998229   60104.000000     14.530283
 7    -3.491200    0.983865      0.999071   89140.000000     24.396936
 8    -3.495125    0.998186      0.999736   150823.000000     49.435476
 9    -3.496074    0.999013      0.999897   240672.000000     90.283260
10    -3.496470    0.999836      0.999964   320938.000000    126.354717
5.141103    0.546697    
4.893942    5.860262    0.704585    0.371273    
3.363239    4.686509    5.319823    0.629906    0.489484    0.241046    
2.310712    4.051715    4.325820    5.048461    0.607437    0.487856    0.373347    0.162090    
2.094243    3.802670    4.161758    4.588800    5.283574    0.621626    0.488656    0.407835    0.251816    0.080760    
2.026031    3.627283    3.922056    4.187173    4.955950    6.131606    0.618506    0.483321    0.405012    0.296000    0.181261    0.063796    
2.112237    3.787718    4.063174    4.332484    5.069424    5.999254    6.283185    0.617217    0.488405    0.403940    0.292311    0.206290    0.146002    0.059002    
1.802894    3.476048    3.940675    4.217270    4.761422    5.573491    6.007766    6.278458    0.626560    0.492803    0.429528    0.329527    0.244761    0.193173    0.143216    0.054783    
1.466234    3.074142    3.717157    4.031489    4.356302    5.058611    5.793121    6.046909    6.248856    0.638424    0.514223    0.453499    0.375663    0.292886    0.226244    0.177142    0.119791    0.043295    
1.295231    2.838737    3.560123    3.968437    4.196717    4.678852    5.521660    6.023513    6.130641    6.159037    0.656520    0.535688    0.476586    0.408180    0.329799    0.259083    0.200071    0.153356    0.091862    0.028382    
