 6    -2.351482    3.072186    0.136440
1.106323  0.363394  -0.936566  0.047962  0.263298  -0.084500  -0.391316  0.255723  0.376680  -0.973780  0.143114  -1.327974  2.457710  1.226160  -0.086657  
-0.337182  0.142334  0.091171  -0.332337  0.339238  0.222333  
 1    -1.582949    0.386215      0.858300   3240.000000      0.405006
 2    -2.142823    0.728363      0.961528   6900.000000      0.989986
 3    -2.275639    0.887589      0.986016   12633.000000      1.955467
 4    -2.304304    0.933633      0.991301   21574.000000      3.750752
 5    -2.333823    0.984562      0.996744   30781.000000      5.932556
 6    -2.348344    0.993337      0.999422   52521.000000     12.396609
 7    -2.349864    0.994928      0.999702   85035.000000     23.404363
 8    -2.350691    0.997637      0.999854   118444.000000     36.549955
 9    -2.351057    0.999359      0.999922   153845.000000     52.329429
10    -2.351366    0.999880      0.999979   247817.000000     96.023093
5.665053    0.524495    
5.333390    5.962037    0.654604    0.309690    
3.394448    4.796444    5.515476    0.570624    0.468557    0.233313    
2.439948    4.598122    4.800053    5.316572    0.611272    0.487730    0.352592    0.144390    
2.872729    4.472381    4.635871    5.259399    6.283185    0.614359    0.480110    0.363327    0.226492    0.092919    
2.223102    4.020807    4.180149    4.462784    5.424252    6.283185    0.605684    0.469279    0.385386    0.292359    0.191433    0.087291    
1.747524    3.456868    3.843586    4.054394    4.572121    5.461557    5.888866    0.611276    0.459629    0.396608    0.325930    0.243307    0.152841    0.063639    
1.627008    3.177944    3.827985    4.112206    4.456777    5.230351    6.009563    6.283185    0.616532    0.480154    0.422509    0.351927    0.278677    0.196472    0.106651    0.030110    
1.747900    3.318260    3.878765    4.177221    4.546661    5.316548    6.060348    6.186905    4.665241    0.609651    0.482059    0.426232    0.352378    0.278265    0.205003    0.114421    0.041159    0.013867    
1.356281    2.936376    3.586431    3.942142    4.189687    4.721630    5.328029    5.501283    4.818118    5.071210    0.627117    0.505829    0.447830    0.383529    0.324424    0.261023    0.180789    0.095485    0.045645    0.022989    
