 6    -2.934934    3.048118    1.262109
0.779165  0.433715  -0.868448  0.416689  -0.606075  0.537735  -1.068886  0.371192  -1.583441  0.551922  -1.085115  0.775944  0.416375  0.780529  0.033247  
-0.300000  1.000000  1.000000  1.000000  1.000000  1.000000  
 1    -0.546733    0.085322      0.600839   2919.000000      0.506609
 2    -0.681190    0.114532      0.623312   5542.000000      0.989795
 3    -0.857339    0.158634      0.652753   9503.000000      1.523874
 4    -1.075756    0.288754      0.689259   14916.000000      2.529382
 5    -1.545424    0.422140      0.767759   18510.000000      3.388928
 6    -1.682192    0.506421      0.790618   27368.000000      5.739058
 7    -1.793103    0.585517      0.809156   33753.000000      7.709565
 8    -1.987344    0.619768      0.841621   42095.000000     10.457058
 9    -2.134581    0.692813      0.866230   53639.000000     14.697322
10    -2.352596    0.766706      0.902669   65363.000000     20.137525
2.888484    0.458145    
2.947878    5.773435    0.486260    1.411780    
2.642191    0.948349    5.345968    0.523177    0.434172    1.119473    
2.868337    5.108928    3.585959    1.744203    0.468282    0.076918    0.291648    1.341060    
2.861612    5.953656    4.111631    6.283185    5.459852    0.369612    1.207295    1.037188    0.216224    0.194067    
3.085942    4.900347    3.970311    1.965138    0.675450    3.237295    0.669176    0.146230    0.645080    1.289606    0.657800    0.394366    
1.900354    5.492433    4.726901    3.380221    2.678579    1.628200    5.448348    0.105374    0.433455    0.739172    0.242881    0.688102    0.414225    1.250500    
4.796657    1.864346    2.602105    2.812268    4.044403    5.455466    3.186213    4.765120    1.539075    1.050226    1.164543    0.314103    0.357644    0.139005    1.297110    1.347660    
2.692243    5.900456    3.707875    3.425660    3.544020    0.830445    2.235434    2.793958    3.782030    0.864691    0.945259    1.094459    1.130017    0.364613    0.386742    1.238009    1.273282    0.155191    
4.926983    2.220244    5.889649    3.399311    1.200525    1.990568    0.883335    6.199131    4.086369    4.117393    1.187417    1.152033    1.313841    0.470014    0.452753    0.374356    1.426231    1.247602    0.345794    1.366661    
