 6    -2.312066    2.612505    0.251209
0.439265  0.438488  1.147810  -0.067318  1.282502  1.203008  1.135877  -0.804010  -0.355338  1.115535  0.416017  0.281031  0.602493  -0.502367  -0.360674  
0.338827  -0.218599  0.304557  -0.304008  -0.129128  -0.416378  
 1    -1.256116    0.496557      0.785575   3033.000000      0.381539
 2    -2.109118    0.867945      0.958789   7217.000000      1.034462
 3    -2.263920    0.959569      0.990223   11882.000000      1.838351
 4    -2.290594    0.978872      0.995640   21188.000000      3.707450
 5    -2.303775    0.994916      0.998316   32638.000000      6.448186
 6    -2.311125    0.999452      0.999809   57650.000000     13.762657
 7    -2.311900    0.999909      0.999966   108950.000000     31.296955
 8    -2.311951    0.999943      0.999977   133671.000000     41.822467
 9    -2.311965    0.999950      0.999979   144850.000000     46.514615
10    -2.311965    0.999950      0.999980   157785.000000     52.896022
4.690864    0.549212    
4.345574    5.115384    0.744804    0.399029    
2.980042    3.816788    4.428863    0.635787    0.504689    0.250777    
2.320790    3.222292    3.293049    3.922350    0.586518    0.466097    0.335109    0.157100    
2.304778    3.242983    3.185259    3.740063    5.140427    0.603953    0.465582    0.347115    0.242067    0.081215    
1.610866    2.991864    3.076145    3.189376    3.929771    5.143260    0.608238    0.487405    0.394400    0.299195    0.202037    0.075615    
1.224536    2.491076    2.829985    2.966770    3.364315    4.075442    4.952480    0.608284    0.474584    0.418279    0.347174    0.265886    0.164637    0.060626    
1.179222    2.440068    2.881721    3.007102    3.307003    4.005833    4.826054    4.932947    0.616171    0.487516    0.433234    0.357199    0.280384    0.186591    0.081123    0.012325    
1.193899    2.437950    2.848884    2.974753    3.313652    4.021897    4.957343    5.076911    5.972296    0.613045    0.481118    0.426299    0.353423    0.275198    0.177676    0.069553    0.000000    1.565488    
1.194222    2.458006    2.865596    2.981357    3.314479    4.024844    4.937559    5.370069    2.023456    4.065060    0.616905    0.484834    0.427652    0.353332    0.274858    0.176837    0.067638    0.000000    1.568409    1.565152    
