 6    -4.540918    3.845071    0.554561
0.158384  -2.469081  -1.367974  0.135415  1.363801  -0.059990  -0.573970  0.521582  -0.633190  -0.989024  -1.811767  -0.207563  0.278757  1.736000  1.327823  
-0.300000  1.000000  1.000000  1.000000  1.000000  1.000000  
 1    -0.673932    0.129922      0.538875   3651.000000      0.567225
 2    -1.206802    0.201294      0.602418   5803.000000      1.052541
 3    -1.611789    0.225118      0.650712   9977.000000      1.827196
 4    -1.969103    0.322763      0.693320   14801.000000      2.451334
 5    -2.367057    0.394379      0.740775   19583.000000      3.513866
 6    -2.624651    0.244789      0.771492   25933.000000      5.142849
 7    -2.954679    0.563935      0.810847   32620.000000      7.077733
 8    -3.104760    0.422479      0.828743   43296.000000     10.905966
 9    -3.460859    0.715401      0.871207   53572.000000     14.812702
10    -3.436327    0.528162      0.868281   62260.000000     18.690410
5.103393    1.106322    
5.164112    4.117151    1.208640    1.176363    
5.211967    4.152862    5.728783    1.230247    1.144962    1.310371    
5.175458    4.141273    5.814633    0.555326    1.130609    0.905759    0.978384    0.366396    
5.120016    4.144262    0.796316    5.118916    0.540796    1.060574    0.948866    0.247859    1.140921    0.222860    
5.137020    4.148975    5.761300    2.603285    5.057697    3.638190    1.317437    1.227738    1.292585    0.534962    1.411872    1.154604    
5.094998    3.997044    1.043331    4.725415    1.479130    4.651515    4.763722    1.047390    1.109723    0.346964    1.164979    0.366834    1.570796    1.181438    
5.107628    4.808330    5.343385    1.990292    4.871067    2.466409    1.116550    1.042571    1.358448    1.281967    1.283362    0.564616    1.246903    1.098817    0.350384    1.437514    
5.365664    4.072373    5.613921    6.283185    0.845996    1.118124    4.016086    3.602174    4.850151    1.041644    0.849522    1.389254    1.411166    1.199634    0.374011    0.221030    1.192559    0.194650    
5.205263    4.885653    5.343001    1.947805    4.951112    2.407130    1.281385    4.649540    2.052075    0.812698    1.359479    1.208034    1.304823    0.604441    1.294508    1.021294    0.311185    1.405024    0.251808    1.462686    
