 6    -2.359630    3.956650    0.191407
-0.270164  0.934725  -0.978179  1.679502  -0.282496  -2.137573  -0.087249  -0.115780  1.694825  0.442736  0.904835  -0.777380  -0.167235  0.549352  0.270288  
0.187369  0.733842  0.630226  0.029797  -0.769279  -0.053437  
 1    -1.220085    0.007579      0.819586   2772.000000      0.359716
 2    -1.487707    0.000190      0.861956   5531.000000      0.822958
 3    -1.629645    0.000318      0.884428   10163.000000      1.673794
 4    -1.784492    0.000192      0.908944   15008.000000      2.702522
 5    -1.875945    0.000282      0.923422   22512.000000      4.307438
 6    -2.096736    0.000277      0.958378   32816.000000      7.228420
 7    -2.126952    0.000043      0.963162   48136.000000     12.113066
 8    -2.142414    0.000078      0.965610   68058.000000     19.681099
 9    -2.146077    0.000028      0.966190   98330.000000     32.416212
10    -2.147555    0.000005      0.966424   150611.000000     58.137683
1.568552    0.552247    
1.223492    1.596608    0.602278    0.275600    
1.168080    1.568036    1.987670    0.634337    0.396372    0.190656    
1.101049    1.637657    2.103865    2.079845    0.630718    0.417342    0.292325    0.180339    
0.939779    1.648948    2.122912    2.172340    5.710979    0.602353    0.418082    0.296812    0.264123    0.142135    
0.953971    1.586431    2.750652    2.242595    6.200568    1.907151    0.581410    0.364822    0.169058    0.236764    0.232696    0.201730    
0.740668    1.430398    2.437644    2.550269    6.163670    1.854039    1.807931    0.519515    0.409341    0.123015    0.180463    0.185823    0.242203    0.112869    
1.104167    1.732336    2.114222    2.002457    5.856826    2.013022    5.779864    1.950419    0.614184    0.413998    0.337382    0.287272    0.179194    0.174874    0.143690    0.113986    
1.062982    1.643372    2.000399    1.941555    5.578747    2.014563    5.477513    1.735142    5.217209    0.599463    0.421315    0.334262    0.282685    0.196035    0.171510    0.130748    0.117104    0.050993    
0.949697    1.542295    1.854092    1.932696    5.451358    2.022473    2.644570    2.331998    2.087417    5.786674    0.589584    0.437777    0.317237    0.259181    0.196533    0.139699    0.058412    0.131956    0.103963    0.045352    
