 6    -1.960350    2.301139    0.008218
-1.749765  0.342680  1.153036  -0.252436  0.981321  0.514219  0.221180  -1.070043  -0.189496  0.255001  -0.458027  0.435163  -0.583595  0.816847  0.672721  
-0.300000  1.000000  1.000000  1.000000  1.000000  1.000000  
 1    -0.401198    0.112956      0.634130   2895.000000      0.378722
 2    -0.741123    0.020144      0.713897   5868.000000      0.879586
 3    -0.928652    0.048122      0.757902   9568.000000      1.548196
 4    -1.114656    0.089248      0.801550   14123.000000      2.481224
 5    -1.197856    0.102582      0.821073   18897.000000      3.623255
 6    -1.324144    0.019135      0.850708   26949.000000      5.670838
 7    -1.447160    0.097917      0.879575   32937.000000      7.673286
 8    -1.511524    0.386399      0.894679   45627.000000     12.159635
 9    -1.588424    0.609289      0.912724   53655.000000     15.695545
10    -1.712171    0.233328      0.941763   67376.000000     23.145093
3.952658    0.866783    
3.987032    3.922891    0.826789    1.167071    
3.980761    5.482779    0.984478    0.759578    1.161706    0.270782    
4.023511    5.598712    0.787146    2.797016    0.745293    1.033731    0.249628    0.251782    
3.774941    4.023643    4.918538    2.032792    1.539218    0.987014    1.009861    0.401928    1.287990    0.179773    
3.796565    4.065090    4.915588    2.106599    4.304453    3.989029    0.956536    0.869002    0.452297    1.258852    1.472848    0.231957    
4.233940    5.477832    0.230911    3.397480    1.984809    1.105886    1.648284    0.765011    0.528531    0.582607    0.478768    1.242443    0.319059    0.096752    
3.719489    4.186101    5.430398    4.738511    5.846179    1.898597    4.574244    4.757266    0.963035    1.184112    0.229775    0.159580    0.516214    0.140504    0.062258    0.084144    
4.293599    3.604780    4.219683    3.369088    4.270277    3.560380    1.262239    3.326772    5.838203    0.434002    0.790093    0.224616    0.658585    1.201069    0.452784    1.345336    0.470403    0.221385    
3.822942    3.855087    2.421109    1.127089    1.939500    4.772043    6.283185    3.832291    3.869176    3.043538    1.001532    1.329449    1.309499    0.681905    1.136070    1.260167    0.044778    1.505801    0.106914    1.465685    
