 6    -3.406182    2.290692    1.978079
-0.934865  0.816632  0.671318  0.859880  0.640418  0.266168  -0.867070  -0.429947  0.784486  0.648298  -1.177462  -0.270474  0.982758  0.978122  -0.218039  
-0.300000  1.000000  1.000000  1.000000  1.000000  1.000000  
 1    -0.535178    0.016718      0.496039   2877.000000      0.480112
 2    -0.974725    0.116694      0.573195   6053.000000      1.101208
 3    -1.427076    0.296854      0.652598   9408.000000      1.882426
 4    -1.679052    0.407958      0.696829   13708.000000      2.309933
 5    -1.766023    0.427691      0.712095   19033.000000      3.468140
 6    -1.914348    0.512831      0.738131   24879.000000      4.984081
 7    -2.049368    0.571252      0.761832   33485.000000      7.390923
 8    -2.468968    0.724195      0.835486   43692.000000     11.093239
 9    -2.547494    0.717776      0.849270   54242.000000     15.426787
10    -2.827621    0.820427      0.898442   68013.000000     21.226084
3.136569    0.419025    
3.264283    6.283185    0.439785    0.342264    
3.312220    6.283185    4.384570    0.371708    0.453199    0.333615    
3.162683    4.975109    1.561962    4.181000    0.351084    0.188216    0.390941    0.373803    
3.189329    4.651430    6.278359    6.282293    3.731602    0.444329    0.198706    0.189501    0.479874    0.427194    
3.133774    4.990870    1.565007    4.157533    3.958309    4.263883    0.347159    0.238754    0.377233    0.417344    0.108812    0.154698    
3.528327    6.141451    4.461964    6.283185    3.431605    6.283185    1.487621    0.366211    0.732191    0.444953    0.170253    0.121582    0.225869    1.332038    
3.135244    6.246336    2.747591    3.365768    1.182694    3.831378    5.420038    4.474468    0.413629    0.221788    0.288355    0.465112    1.236138    0.059218    0.187466    1.331086    
2.791758    5.018355    1.332354    4.060630    4.764030    3.670077    3.842364    2.728207    4.029567    0.484350    0.582467    0.510266    0.411777    0.324310    0.533165    1.570796    0.222208    1.167195    
2.776040    4.998696    1.299243    4.091810    4.791614    3.765872    4.139358    2.418851    3.904387    1.679886    0.450107    0.609880    0.462027    0.386700    0.277126    0.525022    0.152118    0.176473    1.144350    1.476788    
