 6    -1.658567    2.179200    0.097930
-0.659308  -0.719588  -0.144427  -0.408353  0.227388  0.597708  -0.412917  -0.404949  0.066307  0.000811  -0.183957  1.244675  0.437136  -1.128792  -0.263570  
0.281082  0.013597  0.325522  -0.211783  0.055423  -0.612118  
 1    -1.011663    0.247334      0.831437   3165.000000      0.399711
 2    -1.423272    0.421584      0.938690   6699.000000      0.973619
 3    -1.508264    0.500041      0.960836   12799.000000      2.020029
 4    -1.558126    0.570526      0.973828   18313.000000      3.137866
 5    -1.596191    0.632563      0.983747   27089.000000      5.167665
 6    -1.619907    0.678293      0.989927   42366.000000      9.541940
 7    -1.627105    0.692210      0.991802   64810.000000     17.787519
 8    -1.628833    0.701155      0.992252   114732.000000     35.756450
 9    -1.629619    0.711512      0.992457   151205.000000     51.130508
10    -1.636749    0.813958      0.994315   188976.000000     68.173746
5.321308    0.527335    
4.916298    5.433080    0.605787    0.302604    
3.697427    4.962390    5.782267    0.596051    0.427156    0.193650    
3.557384    4.881941    5.721208    6.283185    0.616584    0.460589    0.297735    0.126883    
3.258262    4.753848    5.479759    6.283185    6.283185    0.602802    0.467550    0.330402    0.205651    0.103136    
3.043860    4.643081    5.353392    6.158466    6.283185    6.283185    0.608075    0.466917    0.345268    0.223266    0.161328    0.081116    
2.265871    4.249934    4.897685    5.738477    6.283185    6.283185    6.283185    0.620757    0.485555    0.396959    0.276059    0.191826    0.132490    0.057483    
1.950834    3.850244    4.650837    5.419115    6.110111    6.283185    6.254300    6.283185    0.630040    0.497404    0.428500    0.323028    0.224156    0.157129    0.096681    0.035697    
1.891538    3.733313    4.541680    5.304718    5.942705    6.283185    6.277341    6.283185    6.283185    0.636313    0.508793    0.445757    0.353526    0.255033    0.177242    0.116154    0.063970    0.022957    
3.002702    4.508182    5.444396    6.283185    6.283185    6.101300    6.283185    6.283185    6.283185    6.283185    0.567216    0.456659    0.350745    0.281053    0.243336    0.149549    0.053612    0.052637    0.110039    0.088414    
