 6    -3.200350    3.827475    0.553109
-0.000432  -1.841434  -0.203556  -0.624784  -1.219408  -1.390574  -1.150531  0.491366  0.054424  0.097679  0.567014  -0.634688  -0.084317  2.237933  1.307675  
-0.300000  1.000000  1.000000  1.000000  1.000000  1.000000  
 1    -0.416182    0.009829      0.603836   2628.000000      0.351461
 2    -0.796857    0.026726      0.658003   6218.000000      0.914164
 3    -1.221684    0.093648      0.718453   9884.000000      1.555924
 4    -1.447551    0.124942      0.750592   14772.000000      2.544293
 5    -1.737824    0.043358      0.791895   18889.000000      3.498557
 6    -2.008515    0.054871      0.830412   24795.000000      4.977683
 7    -2.051729    0.036270      0.836561   31426.000000      7.013716
 8    -2.207489    0.343186      0.858724   40482.000000     10.169414
 9    -2.586084    0.719387      0.912595   54373.000000     15.222006
10    -2.504490    0.474996      0.900985   69156.000000     23.182534
5.994482    0.732183    
1.377904    5.303743    0.854688    1.146841    
6.283185    2.966266    2.248799    1.300544    0.581573    1.095735    
5.758334    3.487844    4.355557    3.109133    0.227436    0.808404    1.015383    0.548046    
6.126543    3.005875    2.259913    1.637283    4.561171    0.920333    0.691974    0.879863    0.409568    0.415777    
6.149801    3.014514    2.262772    1.601764    4.713363    0.461407    0.876234    0.682729    0.897128    0.394661    0.493912    1.333413    
6.150852    3.019986    2.256235    1.607902    4.743342    0.499761    0.730603    0.885878    0.661935    0.897239    0.381826    0.440284    1.335479    0.098277    
6.175665    3.005023    2.299904    1.726203    4.567307    4.120580    6.283185    1.795613    0.910092    0.508841    1.034807    0.283574    0.321501    1.478281    1.288911    0.369204    
5.628255    3.065677    2.329590    1.814783    1.135925    1.588261    3.057169    4.385515    0.243560    0.901772    0.654285    0.698733    0.626609    0.938375    0.443990    0.346056    0.280698    0.211872    
6.200570    3.082248    2.332962    1.628431    4.635025    4.098471    6.283185    1.974426    1.319768    5.151481    0.952257    0.455703    1.005592    0.425804    0.296823    1.327950    1.237504    0.277973    0.137573    1.362879    
