 6    -2.315298    2.808945    0.600040
0.045279  -0.499267  -1.271602  -0.517983  0.510143  -0.288202  -0.237575  -0.498752  -0.734063  1.241094  0.074512  0.214214  0.209978  -1.570645  -0.863728  
-0.300000  1.000000  1.000000  1.000000  1.000000  1.000000  
 1    -0.474444    0.116869      0.640756   2880.000000      0.373853
 2    -1.088177    0.013561      0.760526   5361.000000      0.790305
 3    -0.968615    0.123799      0.737194   8933.000000      1.411005
 4    -1.092654    0.314935      0.761400   13001.000000      2.224710
 5    -1.125321    0.318350      0.767775   19089.000000      3.549873
 6    -1.344449    0.390651      0.810538   24721.000000      5.100204
 7    -1.514628    0.491329      0.843749   32752.000000      7.572469
 8    -1.761370    0.571035      0.891901   41023.000000     10.407073
 9    -1.729980    0.662267      0.885775   54580.000000     15.719560
10    -1.809521    0.734575      0.901297   66629.000000     21.966138
4.015566    0.722515    
0.477824    1.095177    0.748089    1.124617    
1.672563    1.409737    3.896053    0.984469    0.630772    1.208828    
4.061977    1.814037    5.255247    3.334323    0.527552    0.548478    1.223607    0.367377    
3.825896    3.212861    0.794263    4.124775    4.605071    0.692265    0.297069    0.383573    0.108217    1.328731    
4.098132    3.304609    1.693205    5.831490    4.358458    4.342860    0.597069    0.332461    1.156605    1.491517    0.551576    0.146046    
4.111961    3.141168    1.714028    0.676340    5.209224    4.194524    2.457486    0.536241    0.149991    1.101800    0.084583    1.544234    0.497534    0.364650    
0.495183    1.097622    2.244327    5.246402    4.452195    3.945324    4.426193    4.322728    0.785663    1.044672    0.074840    1.378115    1.274790    0.231800    0.123044    0.137217    
4.068305    3.206956    1.649167    5.580960    4.523204    2.526822    3.739221    5.990095    1.235530    0.562251    0.149352    1.164617    1.507642    0.436925    0.415203    0.134246    1.421433    1.399492    
4.181799    3.325192    1.649287    3.871301    5.236919    1.044347    4.108219    4.168793    2.906543    4.063847    0.649578    0.396756    1.193353    1.423714    0.189316    0.466948    0.193774    1.444754    0.133184    0.229729    
