 6    -4.227522    3.329874    1.433403
0.425188  -0.032820  0.989448  -1.579437  0.454097  0.217572  -1.497999  1.743353  -0.600091  -0.362574  1.672800  -0.356083  0.579311  -1.287199  -0.941917  
-0.300000  1.000000  1.000000  1.000000  1.000000  1.000000  
 1    -0.747549    0.070961      0.539528   2901.000000      0.379409
 2    -0.923316    0.061282      0.562785   5848.000000      0.850311
 3    -1.381679    0.272649      0.623436   9463.000000      1.481703
 4    -1.744904    0.341602      0.671498   13792.000000      2.303794
 5    -2.274986    0.463723      0.741639   18514.000000      3.380321
 6    -2.588707    0.577150      0.783151   25343.000000      5.209763
 7    -2.612839    0.455415      0.786344   34137.000000      7.756243
 8    -3.021525    0.681510      0.840422   39837.000000      9.822027
 9    -2.895473    0.660695      0.823742   51589.000000     14.393412
10    -2.974132    0.641362      0.834151   64814.000000     20.014562
4.236086    0.805142    
5.377766    6.155610    0.828658    0.449297    
4.224386    4.862076    1.337421    0.971027    0.447300    0.348908    
0.755420    2.925449    6.283162    5.003176    0.476769    1.212031    0.381095    1.142701    
4.333587    2.211518    4.150045    5.602327    3.852960    0.963422    0.331022    0.470871    1.257630    1.260003    
4.399018    2.214266    4.153180    5.575311    3.900053    4.212317    0.982614    0.340735    0.462228    1.235941    1.315752    0.188280    
3.838870    3.326272    3.211841    2.987445    4.444465    3.126133    3.925946    0.887224    0.261544    0.178263    0.308173    1.139004    1.342314    1.410855    
4.246845    4.307006    3.763419    0.508753    5.593561    5.410490    2.230934    5.926569    0.867152    0.281590    1.061376    0.931275    1.312185    1.371009    1.298563    1.275380    
4.367034    2.244661    4.193230    5.610850    6.269148    2.239588    0.800277    5.348222    5.642673    1.008227    0.372057    0.304382    1.016405    0.348901    0.279502    0.232980    0.151768    0.155741    
3.969626    2.520674    4.255973    3.252734    3.915087    4.906922    1.267267    6.039390    5.525587    5.795697    0.889760    0.416864    0.112777    0.242324    1.154265    1.315734    0.041502    1.320497    1.231527    1.476374    
