 6    -2.304822    2.650056    0.905734
-0.913186  0.596383  0.783402  -0.561723  -0.291456  1.049971  0.974512  -0.630528  -0.053466  1.690651  -0.015440  0.065761  -0.867256  -0.327027  -0.371583  
-0.337195  -0.257024  0.287652  -0.266459  -0.281697  -0.253178  
 1    -1.447830    0.542643      0.827041   3192.000000      0.468838
 2    -2.111307    0.911656      0.960945   7235.000000      1.146668
 3    -2.274438    0.983132      0.993868   12575.000000      2.038501
 4    -2.297863    0.995108      0.998596   20807.000000      3.802448
 5    -2.302902    0.998481      0.999613   36461.000000      7.665251
 6    -2.304536    0.999839      0.999942   47761.000000     10.888924
 7    -2.304632    0.999892      0.999962   79448.000000     21.395298
 8    -2.304632    0.999893      0.999962   68752.000000     17.825257
 9    -2.304632    0.999892      0.999962   78143.000000     21.478853
10    -2.304632    0.999892      0.999962   80842.000000     22.135591
4.932033    0.529436    
4.425528    5.252017    0.768878    0.404918    
2.810990    3.647448    4.485071    0.614277    0.535481    0.284530    
2.197114    3.158229    2.892050    3.643144    0.581592    0.465380    0.323333    0.191990    
1.501017    2.951652    2.806001    2.996616    3.781575    0.617571    0.470889    0.385407    0.292141    0.136866    
1.504454    2.878339    2.871720    2.974576    3.694511    5.120012    0.613350    0.475975    0.394333    0.303701    0.196042    0.051710    
1.493747    2.854553    2.845842    2.965837    3.784539    6.262546    4.567803    0.611573    0.471258    0.392451    0.299012    0.175849    0.007979    1.545835    
1.492444    2.860130    2.847501    2.963103    3.785117    5.943322    4.914230    6.255804    0.612402    0.472141    0.392154    0.299564    0.177058    0.009510    1.547031    0.000015    
1.492929    2.853607    2.846454    2.964767    3.773378    5.829252    5.063331    4.878902    2.649184    0.611637    0.471282    0.392641    0.299028    0.176416    0.008593    1.546749    1.570787    0.000006    
1.493155    2.850774    2.847460    2.968023    3.781180    5.835431    5.074457    3.372912    1.288127    2.913296    0.611277    0.471254    0.392893    0.299565    0.176546    0.008474    1.546586    0.000014    0.000006    1.570769    
