 6    -2.930652    4.309523    0.244582
-0.643717  -1.251820  -0.563915  0.331439  1.203907  0.410914  1.678242  -1.025964  -0.021762  0.530480  0.576005  -1.554301  0.135096  -0.623157  1.427615  
-0.057673  0.379511  -0.177082  -0.260846  0.228411  -0.312221  
 1    -1.704332    0.394428      0.830623   3174.000000      0.398969
 2    -2.740578    0.677132      0.973747   7157.000000      1.023126
 3    -2.853988    0.748994      0.989411   12898.000000      2.006106
 4    -2.872052    0.787852      0.991906   22555.000000      3.971198
 5    -2.887222    0.853542      0.994001   34936.000000      7.021756
 6    -2.905206    0.944685      0.996485   53975.000000     12.321949
 7    -2.923548    0.993117      0.999019   77298.000000     20.262724
 8    -2.929706    0.999301      0.999869   136220.000000     43.151043
 9    -2.930394    0.999871      0.999964   241975.000000     91.137431
10    -2.930456    0.999917      0.999973   293445.000000    113.838790
5.922169    0.548416    
5.505020    6.274834    0.710059    0.375882    
3.436671    4.875401    5.745756    0.610764    0.499273    0.240381    
2.676839    4.503948    4.903482    5.676856    0.613488    0.506296    0.362140    0.135140    
2.815658    4.400728    4.723495    5.163221    6.283185    0.613534    0.502659    0.376026    0.224453    0.091620    
2.946022    4.493122    4.915575    5.560373    6.283185    6.283185    0.600346    0.496980    0.371955    0.237407    0.173866    0.082534    
2.676905    4.336184    4.764861    5.430187    6.283185    5.913200    6.283185    0.589024    0.494982    0.365858    0.238520    0.199292    0.181161    0.094274    
2.024306    3.998045    4.325955    4.965969    5.954051    6.283185    6.077909    6.283185    0.606649    0.487935    0.406171    0.279569    0.193955    0.191607    0.155169    0.066739    
1.684592    3.418182    3.893701    4.322208    5.250640    6.266129    6.144267    5.981337    6.049295    0.605911    0.467134    0.413833    0.323903    0.227449    0.181407    0.170655    0.118774    0.044129    
1.755484    3.540853    4.004456    4.373564    5.160814    6.073092    5.879140    5.142816    5.008984    5.577900    0.617762    0.477918    0.418914    0.319776    0.224374    0.177276    0.156439    0.106599    0.066358    0.016996    
