 6    -2.304822    2.650056    0.905734
-0.913186  0.596383  0.783402  -0.561723  -0.291456  1.049971  0.974512  -0.630528  -0.053466  1.690651  -0.015440  0.065761  -0.867256  -0.327027  -0.371583  
-0.300000  1.000000  1.000000  1.000000  1.000000  1.000000  
 1    -0.497655    0.082027      0.635275   2640.000000      0.344012
 2    -0.653305    0.171197      0.666689   5553.000000      0.820101
 3    -1.086674    0.276845      0.754152   9166.000000      1.458349
 4    -1.125506    0.403718      0.761989   14161.000000      2.400455
 5    -1.321810    0.446622      0.801607   18497.000000      3.371715
 6    -1.467543    0.505359      0.831019   25336.000000      5.072207
 7    -1.544072    0.561769      0.846464   33286.000000      7.278054
 8    -1.693356    0.651607      0.876593   39384.000000      9.531942
 9    -1.797593    0.681361      0.897630   57482.000000     16.343066
10    -1.827170    0.758236      0.903600   74492.000000     24.068570
3.917611    0.757490    
3.964062    1.607144    0.672096    0.262744    
3.932932    5.217948    5.838940    0.803746    1.320846    1.097877    
3.997987    1.469919    3.892364    2.955286    0.710143    0.429323    1.181345    0.369260    
3.987829    1.413615    1.642608    2.314467    2.919930    0.691332    0.444518    1.377403    1.190029    0.376815    
3.947205    5.215336    2.828136    3.065153    0.792768    6.283185    0.729390    1.192841    0.112835    1.162498    0.200873    0.274370    
3.988493    5.196816    0.762549    5.154898    0.732265    6.266735    5.942641    0.722498    1.295786    1.570796    1.126337    0.200458    0.228617    0.178104    
4.041619    1.419114    3.651653    2.835634    4.025624    3.398033    4.013413    0.904019    0.715186    0.348064    0.913439    0.385913    1.279661    1.446999    0.346151    0.321420    
4.002425    5.163876    6.113131    0.611308    5.150663    1.340995    3.778983    4.681361    0.478853    0.750725    1.217277    1.032722    0.372702    0.046684    0.271754    0.238641    0.124453    1.303000    
4.051134    1.281015    4.242720    3.017336    4.098859    5.806031    3.834181    3.769284    4.478561    0.963579    0.619177    0.210906    1.266281    0.111617    1.397061    0.154728    0.426317    0.184475    0.216839    1.412382    
