 6    -2.872487    2.716185    0.409291
1.319751  -0.169291  -0.060430  0.880154  0.440474  0.282055  -1.219574  -0.679306  -0.367388  -0.797539  0.622276  -0.818255  -0.316651  -2.039845  0.708758  
-0.300000  1.000000  1.000000  1.000000  1.000000  1.000000  
 1    -1.219464    0.408919      0.704219   2955.000000      0.379166
 2    -2.280117    0.722404      0.894005   5883.000000      0.854317
 3    -2.394496    0.784617      0.914472   9569.000000      1.486841
 4    -2.604069    0.873223      0.951971   12634.000000      2.123446
 5    -2.693641    0.914960      0.967999   17691.000000      3.198825
 6    -2.698356    0.933862      0.968842   24956.000000      5.120545
 7    -2.754954    0.946955      0.978969   30035.000000      6.581989
 8    -2.781677    0.965188      0.983751   40765.000000     10.388654
 9    -2.799912    0.970848      0.987014   56720.000000     16.434667
10    -2.805765    0.967623      0.988061   67600.000000     22.577448
0.400495    0.576996    
0.385680    0.459431    0.727447    0.395289    
0.392625    0.476394    4.209801    0.726702    0.424133    0.114965    
0.354071    0.437526    2.967604    1.091496    0.690904    0.432995    1.414000    0.182979    
0.351644    0.447759    3.081446    1.077028    2.140111    0.710509    0.410452    1.420800    0.193490    1.454753    
0.388439    0.479644    4.400308    5.972326    6.276347    0.563199    0.719752    0.394179    0.065283    1.502569    1.354650    1.411300    
0.363974    0.428466    2.056280    0.539054    4.039173    4.618405    4.660003    0.692913    0.415337    1.421786    1.370456    1.406848    0.135647    1.525321    
0.366737    0.424831    4.322351    0.536554    6.232918    0.578805    1.935398    4.444525    0.704747    0.394723    0.149064    0.166263    0.102499    0.106482    1.509925    0.069853    
0.348704    0.428282    3.132016    1.207159    0.573096    4.555276    0.519853    2.584201    0.393943    0.703541    0.378171    1.519699    0.138723    0.143143    1.437305    1.443683    1.499292    1.520002    
0.372828    0.433498    4.531830    5.637108    6.135841    2.688251    3.611790    1.052492    5.715362    0.564532    0.716535    0.440449    0.056476    1.520415    1.570796    0.024302    0.124912    1.491031    0.136862    0.124181    
