 6    -1.726251    2.279925    0.340597
-0.804458  0.320932  -0.025483  0.644324  -0.300797  0.389475  -0.107437  -0.479983  0.595036  -0.464668  0.667281  -0.806116  -1.196070  -0.405960  -0.182377  
-0.300000  1.000000  1.000000  1.000000  1.000000  1.000000  
 1    -0.486048    0.040392      0.690427   2925.000000      0.376225
 2    -0.641286    0.005337      0.729177   5724.000000      0.841392
 3    -0.662510    0.062694      0.734475   9657.000000      1.508957
 4    -0.860557    0.380712      0.783910   12813.000000      2.182693
 5    -1.034865    0.453147      0.827420   17890.000000      3.259540
 6    -1.063406    0.460470      0.834544   24090.000000      4.871996
 7    -1.186221    0.547436      0.865201   30744.000000      6.903684
 8    -1.258071    0.599940      0.883135   41135.000000     10.572929
 9    -1.303217    0.651828      0.894404   48711.000000     13.738649
10    -1.394851    0.764763      0.917278   64914.000000     21.212842
1.005626    0.889052    
0.412544    0.981653    0.732287    1.212845    
0.973019    2.932603    0.610729    0.783497    1.132283    1.329131    
0.811070    2.479211    4.634942    5.469737    1.089359    0.124027    0.198613    0.918548    
1.090802    5.579554    2.175156    3.890918    2.367383    1.230090    0.372066    1.156582    0.270908    0.196624    
1.038050    2.815330    6.064220    1.644789    3.456343    3.720959    0.997715    1.402778    0.292707    1.245825    1.337965    1.329394    
0.976997    5.211816    3.929728    2.861247    5.976876    3.088217    0.372728    0.877979    0.146901    1.390815    0.485018    1.418086    0.211615    1.249606    
1.100414    1.635789    5.730808    2.038996    4.164631    1.394952    5.682648    1.468346    1.286304    0.281679    1.191072    0.301908    0.672634    0.729408    1.245772    0.126939    
0.984602    2.423312    6.283185    2.016383    1.557772    3.028205    5.163135    2.946958    5.478918    0.976567    1.422138    0.415618    1.272563    0.314264    1.192078    0.201818    1.354888    1.420940    
1.062923    2.664941    6.269662    1.183512    3.746918    2.673909    0.949558    5.519683    6.096217    0.897080    1.108470    1.570796    0.404404    1.396142    1.112403    0.140542    1.223762    1.289786    1.417680    1.338229    
