 6    -2.345614    2.716035    0.444503
0.127319  -0.882520  0.047507  0.623834  -1.852717  -1.683985  -0.291250  -0.089777  -0.375991  -0.228138  -0.523171  0.493229  0.219159  -0.422662  0.446305  
-0.371807  -0.139578  -0.165681  -0.537474  0.156944  -0.309589  
 1    -1.208988    0.430134      0.775443   2946.000000      0.376084
 2    -1.989893    0.815168      0.929722   7083.000000      1.106214
 3    -2.215161    0.922986      0.974227   12204.000000      1.924922
 4    -2.304695    0.976536      0.991916   19325.000000      3.310467
 5    -2.333020    0.993199      0.997512   30113.000000      6.059075
 6    -2.342531    0.998197      0.999391   49897.000000     11.534131
 7    -2.344850    0.999618      0.999849   74978.000000     20.127564
 8    -2.345465    0.999924      0.999970   145563.000000     47.141284
 9    -2.345474    0.999935      0.999972   160987.000000     54.192659
10    -2.345474    0.999935      0.999972   183312.000000     64.348158
5.095643    0.606219    
3.785211    4.519587    0.615752    0.369925    
3.060881    3.761280    4.368528    0.590332    0.441766    0.224362    
2.540596    3.618333    3.689706    4.524599    0.608279    0.471768    0.319896    0.162034    
1.776964    3.217624    3.404978    3.805254    4.352268    0.605443    0.473787    0.397075    0.253838    0.111721    
1.573861    2.986542    3.087644    3.242908    3.744507    4.419292    0.634304    0.460730    0.389912    0.302984    0.188033    0.075034    
1.562733    2.901328    3.105082    3.298621    3.740025    4.357777    5.179977    0.621633    0.470246    0.403963    0.317713    0.223884    0.113975    0.035546    
1.219087    2.369411    2.846026    3.092270    3.411713    3.965813    4.492268    5.054610    0.597270    0.462622    0.414612    0.358001    0.280106    0.188971    0.089433    0.029810    
1.211092    2.347024    2.829325    3.072178    3.380291    3.959324    4.395555    5.082091    5.831781    0.595976    0.459229    0.411691    0.355247    0.274813    0.179854    0.076893    0.019076    1.563961    
1.216340    2.359888    2.837791    3.081344    3.396205    3.968792    4.427430    5.071452    5.056722    0.583019    0.596463    0.460318    0.412285    0.355670    0.275034    0.180610    0.077932    0.020664    1.570796    1.565091    
