 6    -4.326486    3.827013    1.407554
-0.097940  0.250080  -0.162508  -1.448517  0.785906  0.469623  -1.460382  -0.626218  -1.518771  0.467329  -2.420600  -0.078978  1.112255  -0.476275  1.653748  
-0.295074  0.391105  -0.386381  0.446923  -0.376933  0.447032  
 1    -2.312788    0.514139      0.753027   3834.000000      0.475163
 2    -3.944915    0.882763      0.953202   6827.000000      0.961390
 3    -4.244970    0.970915      0.990002   11250.000000      1.725449
 4    -4.266719    0.979719      0.992670   17646.000000      3.006244
 5    -4.281803    0.987650      0.994520   27108.000000      5.130100
 6    -4.242518    0.981082      0.989702   37721.000000      8.221050
 7    -4.243241    0.981632      0.989790   57253.000000     14.829680
 8    -4.247619    0.981717      0.990327   90636.000000     28.217860
 9    -4.257501    0.985110      0.991539   109267.000000     37.376391
10    -4.308427    0.995645      0.997785   176280.000000     68.790641
2.323696    0.554631    
2.149107    2.550985    0.748769    0.402341    
1.470551    1.866524    2.197633    0.631559    0.507677    0.258206    
1.373795    1.823333    2.106063    5.172387    0.620271    0.511073    0.303410    1.514102    
1.306019    1.734343    2.069488    5.261873    5.864127    0.598546    0.502872    0.320720    1.467187    0.050362    
1.809643    1.947042    4.856017    2.930617    5.376422    5.151829    0.646755    0.438929    1.245603    1.309807    0.118688    1.522781    
1.810382    1.955712    4.869345    2.970803    5.537112    5.700594    4.579458    0.647130    0.438578    1.240873    1.294303    0.129451    1.539809    1.549011    
1.792872    1.944624    4.906022    3.002958    5.772510    6.283185    4.961309    3.001603    0.640908    0.447088    1.239644    1.315054    0.103034    1.558007    1.480053    1.488277    
1.780318    1.967553    4.878916    2.894695    5.529460    5.512069    6.277844    3.507620    3.209950    0.643629    0.453251    1.232145    1.283118    0.146703    1.551460    1.495686    1.425381    1.474648    
1.169456    1.750100    1.902441    5.092413    6.283185    5.755184    6.273011    4.829892    3.109584    3.289638    0.593121    0.512472    0.337226    1.443974    0.082597    1.491793    0.000000    0.075945    0.109840    0.077592    
