 6    -3.727309    4.320653    0.143524
-1.416842  1.141139  -0.062071  0.221127  -1.024472  -0.338375  2.052339  -0.303012  -1.444028  -2.597116  -2.753540  -1.642764  0.524421  -0.364225  -0.637291  
-0.300000  1.000000  1.000000  1.000000  1.000000  1.000000  
 1    -1.622894    0.028351      0.738516   3009.000000      0.383999
 2    -2.709875    0.002402      0.873579   5370.000000      0.778854
 3    -2.084978    0.185037      0.795932   9167.000000      1.434766
 4    -2.348980    0.042576      0.828736   12416.000000      2.096721
 5    -3.093704    0.030371      0.921271   17784.000000      3.289464
 6    -2.765427    0.092666      0.880481   22457.000000      4.586542
 7    -2.844700    0.076330      0.890331   30240.000000      6.948768
 8    -3.303518    0.002759      0.947342   41194.000000     10.954921
 9    -3.240311    0.036085      0.939488   50214.000000     14.670318
10    -3.414607    0.005046      0.961145   63663.000000     21.198954
0.959234    0.804554    
0.366619    0.424116    0.713905    0.370879    
0.965872    3.341822    5.573889    0.852205    0.227598    0.202466    
0.994681    0.664564    3.830157    1.506344    0.787073    1.399919    0.222201    0.194788    
0.384862    0.414253    4.811890    2.789472    0.559198    0.680294    0.385410    1.458705    1.362789    1.313697    
0.981369    6.071665    0.648050    4.538889    5.670966    2.172211    0.949625    0.430603    0.411367    1.284109    1.392370    1.440001    
0.912212    0.719290    3.741402    1.325297    2.809788    3.887290    4.740001    0.753250    1.348364    0.280940    0.187529    0.061390    1.327401    0.263541    
0.209479    0.362318    0.971758    2.204480    3.672356    2.669046    6.033186    2.041235    0.558490    0.551624    1.263382    0.116612    0.142433    0.105975    1.471062    0.092834    
0.435442    1.013137    2.009520    3.768072    4.005263    5.815405    4.243818    2.757190    0.871516    0.736735    1.154033    0.169293    0.035439    0.157819    0.077258    0.072943    0.118970    0.096357    
0.250293    0.319793    0.890421    2.104457    0.540484    5.869100    2.113018    0.576481    3.407077    2.324305    0.565162    0.472995    1.290866    0.175813    0.067783    0.089515    1.366880    1.447004    1.527751    0.057589    
