 6    -3.021665    3.123893    0.128284
-0.994205  -0.671251  -0.887883  0.195603  1.382997  0.888781  -0.060407  -0.573972  0.071070  -1.079800  1.842317  -1.375264  1.536962  1.111330  0.582643  
0.162462  0.190102  -0.205159  -0.631245  0.207087  -0.188944  
 1    -1.949327    0.388140      0.825510   3318.000000      0.417237
 2    -2.622057    0.763498      0.934976   7206.000000      1.032262
 3    -2.864206    0.829065      0.974378   12165.000000      1.897233
 4    -2.980368    0.954958      0.993280   19758.000000      3.386862
 5    -3.006891    0.982669      0.997596   33595.000000      6.677907
 6    -3.016846    0.993471      0.999216   52134.000000     12.128191
 7    -3.019931    0.998375      0.999718   80329.000000     21.752202
 8    -3.021322    0.999757      0.999944   147060.000000     48.318344
 9    -3.021613    0.999974      0.999992   229841.000000     84.966499
10    -3.021643    0.999984      0.999996   278355.000000    106.540048
5.614836    0.660250    
3.443327    4.316710    0.552686    0.364764    
2.859352    3.845912    5.180984    0.588114    0.463267    0.232619    
2.387728    3.437503    3.522177    4.736909    0.586616    0.454388    0.308301    0.193750    
1.699775    3.074373    3.331941    3.738001    4.339093    0.582651    0.451239    0.382427    0.241354    0.125035    
1.517339    2.916335    3.108515    3.362260    3.867672    4.400742    0.620295    0.446647    0.383753    0.303301    0.177763    0.078965    
1.459982    2.846008    3.104155    3.404103    3.906420    4.264815    5.390916    0.600200    0.460055    0.396708    0.311588    0.219499    0.111518    0.041278    
1.258634    2.607580    3.033980    3.310046    3.638759    4.219726    4.557514    5.334585    0.615768    0.482057    0.416488    0.353807    0.271005    0.185294    0.089701    0.037030    
0.997008    2.186082    2.744373    3.083308    3.381193    3.794503    4.292531    4.607523    4.909865    0.604123    0.482687    0.426698    0.376682    0.319407    0.242022    0.161183    0.075232    0.031694    
0.906286    2.083706    2.673470    3.045277    3.315300    3.679704    4.156427    4.520688    4.803389    4.787368    0.619605    0.500389    0.439583    0.390683    0.338179    0.269754    0.191644    0.106323    0.048683    0.011793    
