 6    -2.543815    3.256181    0.238624
-1.945109  0.620710  -0.432221  0.462573  0.020115  -0.392806  2.213288  1.454509  -1.097804  0.429880  0.343355  0.253077  0.832716  0.277569  -0.227005  
0.469871  0.378721  0.599957  -0.109010  -0.111661  0.139898  
 1    -1.037005    0.232124      0.740205   2910.000000      0.366019
 2    -1.602317    0.408864      0.837673   6723.000000      0.970734
 3    -2.282136    0.784805      0.954883   11471.000000      1.771930
 4    -2.483976    0.947930      0.989683   17702.000000      2.977277
 5    -2.516106    0.971498      0.995223   28748.000000      5.550283
 6    -2.526540    0.981395      0.997022   42312.000000      9.491385
 7    -2.537968    0.993191      0.998992   66624.000000     17.436815
 8    -2.541301    0.997201      0.999566   105663.000000     32.987857
 9    -2.543211    0.999356      0.999896   152779.000000     53.692808
10    -2.543603    0.999889      0.999963   250316.000000    101.460269
2.687688    0.588790    
2.343497    3.109898    0.645176    0.308994    
2.953324    3.317077    4.096750    0.661775    0.342590    0.302050    
2.540296    3.209491    3.948853    3.448802    0.662489    0.347440    0.329640    0.170830    
2.069899    2.629471    3.395711    3.152090    3.259277    0.613876    0.374669    0.275897    0.238418    0.116928    
1.961961    2.473841    3.122884    3.151295    3.874696    3.947862    0.609230    0.410272    0.323604    0.245384    0.137427    0.080123    
1.513115    2.421125    2.882765    3.116505    3.112870    4.518553    3.671210    0.623116    0.450319    0.367204    0.318544    0.181835    0.106346    0.112835    
1.352405    2.268335    2.770588    3.047119    3.121865    3.706934    4.385815    3.549490    0.608609    0.474990    0.380724    0.328326    0.243229    0.127142    0.119400    0.062783    
1.072166    2.046900    2.440262    2.784357    2.934156    3.218355    3.851482    4.085653    3.626525    0.614372    0.476852    0.393036    0.331826    0.287321    0.203327    0.116791    0.106060    0.058842    
0.893201    1.831657    2.271150    2.653969    2.885447    3.097205    3.561040    3.853837    4.062212    3.637645    0.621519    0.477983    0.419773    0.350964    0.306272    0.237477    0.164234    0.114376    0.079644    0.037944    
