 6    -4.244123    2.517184    1.023813
1.387236  0.963562  -0.944981  1.624400  0.264741  0.367542  0.797701  -0.556226  -0.100179  0.323385  -1.814105  -0.930862  1.097972  0.485753  0.527625  
-0.300000  1.000000  1.000000  1.000000  1.000000  1.000000  
 1    -0.519299    0.107235      0.449097   3057.000000      0.391627
 2    -1.266248    0.068043      0.559571   5990.000000      0.870596
 3    -1.548050    0.099642      0.601250   9622.000000      1.496806
 4    -1.859570    0.411352      0.647324   13836.000000      2.354677
 5    -2.158553    0.456519      0.691543   19221.000000      3.519808
 6    -2.473551    0.523878      0.738132   24396.000000      4.904057
 7    -2.821671    0.619880      0.789619   33300.000000      7.381854
 8    -2.848734    0.617380      0.793621   44051.000000     11.201684
 9    -3.063826    0.524102      0.825434   53240.000000     14.899408
10    -3.154466    0.689176      0.838839   63787.000000     19.204463
3.149969    0.487200    
3.453988    4.509142    0.386510    0.712157    
3.459477    4.520368    5.732622    0.459148    0.798855    0.260137    
2.954973    5.240492    5.546168    5.715931    0.545970    0.561222    0.178580    1.176715    
3.505484    6.177760    5.479231    3.985294    3.607686    0.770558    0.130205    0.720905    0.269337    1.294792    
3.517481    6.220143    5.442600    3.953530    3.688101    3.582958    0.768103    0.090632    0.724882    0.298049    1.227510    1.364354    
2.346728    0.630181    2.014191    2.351221    2.415252    2.427173    2.027356    0.178336    0.771875    0.829398    1.486891    0.484856    0.255542    1.117628    
3.554453    4.396214    5.769048    6.183417    3.311544    1.760890    0.464874    4.410164    0.433884    0.901551    0.241936    0.201993    0.386246    1.309055    0.406653    1.346257    
3.299625    5.093152    2.297597    1.871344    0.705334    1.186159    5.920204    2.011416    5.504117    1.009690    0.518667    0.769838    0.993889    0.498881    1.303473    1.205269    1.435745    1.344374    
3.171895    5.106601    5.763279    5.808435    0.968163    6.218247    2.102165    5.882123    4.709709    4.658488    0.481872    0.894462    0.421319    0.825818    0.317015    1.522076    0.289732    0.241688    1.185303    0.225447    
