 6    -2.708082    3.577628    0.047905
1.388700  1.788755  0.578529  -1.270554  -1.258753  -0.139977  -0.346450  -1.133400  0.839501  -1.195614  -0.891264  0.056036  -0.382613  -1.776864  -0.436097  
-0.300000  1.000000  1.000000  1.000000  1.000000  1.000000  
 1    -1.545219    0.414982      0.814999   2940.000000      0.377314
 2    -2.356908    0.713961      0.944131   5826.000000      0.854249
 3    -2.508154    0.816264      0.968193   8938.000000      1.400238
 4    -2.492968    0.820392      0.965777   12828.000000      2.152132
 5    -2.556130    0.897926      0.975826   18265.000000      3.313706
 6    -2.608669    0.941220      0.984184   24511.000000      4.915284
 7    -2.632060    0.964006      0.987906   32323.000000      7.390730
 8    -2.662597    0.962732      0.992764   41037.000000     10.428796
 9    -2.654633    0.963631      0.991497   55421.000000     16.133523
10    -2.657329    0.889116      0.991926   67816.000000     23.308713
0.400049    0.533744    
0.385583    0.435625    0.707027    0.361702    
0.284285    0.361182    0.407169    0.652718    0.499481    0.231174    
0.374269    0.417271    4.316612    1.994705    0.701485    0.393815    0.139663    1.439658    
0.351995    0.410784    4.273248    0.527259    3.297332    0.682046    0.394185    0.185459    0.183155    0.048594    
0.360425    0.420432    3.051445    1.147116    2.119762    2.050302    0.688634    0.401105    1.468808    0.178319    1.423399    0.090429    
0.343969    0.385809    1.405698    2.502494    0.443491    0.485253    3.282612    0.669171    0.424081    0.109400    0.142656    0.220703    0.131274    0.028473    
0.353300    0.367498    1.385875    1.102453    0.570362    2.533164    5.509665    5.618658    0.658196    0.458054    0.216371    1.365847    1.447820    1.519725    0.065116    1.508604    
0.356775    0.362126    1.364443    1.059617    1.996877    3.717281    5.429768    4.654552    5.317819    0.658693    0.403746    0.220828    1.335605    0.087724    0.051648    1.545704    0.077974    0.070138    
0.369419    0.399288    2.987737    1.204165    2.203364    0.622189    2.030421    2.164625    2.082723    3.324545    0.696847    0.409629    1.510606    0.124399    1.412644    1.455351    1.570796    0.059834    1.482767    1.503427    
