 6    -1.886911    2.649642    0.004332
-0.579335  -0.256799  -1.403429  0.787643  -0.286088  0.092368  0.611031  -0.920969  -0.368623  0.503275  -0.321653  -0.481067  0.552648  -0.557544  0.445270  
-0.103498  0.061127  0.599996  -0.077837  0.099073  -0.109838  
 1    -0.488855    0.065831      0.691824   3099.000000      0.387707
 2    -1.388069    0.221010      0.890039   6678.000000      0.947394
 3    -1.746429    0.164562      0.969033   10989.000000      1.703688
 4    -1.760519    0.020737      0.972139   17873.000000      3.056988
 5    -1.829946    0.141402      0.987443   25398.000000      4.680700
 6    -1.868453    0.051912      0.995931   32268.000000      6.287616
 7    -1.879167    0.032603      0.998293   44763.000000     10.463530
 8    -1.881362    0.019966      0.998777   57091.000000     15.079829
 9    -1.881904    0.011407      0.998896   75425.000000     22.937435
10    -1.882432    0.126470      0.999013   104808.000000     36.729322
6.283185    0.668266    
6.283185    6.283185    0.164495    0.613978    
6.045411    6.283185    6.283185    0.269598    0.136495    0.471230    
4.995218    6.283185    6.283185    6.283185    0.325851    0.187029    0.324127    0.147997    
5.210107    6.283185    6.283185    6.283185    6.283185    0.702673    0.335960    0.191877    0.079863    0.409950    
5.330973    6.283185    6.283185    6.283185    6.283185    6.283185    0.528278    0.362344    0.290843    0.152241    0.051365    0.262409    
3.848431    6.283185    6.283185    6.283185    6.283185    6.283185    6.283185    0.513507    0.357093    0.305637    0.234510    0.146665    0.041683    0.179912    
3.577513    6.283185    6.283185    6.283185    6.283185    6.283185    6.283185    6.283185    0.572486    0.362437    0.294220    0.248621    0.204944    0.122166    0.016730    0.135980    
3.422228    6.069400    6.283185    5.949102    6.283185    6.283185    6.283185    6.283185    6.283185    0.568394    0.386184    0.299861    0.238105    0.220136    0.154114    0.102815    0.017883    0.103596    
3.112265    6.283185    5.959212    5.145794    5.371340    6.280430    6.283184    6.283185    4.792117    6.283185    0.573279    0.391875    0.261090    0.223360    0.186645    0.196324    0.000825    0.315555    1.339748    0.149520    
