 6    -4.900452    4.913610    1.159783
0.883490  -0.457785  -0.092110  -1.329808  3.064264  2.017759  0.917338  -1.485646  0.912503  -1.919773  -1.823598  -0.359470  -1.803942  0.538994  -0.087634  
-0.300000  1.000000  1.000000  1.000000  1.000000  1.000000  
 1    -0.877914    0.033235      0.590125   3183.000000      0.405943
 2    -1.361716    0.069691      0.639422   6367.000000      0.920070
 3    -1.975031    0.017384      0.701915   9706.000000      1.517804
 4    -2.030999    0.203519      0.707618   13630.000000      2.312737
 5    -2.295668    0.381375      0.734587   18528.000000      3.415610
 6    -2.444853    0.349825      0.749788   23633.000000      4.814969
 7    -3.091119    0.433825      0.815639   32429.000000      7.533096
 8    -3.063962    0.395342      0.812872   41364.000000     10.654681
 9    -3.663985    0.653204      0.874011   55294.000000     16.066342
10    -3.453829    0.565307      0.852597   67537.000000     23.144664
3.278591    0.723853    
3.214924    1.417756    0.643540    0.370112    
0.376951    0.590432    0.726194    0.676723    0.350528    0.290781    
3.308824    1.340662    5.194733    4.876279    0.671325    0.447884    0.114308    1.272377    
3.240027    1.435169    5.332783    0.891008    3.692199    0.639705    0.554449    0.152527    1.299028    1.347081    
3.133115    1.523768    5.284353    0.837639    3.701674    3.269381    0.689260    0.559911    0.168214    1.079515    1.450900    0.188842    
0.297727    1.875151    1.515609    3.225707    3.171529    0.680501    1.609538    0.774504    1.257495    0.415050    1.280535    0.275245    1.325679    0.206345    
3.180953    2.551995    1.391410    1.761293    0.698858    2.062894    4.116954    5.422034    1.207821    1.054201    0.238116    0.272628    0.348095    0.321770    0.214184    1.463779    
3.085744    1.633391    6.283185    2.373633    3.886400    4.554335    0.600895    5.028749    3.495054    0.688252    0.539935    1.409591    1.212712    0.038932    1.297054    0.310367    1.447480    1.334839    
3.027426    1.472098    5.407516    0.729072    3.591465    3.138774    4.157110    3.014419    5.532736    5.790315    0.736520    0.683446    0.181277    1.017550    1.363014    0.247126    1.484032    1.302125    1.367847    0.134714    
