 6    -2.104937    3.312716    0.064790
1.280115  -0.016914  1.288989  -1.524326  0.398734  0.280433  -0.312277  -1.152803  0.120756  -0.404666  1.486642  0.080295  -1.019572  -0.430669  0.541674  
-0.281440  0.422007  -0.501884  0.267948  0.380479  0.153981  
 1    -1.192467    0.403457      0.831575   3534.000000      0.447787
 2    -1.908263    0.746850      0.963698   7171.000000      1.026791
 3    -2.052775    0.870136      0.990372   11242.000000      1.760780
 4    -1.961937    0.695794      0.973605   18399.000000      3.226898
 5    -2.088974    0.956750      0.997054   29055.000000      5.742960
 6    -2.091123    0.964776      0.997450   41068.000000      9.448361
 7    -2.049997    0.953305      0.989859   68109.000000     18.892287
 8    -2.094525    0.986142      0.998078   83696.000000     23.377197
 9    -2.101724    0.995135      0.999407   121574.000000     39.407865
10    -2.104881    0.999958      0.999990   173040.000000     62.167806
2.788740    0.550176    
2.477622    2.868618    0.666193    0.358087    
1.846483    2.277767    2.603567    0.596417    0.452273    0.218651    
2.308694    2.693862    6.043978    3.609568    0.642778    0.385926    1.441261    1.521149    
1.179969    2.041784    2.234479    2.584692    3.132548    0.610087    0.489282    0.395939    0.235841    0.076031    
1.198289    2.017071    2.214635    2.523408    3.044973    6.283185    0.603212    0.487445    0.396929    0.249566    0.095379    1.550371    
2.173066    2.698572    5.849854    3.084726    3.026771    3.055241    3.322435    0.644311    0.406985    1.243520    1.200053    1.174271    1.198564    1.413310    
1.257075    2.004955    2.218338    2.601319    3.265683    6.283185    3.175856    6.283185    0.575949    0.474313    0.375903    0.222966    0.094019    1.520513    1.533736    0.022516    
0.895051    1.872834    2.011731    2.169266    2.415754    6.283185    3.243483    3.254419    3.199229    0.632165    0.478612    0.403525    0.267440    0.117382    1.483390    1.430233    1.440142    1.509900    
0.555670    1.300672    1.724854    1.956453    2.075838    2.296251    2.665157    2.987639    3.203654    3.281133    0.632637    0.527475    0.473020    0.413286    0.344866    0.279639    0.210105    0.136353    0.065742    0.018084    
