 6    -4.364449    3.594269    1.735880
-0.035920  -1.299604  0.889104  -0.585994  0.462999  -0.768262  -1.095189  -1.467687  1.944982  -0.321040  -0.414614  -0.035430  3.271529  -0.267381  0.734255  
-0.300000  1.000000  1.000000  1.000000  1.000000  1.000000  
 1    -0.652005    0.069813      0.533537   2742.000000      0.353859
 2    -1.108715    0.159452      0.590922   5709.000000      0.843668
 3    -1.474815    0.230864      0.636922   9013.000000      1.413518
 4    -1.767401    0.231478      0.673685   13839.000000      2.349301
 5    -2.346767    0.430652      0.746482   18830.000000      3.560683
 6    -2.787604    0.564541      0.801872   26188.000000      5.463123
 7    -2.892552    0.590299      0.815059   33592.000000      7.698549
 8    -3.188148    0.640981      0.852200   44113.000000     11.257997
 9    -3.282503    0.702703      0.864055   52160.000000     14.672828
10    -3.425051    0.748106      0.881966   66624.000000     22.004857
5.927092    0.796261    
5.829692    0.955470    0.852084    1.160282    
4.018744    4.997000    4.125230    1.259712    0.619513    0.522826    
5.850844    0.681450    3.969654    0.827296    0.875975    1.188468    1.210305    0.315381    
5.851244    0.655021    4.248361    0.776509    3.124749    0.987255    1.109754    1.153611    0.494986    1.251294    
5.883520    0.757271    3.923067    0.867041    6.010897    4.385834    0.916816    1.126445    1.191447    0.487490    1.198927    1.281673    
5.902366    0.769004    3.908324    0.896868    5.980757    4.379031    5.163023    0.925455    1.127430    1.182786    0.476032    1.201750    1.309035    0.096327    
5.342475    0.790941    3.965245    1.257269    3.622962    1.874255    2.322267    3.075650    0.931544    1.018296    1.086143    0.363930    1.181250    0.201056    1.006222    0.184341    
6.069416    0.851951    1.421203    5.595951    1.887298    2.287988    2.179017    1.253717    4.194954    1.489682    0.483144    0.984935    1.130860    0.646003    1.105924    1.390831    0.454455    0.207097    
4.197977    5.125422    1.871966    1.987721    4.412085    1.606526    4.536624    3.981001    4.539375    2.349343    1.231165    0.482808    0.531018    0.478896    0.352727    1.288824    1.249273    1.570796    0.365544    1.301125    
