 6    -2.553523    3.641126    0.082576
1.857565  -0.203968  0.711019  -0.958718  0.636314  0.984796  0.976736  -0.773217  -0.776050  -1.071380  -0.238518  -0.933245  -0.167597  -1.889870  0.563232  
-0.105650  -0.120742  0.116464  0.078932  -0.580048  0.080056  
 1    -0.754699    0.205562      0.709616   3108.000000      0.388324
 2    -1.770168    0.524975      0.873543   6019.000000      0.859981
 3    -2.285241    0.821214      0.956691   9416.000000      1.413365
 4    -2.374969    0.891935      0.971176   15254.000000      2.559429
 5    -2.447563    0.923782      0.982895   20919.000000      3.736462
 6    -2.520124    0.971242      0.994608   26771.000000      5.168836
 7    -2.541511    0.987836      0.998061   33392.000000      6.908809
 8    -2.550237    0.994855      0.999469   48210.000000     12.071397
 9    -2.551991    0.997448      0.999753   59431.000000     16.366679
10    -2.552609    0.998813      0.999852   81575.000000     26.821989
6.283185    0.603185    
6.283185    6.283185    0.299556    0.476967    
6.283185    6.283185    6.283185    0.328277    0.294887    0.285751    
4.537745    6.283185    6.283185    6.283185    0.374709    0.272898    0.262857    0.170639    
3.735329    6.283185    6.283185    6.283185    6.283185    0.598568    0.304222    0.254600    0.210601    0.179727    
4.588061    6.283185    6.283185    6.283185    6.283185    6.283185    0.574123    0.362821    0.280489    0.182801    0.149983    0.132774    
4.124288    6.283185    6.283185    6.282333    6.283185    6.283185    6.283185    0.540968    0.374361    0.310902    0.211940    0.138328    0.114533    0.076911    
3.434890    6.283185    6.283185    6.283185    6.022736    6.283185    6.283185    6.283185    0.566623    0.386818    0.316267    0.255107    0.168958    0.111316    0.076056    0.062801    
3.382399    6.148073    6.283185    6.166649    6.283185    6.248294    6.283185    6.283185    6.283185    0.579011    0.393760    0.317924    0.257976    0.207597    0.123280    0.080577    0.062615    0.033926    
3.112183    5.838089    6.283185    6.283185    5.968206    6.283185    6.283185    6.283185    6.283185    6.283185    0.569873    0.405460    0.336120    0.263041    0.205034    0.161932    0.097690    0.069328    0.038390    0.027200    
