 6    -2.104937    3.312716    0.064790
1.280115  -0.016914  1.288989  -1.524326  0.398734  0.280433  -0.312277  -1.152803  0.120756  -0.404666  1.486642  0.080295  -1.019572  -0.430669  0.541674  
-0.300000  1.000000  1.000000  1.000000  1.000000  1.000000  
 1    -0.465712    0.073906      0.697429   2955.000000      0.394352
 2    -0.902300    0.273120      0.778015   5873.000000      0.867720
 3    -0.978680    0.257801      0.792113   9969.000000      1.572371
 4    -1.159369    0.102752      0.825465   13409.000000      2.246929
 5    -1.322408    0.246952      0.855560   20330.000000      3.849119
 6    -1.350744    0.087776      0.860790   26230.000000      5.327135
 7    -1.529697    0.463441      0.893821   33559.000000      7.647206
 8    -1.585185    0.293586      0.904063   44832.000000     11.354464
 9    -1.682462    0.272486      0.922019   55781.000000     15.603958
10    -1.855030    0.528371      0.953872   67667.000000     20.683096
4.175021    0.741950    
3.757863    2.155358    0.670631    0.925784    
3.804399    2.131461    0.891191    0.669923    0.971752    0.134137    
5.150635    3.753876    6.257512    0.646191    0.271926    1.355065    0.368148    1.297157    
4.847690    3.995586    6.283185    0.544063    5.806069    0.172460    1.448458    0.382313    1.329372    0.246249    
4.424299    5.253342    5.639710    0.683950    1.657550    4.490962    0.658066    1.220463    1.240643    1.038706    0.368795    0.078880    
3.940735    3.812378    2.009788    6.209340    4.656574    4.148877    4.251398    0.854812    1.301658    0.971006    0.325406    1.241228    0.218909    0.518636    
4.428279    5.022553    5.893538    0.618983    1.570374    4.572341    1.189058    2.239913    0.703064    1.174848    1.316221    1.139026    0.268372    0.038067    0.201861    1.404686    
5.247453    3.786349    5.912704    3.026743    4.599419    0.898639    5.823173    4.881449    2.491540    0.137447    1.102874    0.324902    1.459222    0.441664    1.350045    1.053143    0.143594    1.358772    
4.958652    3.956648    6.283185    4.831121    3.788087    1.224937    5.852591    0.611729    3.205755    5.037946    0.479317    0.793902    0.058113    1.158345    0.136165    1.501930    0.334946    0.085236    0.144643    1.403631    
