 6    -2.531958    2.124958    0.012766
1.197643  -0.714573  -0.331470  0.595437  0.338292  0.659938  -0.500032  0.115505  -0.342145  -0.596453  -0.067084  1.545699  -0.413591  0.960188  -0.016378  
-0.300000  1.000000  1.000000  1.000000  1.000000  1.000000  
 1    -0.244839    0.068076      0.508877   2781.000000      0.360414
 2    -0.699655    0.014303      0.606542   6853.000000      1.007904
 3    -0.801328    0.132731      0.628374   10738.000000      1.690901
 4    -1.052610    0.029872      0.682333   14321.000000      2.401409
 5    -1.197555    0.049068      0.713458   19920.000000      3.625381
 6    -1.366662    0.136660      0.749771   26158.000000      5.128245
 7    -1.562760    0.290220      0.791880   32660.000000      7.167112
 8    -1.674823    0.285765      0.815944   41585.000000     10.071034
 9    -1.951931    0.695207      0.875448   51644.000000     13.900494
10    -1.926747    0.267859      0.870040   63586.000000     19.215227
2.000809    0.408008    
3.693522    1.477383    0.515620    0.986317    
2.345578    0.439559    4.235131    0.592830    1.181846    0.690966    
1.416570    0.811447    2.140581    3.149691    1.374707    0.476430    0.463570    0.315602    
5.191330    4.172382    5.765636    0.660491    5.221712    1.134997    0.809089    0.942792    0.198280    0.194711    
5.131476    4.250419    5.852649    0.579424    6.107568    2.454395    1.145766    0.900669    1.139549    0.326773    1.284315    1.504875    
2.064853    0.445919    4.181448    2.717398    6.070387    1.252045    5.962533    0.421356    1.157691    0.477756    0.302747    1.322134    1.088906    0.171679    
2.118383    1.104662    2.744510    4.442897    5.160567    4.228943    4.854876    4.388676    0.578992    0.514211    1.567595    1.310398    0.151112    1.230483    0.198610    0.298100    
1.991263    1.155786    3.230239    4.646441    3.528508    1.810727    3.665449    3.723914    3.729937    0.610860    0.573209    1.063818    1.143616    1.103995    0.307754    0.099160    1.395644    1.355197    
2.059207    1.105278    4.024222    3.688189    5.783095    4.868335    6.212464    4.358000    5.641889    4.708985    0.883051    0.375718    1.125254    1.164639    0.276000    1.570796    1.036954    1.358785    1.266911    1.460770    
