 6    -5.102106    2.913367    2.330713
-0.452566  0.701203  -1.493780  -1.275922  1.342529  -2.134132  -1.496720  -1.305306  0.828734  0.154989  0.275923  1.852512  -0.828546  0.056397  0.562527  
-0.251776  -0.324085  -0.381293  -0.262300  -0.223463  0.405258  
 1    -2.563033    0.514191      0.683228   3261.000000      0.408149
 2    -4.621148    0.895196      0.939996   6560.000000      0.929980
 3    -5.003128    0.977637      0.987652   11864.000000      1.835766
 4    -5.068262    0.990795      0.995778   20632.000000      3.589656
 5    -5.089808    0.996269      0.998466   32953.000000      6.571578
 6    -5.100491    0.999592      0.999799   44377.000000      9.746488
 7    -5.100677    0.999668      0.999822   59784.000000     14.821028
 8    -5.101034    0.999745      0.999866   87494.000000     25.261857
 9    -5.101725    0.999910      0.999952   107212.000000     33.983553
10    -5.101733    0.999913      0.999953   114976.000000     38.219034
3.910484    0.564580    
3.548612    4.282157    0.749700    0.413158    
2.469721    3.059531    3.593114    0.627506    0.498381    0.259926    
1.817476    2.646670    2.616287    3.139527    0.581163    0.469587    0.335039    0.173237    
1.360494    2.572534    2.453711    2.639466    3.304766    0.624222    0.480382    0.381356    0.278860    0.117482    
1.246892    2.428022    2.436043    2.480581    3.061746    4.092235    0.624362    0.481786    0.395123    0.303730    0.200209    0.059388    
1.273537    2.453646    2.469046    2.520665    3.092774    4.205445    5.095707    0.623660    0.485841    0.398479    0.305910    0.207500    0.078799    0.012144    
1.221617    2.331423    2.273643    1.944777    1.470836    2.598344    4.063880    5.677315    0.617743    0.466631    0.363436    0.214122    0.176254    0.174484    0.061856    0.006150    
0.958715    1.989008    2.378393    2.450165    2.655805    3.261560    4.059878    4.435467    5.130966    0.617893    0.493413    0.439141    0.362559    0.288994    0.194821    0.083702    0.010309    1.564701    
0.985572    2.032765    2.399461    2.462104    2.665495    3.262042    4.020087    4.588355    4.192141    2.499498    0.623470    0.498710    0.440392    0.362661    0.289930    0.196041    0.082760    0.007171    1.562686    1.569161    
