 6    -3.460574    5.207095    0.270769
2.630205  0.331635  -0.987540  1.196508  1.705176  0.144573  -0.224789  0.221373  2.062121  2.356455  2.345444  -0.973641  -0.211556  -0.499396  -1.075603  
-0.300000  1.000000  1.000000  1.000000  1.000000  1.000000  
 1    -0.456816    0.082215      0.653453   2808.000000      0.368894
 2    -1.197800    0.052147      0.738941   6050.000000      0.887703
 3    -1.691053    0.200785      0.795848   10311.000000      1.661971
 4    -1.889743    0.231862      0.818771   14708.000000      2.453443
 5    -2.112739    0.223651      0.844499   18718.000000      3.445226
 6    -2.341139    0.349892      0.870849   24589.000000      5.017896
 7    -2.559303    0.285006      0.896019   30751.000000      6.910539
 8    -2.505800    0.328900      0.889847   43999.000000     11.262448
 9    -2.694274    0.325324      0.911591   57255.000000     16.808436
10    -2.816735    0.491502      0.925719   71608.000000     24.795524
5.367175    0.581213    
6.115304    1.220764    0.695451    1.036190    
6.195137    1.242262    3.852530    0.547928    0.686230    1.220707    
6.157407    1.241307    3.828254    3.895825    0.559393    0.724900    1.276030    1.374454    
5.097889    0.889081    4.185974    4.879130    3.825676    0.730312    0.808905    0.307190    0.219927    1.347631    
4.999989    1.610969    2.534723    0.558149    0.903278    5.045332    0.402792    0.865935    0.517687    0.443252    1.145257    1.231011    
4.976856    1.564386    2.485377    0.632421    0.858456    5.182593    4.085751    0.187624    0.911918    0.657024    0.453178    1.013945    1.105786    0.204532    
5.152782    0.878853    4.139887    4.959277    3.277912    6.066328    2.690354    3.019073    0.688682    0.860693    0.475802    0.088969    1.402453    0.269385    1.376684    0.136540    
4.981104    1.592656    2.440141    0.623607    0.874564    3.430989    1.772995    4.102455    5.667374    0.203279    0.955105    0.609676    0.457331    1.036943    1.570796    1.089160    0.178713    0.157862    
6.235412    1.317091    3.706020    3.433451    4.486699    2.715654    5.501376    4.361428    5.792315    1.319030    0.507292    0.538072    1.194674    1.514658    1.396187    0.126241    0.360874    1.119672    1.277483    1.474525    
