 6    -4.089403    3.267599    0.302454
1.736738  1.897914  -2.106773  -0.148912  0.583062  -2.259233  0.137240  -0.701213  -0.620780  -0.479620  1.209739  -1.075184  0.806919  -0.290783  -0.220948  
-0.300000  1.000000  1.000000  1.000000  1.000000  1.000000  
 1    -1.143178    0.002709      0.599535   2970.000000      0.377532
 2    -1.787200    0.010697      0.687073   6373.000000      0.899917
 3    -2.235835    0.337582      0.748054   9344.000000      1.446103
 4    -2.461841    0.368330      0.778774   13541.000000      2.253928
 5    -2.491693    0.400196      0.782831   17374.000000      3.144958
 6    -2.727805    0.543895      0.814925   23951.000000      4.953170
 7    -2.901170    0.553174      0.838489   28906.000000      6.598306
 8    -2.981519    0.565119      0.849411   37550.000000      9.657299
 9    -3.315009    0.731650      0.894741   50167.000000     14.547385
10    -3.464017    0.784360      0.914994   69692.000000     23.871150
0.473872    0.529770    
0.400017    0.460532    0.723734    0.427499    
0.508416    6.263522    2.306066    0.349701    1.195143    0.361134    
0.512183    6.283185    2.283168    2.902235    0.362589    1.194442    0.376245    0.160333    
0.501807    6.283185    2.277270    2.907893    3.813310    0.354729    1.187374    0.370851    0.170842    0.059682    
0.600569    1.154530    4.669082    5.277727    0.303056    2.589823    0.458792    0.340723    0.011106    1.026696    0.465716    1.395855    
0.406370    0.434248    5.340345    4.392123    2.276100    4.224673    2.696214    0.725388    0.533526    1.486272    1.374844    0.315912    1.430358    1.358822    
0.463886    4.826725    0.945910    1.245109    6.263113    1.943973    1.836519    3.792051    0.790053    0.072845    1.217207    1.425729    1.289879    1.302537    1.559970    1.253245    
0.797172    0.913069    5.514086    5.279632    6.232799    5.510137    5.004193    1.242230    5.438858    0.466802    0.377561    1.080649    0.085243    0.469026    0.219400    1.280134    1.392916    1.243805    
0.429666    0.477309    5.825304    2.309039    5.203481    4.976619    1.871180    2.895056    1.056812    0.266917    0.783176    0.508075    1.289554    0.249435    1.459675    0.000000    0.290527    0.166617    0.167582    1.386557    
