 6    -2.349652    2.314472    0.099094
0.522022  0.069947  0.869230  0.424554  -0.220960  -0.632086  -0.455699  -0.681874  0.387163  -0.009748  -1.344962  -0.010275  0.704485  -1.958639  0.153709  
-0.300000  1.000000  1.000000  1.000000  1.000000  1.000000  
 1    -1.021908    0.011020      0.715328   2766.000000      0.358778
 2    -1.824828    0.001201      0.887476   5739.000000      0.836884
 3    -1.907663    0.001246      0.905236   9153.000000      1.433448
 4    -2.093206    0.000007      0.945017   13037.000000      2.189049
 5    -2.160661    0.000479      0.959480   18535.000000      3.392147
 6    -2.173688    0.000460      0.962273   23539.000000      4.793657
 7    -2.144865    0.005217      0.956093   29620.000000      6.665511
 8    -2.182555    0.000243      0.964174   40602.000000     10.378695
 9    -2.190850    0.000463      0.965952   50078.000000     14.345492
10    -2.192166    0.002304      0.966235   65877.000000     22.576236
0.398037    0.563380    
0.382729    0.446586    0.717536    0.390717    
0.386488    0.453746    4.251191    0.714336    0.423611    0.109189    
0.360678    0.432760    4.313898    0.539050    0.700121    0.403828    0.210168    0.189814    
0.362936    0.430787    4.300834    0.511402    0.920525    0.699222    0.407801    0.210810    0.258602    1.452847    
0.358909    0.431539    4.302452    0.506642    0.892506    6.079140    0.695617    0.409911    0.224691    0.275013    1.414923    1.516212    
0.371785    0.435472    4.482466    1.117205    2.289886    2.132168    2.123121    0.714422    0.403080    0.120767    1.427797    0.094486    1.456807    0.104960    
0.358205    0.431978    4.316308    0.508191    0.889118    3.435318    3.636700    2.080855    0.698361    0.403680    0.208038    0.254841    1.445999    1.570796    1.513710    0.013725    
0.361361    0.404529    4.271431    0.546394    2.317642    5.912847    5.744337    2.185811    3.414801    0.697058    0.396720    0.136249    0.129655    0.046563    1.503410    0.133389    1.539536    1.489683    
0.369983    0.439950    4.324172    0.520202    0.771403    6.065318    2.863926    4.022368    3.350964    1.754998    0.703563    0.397467    0.240585    0.295355    1.454440    1.436352    0.046598    0.107147    0.101371    0.074923    
