 6    -2.746766    2.349246    0.714988
-0.894779  0.121654  -0.763285  -0.481901  1.059032  0.356689  -0.392180  1.515508  -0.183340  -0.140353  -1.015118  -1.061475  -0.607602  1.142866  0.181214  
0.346926  0.217396  -0.249171  0.262760  -0.084394  -0.488171  
 1    -1.457318    0.460035      0.746969   3192.000000      0.400634
 2    -2.456616    0.808803      0.943063   6657.000000      0.952902
 3    -2.624224    0.900324      0.975953   12452.000000      1.922875
 4    -2.684299    0.965056      0.987742   17948.000000      3.042465
 5    -2.726197    0.989652      0.995964   32884.000000      6.639127
 6    -2.742370    0.997960      0.999137   53045.000000     12.237284
 7    -2.746014    0.999683      0.999852   85917.000000     23.637653
 8    -2.746667    0.999954      0.999981   152641.000000     50.643579
 9    -2.746667    0.999955      0.999981   161339.000000     54.453151
10    -2.746673    0.999958      0.999982   161656.000000     55.394289
5.210723    0.545788    
4.875033    5.686328    0.738076    0.400824    
3.296317    4.555358    5.176158    0.655883    0.522866    0.246325    
3.402297    4.707341    5.296010    6.283185    0.678038    0.548102    0.351281    0.125386    
3.008604    3.832604    3.725600    4.484208    6.067409    0.614695    0.459085    0.325637    0.244736    0.125466    
2.033205    3.805878    3.763238    3.801422    4.871142    5.848472    0.630194    0.513481    0.379440    0.277885    0.209925    0.104248    
1.696571    3.397367    3.606340    3.616048    4.316035    5.278927    5.579458    0.626444    0.507866    0.412305    0.308696    0.241830    0.162332    0.061803    
1.450468    2.936323    3.370877    3.549276    3.962177    4.725990    5.386077    5.824992    0.621554    0.490079    0.434182    0.348850    0.272230    0.197884    0.118954    0.033745    
1.438960    2.917918    3.363660    3.542562    3.939717    4.701870    5.358540    5.662659    3.717301    0.621708    0.490295    0.435164    0.350154    0.273831    0.200114    0.120925    0.035526    0.001791    
1.455864    2.946134    3.379637    3.569729    3.962076    4.714126    5.393543    5.773954    3.814489    6.225792    0.622302    0.490348    0.436218    0.350347    0.273894    0.202578    0.123738    0.035995    0.006024    0.004398    
