 6    -2.766996    2.247877    0.281320
0.054388  0.066855  -0.313268  -0.714383  0.437518  -1.693630  -1.272009  -1.185710  -1.177596  0.719244  -0.728957  1.291943  0.025615  -2.176068  -0.111670  
-0.053197  -0.084927  -0.599999  -0.093473  -0.068449  -0.235451  
 1    -0.912298    0.168379      0.630161   3435.000000      0.426665
 2    -2.113023    0.465375      0.869593   6327.000000      0.894252
 3    -2.398745    0.707893      0.926568   10029.000000      1.498847
 4    -2.532784    0.776532      0.953296   13923.000000      2.283995
 5    -2.664437    0.850045      0.979549   20129.000000      3.545590
 6    -2.707661    0.898413      0.988168   28934.000000      5.867353
 7    -2.726457    0.923031      0.991916   37426.000000      8.086503
 8    -2.740593    0.946320      0.994735   47324.000000     11.800436
 9    -2.751099    0.966417      0.996830   61754.000000     17.378290
10    -2.755677    0.977142      0.997743   78536.000000     24.365493
6.283185    0.727240    
6.283185    6.283185    0.298629    0.525787    
6.283185    6.283185    6.283185    0.389890    0.316672    0.248379    
4.881729    6.283185    6.283185    6.283185    0.472929    0.325110    0.202531    0.199887    
4.633621    6.283185    6.283185    6.283185    6.283185    0.505100    0.367143    0.271591    0.094344    0.182935    
3.603864    6.283185    6.283185    6.283185    6.283185    6.283185    0.532548    0.382743    0.310091    0.187458    0.095673    0.123328    
3.409666    6.283185    6.283185    6.283185    6.283185    6.283185    6.283185    0.587338    0.400664    0.309822    0.235901    0.146460    0.070552    0.086160    
3.676569    6.283185    6.283185    6.283185    6.283185    6.283185    6.283185    6.283185    0.582047    0.417397    0.311881    0.224993    0.184280    0.107306    0.039585    0.074391    
3.233502    6.169102    6.283185    6.283185    6.283185    6.283185    6.283185    6.283185    6.283185    0.570787    0.428701    0.337551    0.241391    0.177185    0.148714    0.075699    0.033222    0.066723    
2.952540    5.968690    6.283185    6.283185    6.283185    6.283185    6.283185    6.283185    6.283185    6.283185    0.586026    0.432099    0.348720    0.265416    0.191609    0.146259    0.108248    0.055471    0.039805    0.044335    
