 6    -3.621665    3.147294    0.719790
0.659883  0.275174  0.023310  -0.031400  -0.488760  1.769949  -1.057899  0.536744  0.252211  -0.359362  -1.231819  -1.621168  -1.835555  -0.398626  -1.042137  
0.210073  -0.294231  0.322981  0.227148  0.313040  0.305920  
 1    -2.109615    0.505979      0.776620   2790.000000      0.353643
 2    -3.304311    0.881292      0.953116   7123.000000      1.021242
 3    -3.555577    0.967291      0.990237   12418.000000      1.915640
 4    -3.598516    0.984552      0.996580   21101.000000      3.669292
 5    -3.613176    0.993913      0.998746   33885.000000      6.828873
 6    -3.620911    0.999735      0.999889   46708.000000     10.602746
 7    -3.620957    0.999738      0.999895   53195.000000     12.755301
 8    -3.621092    0.999795      0.999915   77307.000000     21.908807
 9    -3.621147    0.999830      0.999924   98057.000000     31.009548
10    -3.621162    0.999838      0.999926   118559.000000     40.385693
4.484027    0.525733    
4.170334    4.936016    0.739137    0.393300    
2.727912    3.647977    4.268976    0.616500    0.518355    0.268335    
1.989254    3.231633    3.062303    3.643794    0.591917    0.478939    0.342002    0.179582    
1.614684    3.054071    2.893840    3.085606    3.848442    0.632753    0.478862    0.381263    0.282937    0.118860    
1.478239    2.898364    2.916169    2.991736    3.673113    4.919223    0.623196    0.483350    0.398777    0.305641    0.204079    0.066272    
1.471259    2.892436    2.890431    2.978172    3.684586    4.866194    6.066713    0.623090    0.480705    0.395903    0.304752    0.198377    0.054324    1.563569    
1.445829    2.845449    2.864767    2.939532    3.648316    4.904888    5.124126    5.008188    0.623243    0.477149    0.395321    0.304711    0.195390    0.032810    1.535168    1.554459    
1.446404    2.820403    2.851974    2.926216    3.661080    4.299895    6.002236    4.320395    3.638138    0.622471    0.475205    0.394610    0.305470    0.192239    0.016870    1.517457    1.544859    1.559846    
1.445384    2.826967    2.852926    2.913131    3.647292    3.794055    6.112691    4.110140    4.405967    4.945369    0.623983    0.476733    0.393871    0.305177    0.189924    0.010208    1.508027    1.525025    1.546297    1.566922    
