 6    -3.621665    3.147294    0.719790
0.659883  0.275174  0.023310  -0.031400  -0.488760  1.769949  -1.057899  0.536744  0.252211  -0.359362  -1.231819  -1.621168  -1.835555  -0.398626  -1.042137  
-0.300000  1.000000  1.000000  1.000000  1.000000  1.000000  
 1    -1.239565    0.027318      0.648085   3129.000000      0.408979
 2    -2.037353    0.005234      0.765945   5639.000000      0.820299
 3    -2.056630    0.007020      0.768792   9434.000000      1.464401
 4    -2.120349    0.017546      0.778206   13349.000000      2.256371
 5    -2.149387    0.011501      0.782496   17371.000000      3.242023
 6    -2.192188    0.027181      0.788819   24750.000000      5.120036
 7    -2.473458    0.675868      0.830372   31920.000000      7.254640
 8    -2.760462    0.668195      0.872772   39047.000000      9.994805
 9    -2.660255    0.269328      0.857968   55013.000000     16.094732
10    -2.750809    0.399592      0.871346   67831.000000     23.497114
0.378615    0.549629    
0.373025    0.430270    0.710812    0.359086    
0.371564    0.422293    2.790352    0.702043    0.381496    1.514465    
0.348472    0.398004    2.934155    1.043980    0.681756    0.379085    1.449301    0.129410    
0.362264    0.430277    5.789709    4.420343    4.855624    0.704115    0.407080    1.459981    1.439583    0.106479    
0.339457    0.420849    5.725590    4.341394    3.391873    4.262490    0.695761    0.376303    1.439827    1.398509    1.405482    1.456177    
0.512914    1.166569    2.380333    4.977164    4.513782    1.782589    2.597266    0.588669    0.541019    0.342252    1.421446    1.128050    0.308886    0.245801    
0.453717    1.051966    2.110978    2.628760    5.705897    5.256866    3.168380    5.351663    0.783389    1.064235    0.364885    0.237906    0.211787    1.389651    0.125088    1.454833    
0.358812    0.398185    2.866904    0.812331    4.237326    4.380014    2.243896    2.288921    4.889245    0.595373    0.320994    1.322645    0.116657    0.168060    0.279172    0.144058    0.154859    1.354646    
0.297465    0.379053    2.902497    0.823763    4.211658    4.354939    4.611223    4.921209    3.870200    0.935181    0.549011    0.364298    1.377193    0.201131    0.256654    0.247821    0.097788    1.301091    0.141949    0.159159    
