 6    -2.543815    3.256181    0.238624
-1.945109  0.620710  -0.432221  0.462573  0.020115  -0.392806  2.213288  1.454509  -1.097804  0.429880  0.343355  0.253077  0.832716  0.277569  -0.227005  
-0.300000  1.000000  1.000000  1.000000  1.000000  1.000000  
 1    -0.330448    0.066567      0.618385   3021.000000      0.392075
 2    -0.763935    0.026719      0.693124   5879.000000      0.874018
 3    -0.939152    0.113187      0.723334   9444.000000      1.490801
 4    -1.255526    0.190772      0.777881   14045.000000      2.364038
 5    -1.332183    0.075154      0.791098   20459.000000      3.761065
 6    -1.525783    0.255896      0.824477   26111.000000      5.238026
 7    -1.668648    0.213882      0.849109   32910.000000      7.309055
 8    -1.808454    0.397492      0.873214   43464.000000     11.190249
 9    -1.781770    0.416315      0.868613   56505.000000     16.194128
10    -1.901179    0.426683      0.889201   71317.000000     23.710425
0.274505    1.305000    
1.768253    2.375346    1.010907    0.969617    
1.831909    2.367514    2.498335    1.092174    1.016253    1.308096    
0.409296    4.078748    3.479909    5.061777    1.217148    1.091719    0.497520    1.068717    
3.345717    3.367375    2.088367    4.012026    4.554102    0.835592    0.703151    1.110619    1.309528    1.321386    
0.314995    4.895377    5.699072    5.732152    4.795108    3.954945    1.147548    0.966074    0.182661    0.346648    0.350550    1.281039    
0.323837    4.862044    5.758569    5.652618    4.792821    3.860976    0.911999    1.138742    0.929642    0.163687    0.363268    0.394099    1.238841    0.172816    
0.838035    4.754328    1.353821    2.496791    0.741956    4.986587    1.980016    6.283185    1.028517    1.283328    1.389588    0.294601    0.848982    1.328479    1.257488    0.135600    
4.398362    4.311733    3.007374    3.270140    4.273651    0.490007    5.410449    2.958678    4.606785    1.003883    0.565142    0.296328    0.314880    0.520427    1.190338    0.366102    0.611376    1.512856    
0.207854    4.713877    5.821454    5.501030    4.816697    3.843685    0.851829    2.434654    6.283185    4.913908    1.152154    0.878092    0.154277    0.391322    0.390692    1.317040    0.209764    1.514714    1.452666    0.198835    
