 6    -2.554577    2.773991    0.050506
1.023492  0.283144  -0.004423  -0.507907  0.852055  -1.412692  0.568955  1.263137  -1.571967  -0.876978  -0.225261  0.303901  0.219018  0.460761  -0.189678  
0.230627  -0.228478  -0.209373  -0.615595  0.170465  -0.212695  
 1    -1.464796    0.425984      0.795483   3453.000000      0.432477
 2    -2.188066    0.813302      0.931218   6987.000000      0.997725
 3    -2.470590    0.820799      0.984238   12209.000000      1.900963
 4    -2.535668    0.940788      0.996451   18568.000000      3.125292
 5    -2.508465    0.896759      0.991346   28134.000000      5.337333
 6    -2.553287    0.996794      0.999758   47909.000000     10.991350
 7    -2.554104    0.997835      0.999911   92825.000000     26.652473
 8    -2.554461    0.999899      0.999978   154936.000000     50.803429
 9    -2.545655    0.994451      0.998326   168298.000000     57.828773
10    -2.554472    0.999907      0.999980   235216.000000     88.521387
5.511516    0.659718    
3.362151    4.457599    0.597457    0.405640    
2.958255    3.562456    5.166938    0.593172    0.496561    0.246262    
2.239249    3.088864    2.975677    4.655119    0.569968    0.441474    0.328874    0.212757    
2.446173    3.429711    3.964710    5.902385    5.491062    0.575133    0.481497    0.281737    1.570796    1.455118    
1.473964    2.776995    2.889796    3.074966    3.664786    4.333511    0.620548    0.455205    0.390473    0.300277    0.190542    0.065924    
1.386872    2.589494    2.785865    2.991547    3.390458    3.926664    5.242067    0.610379    0.455650    0.395116    0.323165    0.227815    0.130902    0.038785    
1.130357    2.257636    2.692767    2.927074    3.224582    3.770073    4.127657    4.972673    0.596629    0.463605    0.413058    0.356022    0.275282    0.185554    0.085304    0.032041    
2.019983    3.358446    3.108404    6.283185    3.612620    4.006700    4.115857    3.901767    6.283185    0.592188    0.460080    0.264638    1.415915    1.239254    1.209407    1.273103    1.380658    1.553998    
1.071698    2.168723    2.644451    2.874882    3.147491    3.665387    3.935715    4.933347    3.373712    3.104162    0.590241    0.462361    0.412394    0.357031    0.279613    0.184911    0.087576    0.021843    0.003182    1.562569    
