 6    -2.312066    2.612505    0.251209
0.439265  0.438488  1.147810  -0.067318  1.282502  1.203008  1.135877  -0.804010  -0.355338  1.115535  0.416017  0.281031  0.602493  -0.502367  -0.360674  
-0.300000  1.000000  1.000000  1.000000  1.000000  1.000000  
 1    -0.530592    0.019340      0.638248   2787.000000      0.359411
 2    -0.866318    0.231293      0.706422   5932.000000      0.874554
 3    -0.987506    0.232111      0.731030   8980.000000      1.415328
 4    -1.398013    0.355189      0.814389   13924.000000      2.364810
 5    -1.375902    0.408907      0.809899   18176.000000      3.284409
 6    -1.509466    0.402596      0.837021   23599.000000      4.685741
 7    -1.566821    0.423005      0.848668   33495.000000      7.666972
 8    -1.660275    0.614512      0.867645   40063.000000     10.022158
 9    -1.715006    0.475259      0.878759   51495.000000     14.404057
10    -1.863160    0.394167      0.908844   65551.000000     20.818405
5.172817    0.510773    
3.848024    2.174743    0.764418    1.139707    
3.848164    2.131765    1.819683    0.777388    1.087326    0.194082    
3.947004    2.197160    6.171118    4.754355    0.763667    1.122748    1.318531    0.264095    
5.206824    5.090376    3.772977    4.856534    1.976445    0.802858    1.011151    0.577190    0.470652    1.272473    
3.913590    2.078106    3.905726    2.212453    2.975455    2.244375    0.678533    1.324122    0.269580    1.292938    0.269870    1.449599    
0.778949    4.493399    5.258055    3.500695    0.575630    4.321191    1.119969    1.399285    0.699470    1.284848    0.641332    1.363898    0.275809    1.386682    
5.220507    5.113126    3.765012    4.864077    2.012451    5.543051    3.736376    3.278238    0.752200    1.077919    0.500177    0.477697    1.302045    1.324555    0.163440    0.088597    
4.009506    2.315413    6.261755    4.493004    5.469888    2.792663    2.244134    0.444506    2.125614    0.749993    1.205283    1.221935    0.198218    0.000000    0.180318    1.357288    0.135840    0.150203    
2.952098    5.806615    6.283185    4.904179    6.186544    5.436854    5.415992    2.147964    0.619323    3.076619    0.862969    0.253291    1.128714    0.290329    0.397839    0.288116    0.426259    1.321575    0.119791    1.444740    
