 6    -2.620074    3.176188    0.465849
1.415251  0.219463  -0.718165  -0.944054  -0.116164  0.462922  0.910378  -0.360768  -0.283324  0.908532  -2.179756  0.817572  -0.543350  -0.058177  -0.193823  
-0.300000  1.000000  1.000000  1.000000  1.000000  1.000000  
 1    -0.650485    0.016447      0.660197   2871.000000      0.368876
 2    -0.844869    0.056755      0.693733   5478.000000      0.810484
 3    -1.260893    0.160750      0.765507   8693.000000      1.385099
 4    -1.317196    0.187432      0.775221   13430.000000      2.271254
 5    -1.474180    0.247104      0.802305   17819.000000      3.290939
 6    -1.778002    0.432624      0.854721   24068.000000      4.788808
 7    -1.850075    0.494648      0.867156   30718.000000      6.731867
 8    -1.859455    0.506540      0.868774   40345.000000     10.078778
 9    -1.941333    0.655939      0.882900   54171.000000     15.131348
10    -1.980681    0.546246      0.889689   70871.000000     23.961567
3.229061    0.630681    
3.164540    6.283185    0.669276    1.279211    
3.194713    6.283185    0.634494    0.901272    1.286065    1.250520    
3.151517    1.513192    6.283185    2.388977    0.694316    0.420925    1.430928    1.248461    
3.143943    1.539759    6.283185    2.431465    6.283185    0.735090    0.348322    1.444928    1.311016    1.351472    
3.149240    1.499395    6.271347    2.451160    0.298546    6.283185    0.755365    0.287148    1.422214    1.174202    0.247209    1.281028    
3.130050    1.492429    6.257325    2.453231    0.338135    6.283185    4.041496    0.738369    0.303451    1.419647    1.205653    0.249467    1.312205    1.459784    
3.183351    1.523342    5.979881    2.652246    5.173434    1.536425    2.957385    5.917579    0.829866    0.259407    1.468450    1.319854    1.481108    1.316197    0.154966    1.379761    
3.161320    1.582735    6.130846    2.652354    6.283185    1.942448    1.022606    6.283185    3.547088    0.698379    0.378101    1.503581    1.347746    1.464032    1.320898    0.238574    1.394790    1.399975    
3.158121    1.498768    6.157263    2.505393    6.047986    0.629548    1.695220    3.115509    4.099039    4.218266    0.801223    0.300485    1.452904    1.358195    1.561726    1.355323    1.435819    0.203949    1.381965    1.477386    
