 6    -4.900452    4.913610    1.159783
0.883490  -0.457785  -0.092110  -1.329808  3.064264  2.017759  0.917338  -1.485646  0.912503  -1.919773  -1.823598  -0.359470  -1.803942  0.538994  -0.087634  
0.319309  -0.207229  0.283691  0.268426  0.340740  -0.187191  
 1    -2.797957    0.507313      0.785767   3108.000000      0.391751
 2    -4.461914    0.883468      0.955315   6737.000000      0.961926
 3    -4.807410    0.972972      0.990519   11816.000000      1.884004
 4    -4.868191    0.988396      0.996713   21749.000000      3.790459
 5    -4.886888    0.994561      0.998618   34107.000000      6.911361
 6    -4.898857    0.999480      0.999837   50857.000000     11.649303
 7    -4.900060    0.999883      0.999960   102657.000000     29.782401
 8    -4.900127    0.999914      0.999967   132564.000000     42.063977
 9    -4.900137    0.999919      0.999968   141379.000000     45.733961
10    -4.900147    0.999920      0.999969   145097.000000     47.775200
5.039783    0.546410    
4.640748    5.474026    0.744684    0.391902    
3.175488    4.075399    4.737809    0.634448    0.510429    0.256870    
2.432930    3.418333    3.387268    4.077297    0.582747    0.463422    0.332986    0.169063    
1.776978    3.320133    3.167970    3.418587    4.320088    0.617099    0.477253    0.375386    0.280295    0.115680    
1.690716    3.233659    3.243095    3.304728    4.140020    5.552078    0.626518    0.488688    0.393563    0.299977    0.197645    0.061941    
1.300662    2.611886    3.036984    3.147038    3.515826    4.333352    5.421881    0.610113    0.478409    0.423725    0.350485    0.269643    0.164484    0.055041    
1.252250    2.577764    3.078941    3.180573    3.483312    4.280093    5.261612    5.190386    0.613349    0.488473    0.433923    0.356975    0.279494    0.180286    0.070524    0.008999    
1.207499    2.541498    3.082070    3.166793    3.415259    4.174295    4.903481    4.541609    5.700561    0.615241    0.495034    0.438254    0.359483    0.286322    0.191147    0.079672    0.020096    0.002056    
1.230807    2.537187    3.035929    3.123277    3.406861    4.111307    4.527458    3.672270    4.892574    3.214807    0.612405    0.487311    0.430835    0.356826    0.284323    0.186086    0.072498    0.026484    0.004139    1.570769    
