 6    -3.693553    3.067241    0.649794
0.441145  -0.576500  -1.269955  -2.450535  1.899251  -0.074970  -0.255748  -0.274553  -0.856710  0.858997  0.574482  0.136117  -0.110739  0.963468  0.789986  
-0.300000  1.000000  1.000000  1.000000  1.000000  1.000000  
 1    -0.610505    0.008514      0.543981   3156.000000      0.412865
 2    -1.203601    0.075851      0.631707   5688.000000      1.040491
 3    -1.480151    0.070120      0.672612   9934.000000      1.786941
 4    -1.741209    0.278671      0.711226   15006.000000      3.257386
 5    -1.942257    0.350464      0.740963   18809.000000      3.417777
 6    -2.137722    0.352316      0.769875   26122.000000      5.117401
 7    -2.292875    0.405257      0.792824   33196.000000      7.475166
 8    -2.731597    0.612324      0.857716   39417.000000      9.725888
 9    -2.602031    0.516629      0.838551   53233.000000     14.551015
10    -2.813794    0.662102      0.869873   65961.000000     19.943076
4.049475    0.901911    
4.123986    0.927627    0.666784    0.499846    
4.034947    1.024954    6.283185    0.638628    0.504235    1.271619    
4.133916    5.685685    6.283185    5.956260    0.845703    1.149954    1.131590    1.298648    
5.564450    2.695267    2.596315    3.403856    5.820096    0.861975    0.426580    0.259857    1.284609    1.318228    
5.535168    2.729382    2.616160    3.318033    5.837994    1.269079    0.872448    0.366187    0.277618    1.301638    1.298454    0.185072    
5.749606    2.668260    1.980467    3.841826    3.789257    4.933021    5.112972    0.816597    0.408012    0.353894    1.365170    0.354804    1.242370    0.159539    
4.250257    5.606107    6.151932    5.971702    3.544254    3.138602    3.946483    6.040758    0.923633    1.108909    1.087169    1.224771    0.276020    0.224484    1.429855    0.258898    
4.328838    5.581790    6.232156    6.098303    4.562361    4.768296    3.942821    2.654538    4.822540    1.094208    0.955274    0.942998    1.105464    0.144213    1.570796    1.236855    0.207797    0.241980    
4.172092    5.686647    6.122716    5.914523    4.643613    4.246234    2.472215    2.037211    5.493504    3.242184    1.055392    1.030861    0.972107    1.190415    0.267911    1.392569    1.359983    1.432405    0.075156    1.350712    
