 6    -3.637327    2.739384    0.551496
1.412241  2.337697  1.611915  1.649743  0.798248  -0.038336  -0.416919  0.573888  0.379333  0.395861  -0.639797  -0.622015  -1.097253  -0.040995  0.406483  
0.407317  -0.106681  -0.318261  -0.176743  -0.382245  -0.076811  
 1    -2.152035    0.358958      0.767076   3276.000000      0.410233
 2    -3.257568    0.668714      0.940446   6969.000000      1.000336
 3    -3.491085    0.811877      0.977066   12930.000000      1.995190
 4    -3.550307    0.893515      0.986354   19597.000000      3.351139
 5    -3.590604    0.944680      0.992673   30267.000000      5.857504
 6    -3.613399    0.971040      0.996248   48875.000000     11.127618
 7    -3.624932    0.984092      0.998056   71365.000000     18.707663
 8    -3.630291    0.992191      0.998897   100386.000000     29.767070
 9    -3.635532    0.999142      0.999719   161684.000000     56.607281
10    -3.637189    0.999954      0.999978   289234.000000    118.209573
5.394885    0.536100    
4.878305    5.590200    0.649130    0.334707    
3.706472    4.741601    5.541194    0.602705    0.454547    0.206774    
3.283138    4.629790    5.214891    6.129547    0.613240    0.472299    0.319104    0.115724    
2.898869    4.331212    4.851925    5.544355    6.283185    0.601983    0.476705    0.354086    0.214902    0.089113    
2.468520    4.074553    4.544357    5.122651    5.830188    6.283185    0.603975    0.478877    0.388120    0.262570    0.169272    0.076734    
2.170907    3.829220    4.265659    4.718822    5.352313    6.006604    6.283185    0.609436    0.478175    0.402037    0.299827    0.208116    0.141955    0.058977    
1.989738    3.675031    4.134376    4.519768    5.070364    5.813023    6.283185    6.283185    0.622635    0.485284    0.416312    0.324259    0.240805    0.172794    0.106481    0.038219    
2.058583    3.649679    4.115488    4.464603    4.953055    5.658075    6.223975    6.283185    6.283185    0.621555    0.488651    0.420048    0.335318    0.259624    0.198992    0.131898    0.078819    0.036358    
1.573516    3.184862    3.792613    4.171976    4.583172    5.209256    5.837948    6.157958    6.283185    6.283185    0.612366    0.491326    0.434065    0.364965    0.297355    0.235274    0.172486    0.112487    0.070135    0.029935    
