 6    -2.531958    2.124958    0.012766
1.197643  -0.714573  -0.331470  0.595437  0.338292  0.659938  -0.500032  0.115505  -0.342145  -0.596453  -0.067084  1.545699  -0.413591  0.960188  -0.016378  
0.410347  -0.360207  0.393455  0.367556  0.017803  -0.724684  
 1    -1.655065    0.297354      0.811701   3384.000000      0.422428
 2    -2.465932    0.429914      0.985822   6586.000000      0.932969
 3    -2.506265    0.497478      0.994483   11809.000000      1.821796
 4    -2.521853    0.453031      0.997830   17628.000000      2.989964
 5    -2.523504    0.529086      0.998185   27740.000000      5.483266
 6    -2.523031    0.770268      0.998083   45609.000000     10.607091
 7    -2.525587    0.652674      0.998632   68071.000000     18.287121
 8    -2.527156    0.669959      0.998969   90123.000000     27.108752
 9    -2.528126    0.805630      0.999177   141684.000000     50.058605
10    -2.527944    0.961521      0.999138   199311.000000     80.072631
2.526613    0.531879    
2.497469    2.683312    0.726891    0.376484    
1.947501    2.218816    5.603732    0.639814    0.452599    1.413584    
1.088273    2.053035    2.270066    5.399090    0.602561    0.532487    0.308633    1.516130    
1.014950    1.898096    2.181691    5.839698    3.520090    0.568294    0.513887    0.346903    1.426568    1.505263    
1.813785    2.327433    5.971792    5.374278    3.393893    2.727512    0.641338    0.491543    1.359747    1.492647    1.402969    1.463141    
0.900150    1.908571    2.196329    5.993845    5.696353    4.729876    3.443028    0.587412    0.525777    0.401797    1.397107    0.016783    1.451228    1.505326    
0.871534    1.568614    1.610922    1.802928    2.267787    6.238708    2.788925    2.793892    0.629581    0.447079    0.381405    0.266792    0.153652    1.413674    1.386804    1.477672    
0.907303    1.821507    2.138837    5.989987    5.412155    4.621530    3.636958    6.058994    3.082464    0.568212    0.505715    0.403724    1.364869    0.000000    1.427385    1.570796    1.443584    1.503203    
1.780755    2.360866    6.120927    4.508888    6.277710    5.143236    6.058618    3.256659    2.541900    2.612675    0.630770    0.515738    1.318627    1.565745    1.484398    1.509261    1.483209    1.371013    1.403711    1.501947    
