 6    -2.902809    3.450009    0.627587
0.339865  0.191300  -1.140822  0.778411  1.707351  1.008358  -1.292085  -0.473293  0.210802  -0.992069  0.924987  0.120085  -0.173989  1.086957  1.130888  
-0.300000  1.000000  1.000000  1.000000  1.000000  1.000000  
 1    -0.328497    0.125117      0.594776   2610.000000      0.369661
 2    -1.019421    0.189010      0.703535   5976.000000      1.098784
 3    -1.326722    0.334166      0.751907   9116.000000      1.946423
 4    -1.567074    0.450221      0.789741   13075.000000      2.217455
 5    -1.605814    0.433941      0.795839   18150.000000      3.299417
 6    -1.753543    0.465693      0.819093   24106.000000      4.808613
 7    -1.903490    0.551224      0.842697   33831.000000      7.756617
 8    -2.036863    0.608549      0.863691   42230.000000     10.651611
 9    -2.121088    0.644170      0.876949   51839.000000     14.194770
10    -2.135555    0.616161      0.879226   68394.000000     21.228592
4.193004    0.949621    
5.419227    2.576555    1.084704    0.847372    
4.022095    5.520443    4.170134    0.775695    1.147854    1.350123    
4.045109    5.535579    4.028999    4.420655    0.764499    1.168418    1.350729    1.364541    
4.051630    5.537672    4.002523    4.357976    1.388098    0.763908    1.184109    1.353656    1.347020    0.088338    
4.056433    5.507654    3.826654    4.932316    3.043527    5.653892    0.724682    1.137773    1.374958    1.487306    0.167738    0.266741    
3.900330    5.330575    3.989288    3.527111    2.229990    5.971070    4.064186    0.700734    1.213073    1.540143    1.332234    0.223211    0.286936    0.254576    
3.939553    5.574931    4.095853    4.015795    1.571921    0.813369    1.939681    3.966993    0.832312    1.112344    1.317909    1.296891    0.223444    1.316386    0.270877    0.223403    
3.905807    5.526669    4.256377    3.843907    1.656162    0.595756    2.035910    2.268906    3.792892    0.759205    1.102575    1.390585    1.299470    0.317856    1.292051    0.159537    0.304705    0.197242    
3.938107    5.041711    4.647491    3.754264    1.422158    5.998221    6.058160    2.435377    2.561975    3.510336    0.585236    1.210182    1.459014    1.225354    0.141651    0.533654    1.570796    1.244758    0.219735    0.073309    
