 6    -3.164974    4.602306    0.144057
-1.789561  -0.620432  -1.171035  0.148565  0.893654  -1.575155  -0.288518  -0.152455  -0.774642  -0.676979  1.407445  0.790398  -1.298069  -1.898607  -0.394314  
0.479722  0.415568  0.264083  0.433792  0.279040  0.554994  
 1    -2.052192    0.056558      0.856735   3228.000000      0.405011
 2    -2.761591    0.008487      0.948066   7130.000000      1.004517
 3    -2.871838    0.014974      0.962260   11641.000000      1.782130
 4    -2.991469    0.001790      0.977662   18175.000000      3.055748
 5    -3.002204    0.000683      0.979044   26148.000000      4.940392
 6    -2.979858    0.018296      0.976167   40248.000000      8.908080
 7    -2.980881    0.019672      0.976299   50345.000000     12.321478
 8    -2.989141    0.033809      0.977362   93891.000000     28.896242
 9    -2.990107    0.023972      0.977487   132964.000000     46.345767
10    -3.008019    0.000488      0.979793   215416.000000     86.457484
2.388566    0.511818    
2.170387    2.528309    0.738455    0.378458    
2.109883    2.051560    4.481690    0.691342    0.394113    1.416355    
1.143981    1.845313    1.976935    4.504904    0.594313    0.541856    0.323085    1.484919    
1.098553    1.812281    1.926058    4.781310    2.957796    0.598391    0.534986    0.341122    1.384873    1.477282    
1.820411    1.922529    4.894180    5.946062    5.472270    2.563229    0.638878    0.427850    1.263675    0.241606    1.397427    1.479875    
1.818691    1.908126    4.881781    5.926405    5.488381    2.546454    5.587251    0.636435    0.424897    1.261801    0.240992    1.401249    1.499870    1.551014    
1.860509    1.826806    4.694009    5.541768    1.841571    3.979946    2.303608    3.383918    0.640294    0.380240    1.251232    0.225632    0.125465    1.451238    1.456405    1.553575    
1.778507    1.836570    4.928288    6.053909    6.283185    2.285375    0.314405    2.025778    3.290772    0.621352    0.422845    1.240379    0.261722    1.439228    0.577655    1.037088    0.000000    1.513396    
1.152027    1.683095    1.873295    5.000588    2.938031    6.283185    6.019545    6.012029    5.877912    5.739818    0.569001    0.507788    0.351529    1.393790    1.535494    1.458778    0.133480    1.460891    0.094729    1.533681    
