 6    -2.346595    3.689455    0.386675
0.108446  0.858697  -0.303699  -1.112064  2.308893  -1.048867  0.947621  0.883204  0.070424  0.041427  -0.289262  -0.204524  -0.044850  -0.477368  -1.277278  
-0.300000  1.000000  1.000000  1.000000  1.000000  1.000000  
 1    -0.692501    0.024057      0.725964   2898.000000      0.389399
 2    -0.948847    0.004050      0.768433   5817.000000      1.052205
 3    -1.076801    0.011197      0.789632   9128.000000      1.667309
 4    -1.274584    0.042094      0.822399   12750.000000      2.779009
 5    -1.354452    0.028504      0.835630   18655.000000      3.548560
 6    -1.493717    0.013705      0.858703   24163.000000      4.910129
 7    -1.569492    0.006432      0.871256   32198.000000      7.197870
 8    -1.600130    0.410584      0.876332   41236.000000     10.291275
 9    -1.692808    0.025332      0.891686   54443.000000     15.554511
10    -1.721443    0.014130      0.896430   68583.000000     22.279557
0.490336    0.521017    
0.522880    1.117213    0.442874    0.320855    
0.548691    1.177998    5.022249    0.466517    0.329866    1.388050    
0.697785    1.032547    3.822714    4.184751    0.394023    0.390096    0.196929    1.344360    
0.707733    1.005973    3.841816    4.247850    4.999327    0.411630    0.351471    0.235203    1.378968    0.142591    
0.694483    1.034200    5.482239    3.685547    5.073444    1.010321    0.413446    0.266571    1.458090    1.475557    0.205292    0.184021    
0.607151    1.004466    3.783130    4.282948    0.947750    6.230016    3.458653    0.372130    0.304258    0.043760    1.376727    1.415141    0.155642    0.178632    
5.575787    3.209069    4.691221    5.604418    1.987597    1.388082    1.415086    2.816446    1.052605    0.406497    0.411249    0.125148    1.287741    1.235941    0.253938    1.443095    
0.621091    0.987093    3.932756    3.680292    0.340443    3.794129    4.803646    3.393738    3.500683    0.368097    0.498963    0.073699    0.254117    1.174477    1.338342    0.121144    0.176372    0.166581    
0.590695    1.013826    5.314439    3.711982    1.034298    1.670072    4.132130    1.171428    0.319669    5.890003    0.294647    0.271904    1.374979    1.374285    1.422790    1.472784    0.128934    0.466110    1.309652    1.462783    
