 6    -3.256121    4.572723    0.179238
0.363580  1.314545  -1.146046  -0.488436  0.720190  -0.065189  1.841201  0.129148  1.689050  0.924599  -0.364502  1.552866  0.687094  1.868193  -2.101154  
-0.292450  0.206018  0.331817  -0.141694  -0.260128  -0.400962  
 1    -1.844843    0.483986      0.819734   3219.000000      0.405101
 2    -2.849297    0.869371      0.948035   7352.000000      1.053171
 3    -3.182179    0.965034      0.990555   12269.000000      1.912583
 4    -3.228455    0.984285      0.996466   22640.000000      3.977643
 5    -3.245653    0.994624      0.998663   33733.000000      6.765141
 6    -3.254742    0.999229      0.999824   55269.000000     13.247348
 7    -3.255562    0.999704      0.999929   104887.000000     30.639657
 8    -3.255843    0.999884      0.999964   142305.000000     45.727697
 9    -3.256047    0.999957      0.999991   170781.000000     58.227238
10    -3.255892    0.999903      0.999971   170194.000000     59.230684
5.339934    0.531300    
4.519280    5.645970    0.740396    0.410152    
3.158859    4.281994    4.877504    0.641099    0.522258    0.269593    
2.425245    3.628507    3.460805    4.168184    0.601814    0.467241    0.337824    0.177724    
2.187229    3.592818    3.357247    3.812679    4.845716    0.628836    0.475474    0.365170    0.262525    0.086417    
1.740951    3.254525    3.268049    3.363148    4.152449    5.537273    0.622448    0.478646    0.392894    0.303269    0.198379    0.063359    
1.373327    2.752752    3.120541    3.221128    3.567477    4.397137    5.401089    0.619862    0.481746    0.421876    0.350094    0.271467    0.166351    0.056137    
1.357886    2.750513    3.176946    3.280902    3.566847    4.341986    5.262806    5.731722    0.623142    0.491251    0.434095    0.358289    0.285670    0.194522    0.091338    0.019303    
1.046513    2.350074    2.914203    3.226964    3.310199    3.677330    4.361645    5.145463    5.635930    0.661836    0.534554    0.469793    0.408697    0.346673    0.285808    0.194474    0.095470    0.022981    
1.280860    2.634080    3.136485    3.257969    3.534754    4.315262    5.386633    5.857011    6.251739    2.629123    0.613124    0.486095    0.433653    0.359601    0.283105    0.187058    0.073189    0.000000    1.562310    1.570465    
