 6    -1.960350    2.301139    0.008218
-1.749765  0.342680  1.153036  -0.252436  0.981321  0.514219  0.221180  -1.070043  -0.189496  0.255001  -0.458027  0.435163  -0.583595  0.816847  0.672721  
-0.181620  -0.135894  -0.599971  0.068909  -0.174676  0.188189  
 1    -1.150926    0.331352      0.810061   3267.000000      0.409747
 2    -1.743185    0.749782      0.949040   7263.000000      1.067283
 3    -1.838521    0.836673      0.971412   11805.000000      1.820034
 4    -1.926518    0.927629      0.992061   17775.000000      3.033111
 5    -1.949452    0.957196      0.997443   32133.000000      6.463244
 6    -1.955260    0.977482      0.998806   46778.000000     10.752855
 7    -1.957903    0.990713      0.999426   69942.000000     18.446049
 8    -1.959554    0.998329      0.999813   130995.000000     43.073694
 9    -1.960143    0.999717      0.999951   175074.000000     62.747424
10    -1.960267    0.999941      0.999981   231891.000000     90.305463
6.283185    0.676831    
5.321211    5.637594    0.474799    0.400664    
3.929667    5.417234    6.283185    0.504496    0.425351    0.193944    
3.434783    5.270446    5.468434    6.283185    0.631948    0.463860    0.294294    0.208964    
2.599065    4.522809    4.942911    5.529295    6.283185    0.587240    0.451774    0.379723    0.234256    0.137841    
2.281866    4.384732    4.664783    5.055596    5.873283    6.283185    0.618037    0.448062    0.385474    0.307296    0.167669    0.087323    
2.317594    4.316052    4.703131    5.140700    5.592309    6.283185    6.283185    0.615494    0.464680    0.394894    0.321741    0.231316    0.115192    0.059485    
2.183766    4.161873    4.509142    4.921092    5.419274    5.879953    6.283185    6.283185    0.609278    0.452125    0.391419    0.323961    0.238735    0.168325    0.078090    0.048639    
1.921796    3.870327    4.466200    4.847968    5.264120    5.867055    6.088125    6.283185    6.283185    0.610280    0.473442    0.405709    0.347969    0.273957    0.195140    0.130721    0.059437    0.036736    
1.677470    3.568504    4.374153    4.841704    5.289245    5.835240    6.283181    6.152022    6.025753    5.888334    0.602827    0.483178    0.425318    0.370037    0.303802    0.227693    0.155357    0.087681    0.042510    0.023377    
