 6    -2.779890    4.135807    0.670794
0.709056  0.857144  1.688367  2.164774  -0.970375  1.072576  1.688920  0.015477  -0.012332  0.213066  0.651998  -0.178201  -0.044454  0.014322  0.032892  
-0.300000  1.000000  1.000000  1.000000  1.000000  1.000000  
 1    -0.421073    0.044034      0.658918   2550.000000      0.396939
 2    -0.693498    0.023399      0.698311   5756.000000      1.084641
 3    -0.949398    0.047968      0.735313   9908.000000      1.557945
 4    -1.175967    0.017386      0.768075   13851.000000      2.340326
 5    -1.472607    0.341788      0.810969   18716.000000      3.375832
 6    -1.472792    0.291288      0.810995   25269.000000      5.008894
 7    -1.913246    0.498578      0.874685   33496.000000      7.618657
 8    -2.025607    0.493151      0.890932   43756.000000     11.109242
 9    -2.086660    0.673967      0.899760   52916.000000     14.785492
10    -2.170724    0.600921      0.911915   71065.000000     22.495579
4.968268    0.390408    
5.045724    3.523606    0.404128    0.978224    
5.026605    3.555467    1.206514    0.541371    1.082731    1.142605    
4.799532    0.983299    1.560490    1.977679    0.568276    1.095572    0.418784    1.286593    
2.107683    3.111256    4.365530    6.258929    2.635699    0.695303    0.370984    0.262242    1.334651    1.158602    
5.475411    3.429401    4.390942    3.950806    0.256846    3.196180    0.668659    0.915677    1.300885    0.990423    0.604300    0.335763    
5.459250    3.591186    2.173869    5.752020    0.492554    3.085736    3.900550    0.506365    1.096466    0.664575    0.769553    0.466522    1.348994    0.213209    
5.171564    3.369834    3.855899    4.547738    0.638923    2.137042    0.897427    4.111205    0.296936    0.967454    1.231472    1.111525    0.215106    1.107310    0.481602    1.410960    
4.798886    3.829928    4.020836    4.549242    0.712280    4.214162    2.406413    3.839559    5.952813    0.748228    0.949678    1.235308    1.183143    0.600589    0.764747    1.286362    0.079874    0.105810    
5.065868    0.177784    5.282408    2.517493    3.538085    4.484384    1.418817    1.879765    0.952742    4.631333    0.592947    1.495433    1.233111    0.839773    0.540048    1.404275    1.480936    0.522363    1.305821    0.187415    
