 6    -3.560477    1.990232    0.316832
-1.708201  -0.685090  0.474089  1.287810  -0.074869  0.118065  0.501762  1.971941  -1.543012  1.101359  0.513531  1.303107  -0.039411  -0.404673  0.646122  
0.165457  0.120931  -0.600000  -0.099496  -0.161835  0.103440  
 1    -1.462624    0.161648      0.622057   3501.000000      0.501139
 2    -2.515978    0.245317      0.811826   7546.000000      1.099692
 3    -2.563815    0.414838      0.820444   12815.000000      2.081228
 4    -2.880419    0.325806      0.877483   19592.000000      3.328090
 5    -3.292268    0.823285      0.951680   30801.000000      6.074164
 6    -3.352672    0.894447      0.962562   39056.000000      8.157177
 7    -3.412903    0.907695      0.973414   58071.000000     14.071146
 8    -3.475513    0.956277      0.984693   93421.000000     27.327844
 9    -3.485581    0.965594      0.986507   137446.000000     45.969415
10    -3.493052    0.964918      0.987853   199231.000000     73.814491
6.283185    0.767394    
5.529346    5.428913    0.241166    0.607508    
6.283185    5.178862    3.923712    0.232760    0.728710    1.422523    
6.283185    6.283185    6.283185    4.881239    0.579131    0.527764    1.483280    0.336056    
5.582608    6.283185    6.283185    6.283185    5.063391    0.425172    0.640639    1.403577    0.538853    1.206740    
5.476979    6.283185    6.283185    6.283185    5.028971    6.283185    0.569746    0.526562    1.491600    0.579640    1.089413    0.200864    
6.190414    6.086529    6.283185    6.283185    5.448308    6.283185    4.354945    0.560270    0.540380    1.570796    0.467008    1.317484    0.346104    1.264957    
6.034420    6.278373    5.725626    5.725627    5.626792    6.283185    4.644342    2.732505    0.569115    0.485324    1.570796    0.599649    1.129775    0.193122    0.646843    0.904630    
6.283185    6.283185    5.599540    5.599419    5.390076    6.283185    4.638055    3.145485    4.912243    0.564904    0.482229    1.570796    0.641355    1.142765    0.086444    0.622103    0.931496    0.085344    
6.283185    6.283185    5.671482    5.672136    5.069141    5.918898    5.626957    2.682055    6.283185    6.283185    0.567249    0.470602    1.570796    0.640175    1.138412    0.094092    0.703093    0.889100    0.165736    1.458366    
