 6    -2.315298    2.808945    0.600040
0.045279  -0.499267  -1.271602  -0.517983  0.510143  -0.288202  -0.237575  -0.498752  -0.734063  1.241094  0.074512  0.214214  0.209978  -1.570645  -0.863728  
0.106057  0.069300  -0.599997  0.090044  0.094703  0.148615  
 1    -0.745614    0.225715      0.693675   2940.000000      0.370433
 2    -1.757045    0.579413      0.891056   6076.000000      0.860533
 3    -2.108786    0.888972      0.959699   9396.000000      1.423187
 4    -2.168423    0.926991      0.971337   15672.000000      2.659950
 5    -2.254968    0.952869      0.988226   21429.000000      3.916733
 6    -2.302381    0.988743      0.997479   28321.000000      5.698755
 7    -2.310106    0.994990      0.998987   43939.000000     10.515094
 8    -2.313813    0.998684      0.999710   59531.000000     16.305449
 9    -2.314453    0.999286      0.999835   85705.000000     27.640973
10    -2.315025    0.999812      0.999947   110157.000000     40.325449
6.283185    0.588965    
6.283185    6.283185    0.259967    0.508438    
6.283185    6.283185    6.283185    0.349927    0.286278    0.276967    
3.932812    6.283185    6.283185    6.283185    0.408634    0.280284    0.263952    0.177363    
4.206111    6.283185    6.283185    6.283185    6.283185    0.634235    0.358351    0.244770    0.189798    0.214892    
4.566766    6.283185    6.283185    6.283185    6.283185    6.283185    0.562623    0.394541    0.300749    0.164160    0.151080    0.135464    
3.623038    6.209742    6.283185    6.283185    6.283185    6.283185    6.283185    0.550153    0.400635    0.325230    0.231579    0.141515    0.110099    0.077674    
3.380457    6.176126    6.283185    6.283185    6.050364    6.283185    6.283185    6.283185    0.595193    0.396731    0.328199    0.262049    0.192781    0.096664    0.076137    0.062535    
3.265059    5.750269    6.122929    6.283185    6.279891    6.144027    6.283185    6.187576    6.283185    0.583103    0.397692    0.330974    0.271354    0.214376    0.127139    0.075778    0.060235    0.032620    
3.167125    5.875403    6.244543    6.283185    6.096651    6.283185    6.246490    6.283185    6.283185    6.174964    0.576064    0.415052    0.343382    0.265081    0.203962    0.152887    0.102347    0.054339    0.033042    0.029203    
