 6    -3.684455    2.768334    0.451339
1.181663  3.286588  -1.621765  0.949320  0.052378  0.064238  -0.407483  -0.086520  0.716453  1.220180  -0.421267  -0.436458  0.176678  0.855759  1.180917  
-0.300000  1.000000  1.000000  1.000000  1.000000  1.000000  
 1    -0.365115    0.107780      0.485596   2874.000000      0.372925
 2    -1.354404    0.157389      0.638908   5871.000000      0.864178
 3    -1.737747    0.188539      0.698315   9986.000000      1.581606
 4    -2.204058    0.338154      0.770580   14424.000000      2.490062
 5    -2.293940    0.384085      0.784509   19562.000000      3.605273
 6    -2.364110    0.231170      0.795384   26374.000000      5.446891
 7    -2.422342    0.314509      0.804408   33624.000000      7.541085
 8    -2.620079    0.449673      0.835052   43072.000000     10.877080
 9    -2.796279    0.413254      0.862358   54252.000000     15.213156
10    -2.884667    0.512890      0.876055   74042.000000     23.642806
6.283185    1.058179    
5.488652    1.116101    0.463549    0.715025    
5.431918    1.050647    3.350746    0.403975    0.853525    0.257570    
4.641686    5.748554    3.411005    2.372225    0.584138    0.751715    0.240481    0.933693    
4.630310    5.736232    3.401136    2.380226    4.710333    0.620186    0.730291    0.227283    0.977667    1.456704    
3.223579    5.228902    1.839426    3.870564    5.042106    2.137989    0.643428    0.468535    1.173980    0.195444    1.253171    0.213976    
1.134328    5.309606    4.525557    6.283185    0.923579    2.548109    5.448937    0.445660    0.880198    1.249033    1.344608    0.141187    1.451824    1.357094    
3.417196    4.564072    3.287089    5.563359    6.066541    0.984313    5.415995    2.367540    0.574055    0.663865    1.422273    0.094918    0.275581    1.292266    0.156031    1.436921    
4.852404    5.868517    3.561654    2.161905    2.683864    5.264810    3.188366    1.283599    5.613055    0.617776    0.837841    0.355000    1.017947    0.217216    0.374515    0.123876    1.408725    0.121729    
5.642309    4.135148    2.150882    2.204527    1.175700    2.954548    4.938539    3.749075    4.844479    4.512233    1.088774    0.156975    0.282586    1.075188    1.041673    0.318381    0.304733    0.339905    1.406782    1.516717    
