 6    -2.779890    4.135807    0.670794
0.709056  0.857144  1.688367  2.164774  -0.970375  1.072576  1.688920  0.015477  -0.012332  0.213066  0.651998  -0.178201  -0.044454  0.014322  0.032892  
-0.339424  -0.136833  0.482789  0.204628  0.200777  -0.183704  
 1    -1.426214    0.404817      0.804260   3210.000000      0.410233
 2    -2.408057    0.796895      0.946233   6930.000000      1.004893
 3    -2.666421    0.913976      0.983593   12072.000000      1.932765
 4    -2.744135    0.975333      0.994830   20360.000000      3.524312
 5    -2.767360    0.991199      0.998188   32038.000000      6.468258
 6    -2.776006    0.997511      0.999438   56057.000000     13.628286
 7    -2.778520    0.999370      0.999802   82148.000000     22.726377
 8    -2.779486    0.999834      0.999942   169234.000000     57.418434
 9    -2.779487    0.999836      0.999942   174726.000000     58.064916
10    -2.779736    0.999930      0.999978   171702.000000     57.692112
5.430873    0.639409    
4.246110    5.115886    0.642950    0.358721    
3.487213    4.264068    5.221250    0.608965    0.452558    0.219200    
2.735325    3.935424    4.037381    4.932831    0.601470    0.463532    0.320168    0.163262    
1.824742    3.552220    3.811259    4.160814    4.806536    0.615653    0.479147    0.403935    0.260176    0.113669    
1.751226    3.304929    3.478710    3.643287    4.191288    5.008029    0.638518    0.462873    0.393949    0.301456    0.189220    0.068529    
1.695718    3.181292    3.474287    3.667619    4.124261    4.845330    5.756403    0.622954    0.474761    0.406634    0.322372    0.229885    0.120670    0.038334    
1.356574    2.750712    3.317735    3.538229    3.830349    4.463724    5.122323    5.739945    0.618155    0.488626    0.427608    0.362189    0.284282    0.194583    0.094847    0.030347    
1.363264    2.756031    3.313133    3.535800    3.829934    4.458238    5.111283    5.676265    4.215924    0.618467    0.488154    0.427207    0.362180    0.284993    0.195743    0.096595    0.031483    0.001015    
1.100411    2.486942    3.105663    3.471294    3.641140    4.008231    4.685094    5.606502    1.425934    3.230236    0.650075    0.534075    0.465305    0.403272    0.343490    0.275146    0.186781    0.117406    1.530493    0.034397    
