 6    -4.540918    3.845071    0.554561
0.158384  -2.469081  -1.367974  0.135415  1.363801  -0.059990  -0.573970  0.521582  -0.633190  -0.989024  -1.811767  -0.207563  0.278757  1.736000  1.327823  
0.495370  -0.039080  0.267542  0.272208  0.203390  -0.349248  
 1    -2.734184    0.388070      0.784553   3150.000000      0.398267
 2    -4.222257    0.656243      0.962001   6740.000000      0.962049
 3    -4.368145    0.716641      0.979398   12118.000000      1.930413
 4    -4.398845    0.788813      0.983058   18957.000000      3.227842
 5    -4.448986    0.885909      0.989037   35391.000000      7.471253
 6    -4.511933    0.986812      0.996544   65096.000000     16.132831
 7    -4.533277    0.996314      0.999089   103330.000000     29.411107
 8    -4.540205    0.999808      0.999915   157779.000000     50.617738
 9    -4.540592    0.999914      0.999961   214677.000000     74.363707
10    -4.540796    0.999962      0.999986   295680.000000    112.432331
5.103722    0.534186    
4.928245    5.443904    0.723030    0.378895    
2.897329    4.301290    5.022237    0.624113    0.514775    0.246596    
3.023033    4.453731    5.137032    6.283185    0.648640    0.537949    0.344682    0.106407    
2.963773    3.995537    4.678381    5.659971    6.017932    0.596357    0.484565    0.336490    0.203639    0.126036    
3.277406    4.221599    5.208747    6.283185    5.115011    6.018509    0.625179    0.465496    0.245518    0.146401    0.231063    0.136950    
2.193462    3.840685    4.316932    5.301229    6.283185    5.049168    5.539414    0.590033    0.513423    0.338006    0.178571    0.191087    0.206172    0.112589    
1.814297    3.545053    3.770826    4.467852    5.847374    5.865779    5.337320    5.566266    0.616403    0.492475    0.396370    0.238173    0.155404    0.199712    0.180488    0.082180    
1.599361    3.265584    3.630369    4.078846    5.168844    6.130375    5.465796    5.403983    5.435869    0.623672    0.490747    0.421950    0.293847    0.182131    0.173527    0.180953    0.127828    0.040573    
1.419227    2.796900    3.350501    3.760390    4.495588    5.501652    5.801305    5.589720    5.605333    5.991074    0.600334    0.470991    0.428323    0.344834    0.240573    0.176888    0.171022    0.147205    0.098326    0.031666    
