 6    -3.075369    4.069243    0.410203
-1.450948  1.910953  0.711879  -0.247738  0.361466  -0.032950  -0.221347  0.477257  -0.691939  0.792006  0.073249  1.303286  0.213481  1.017349  1.911712  
-0.300000  1.000000  1.000000  1.000000  1.000000  1.000000  
 1    -0.477734    0.017003      0.636420   2526.000000      0.375891
 2    -0.880417    0.004962      0.692782   5832.000000      0.911599
 3    -1.389554    0.030503      0.764044   9932.000000      1.570214
 4    -1.479280    0.151316      0.776602   14417.000000      2.427492
 5    -1.616412    0.038158      0.795796   18321.000000      3.366542
 6    -1.785042    0.172812      0.819399   24194.000000      4.818792
 7    -2.108749    0.567325      0.864706   32105.000000      7.342030
 8    -2.176808    0.548139      0.874232   41534.000000     10.432678
 9    -2.443797    0.468046      0.911602   53857.000000     15.602904
10    -2.275983    0.705085      0.888113   65287.000000     21.352350
3.841317    0.972851    
3.766398    3.558618    0.808628    0.461745    
3.615140    3.555228    4.435505    0.851023    0.542389    1.249619    
3.544791    3.650044    4.686927    6.283185    0.827072    0.552274    1.197608    1.386077    
3.625024    3.454294    4.399314    5.762615    3.000377    0.802585    0.582881    1.242488    0.199650    0.231662    
3.677725    3.458870    4.476223    5.603075    3.213151    4.604581    0.783607    0.591009    1.308898    0.233616    0.285834    0.220724    
3.008304    6.244421    1.411871    4.041869    1.630267    5.250887    4.994456    0.659386    1.123970    0.815598    0.161952    1.190232    0.231750    0.509557    
3.778134    3.229164    4.467139    4.942219    4.026631    4.066177    5.391112    5.702540    0.774525    0.728269    1.258441    0.253740    0.442547    0.327230    0.183610    1.386814    
3.708917    3.382869    3.621870    5.659329    6.204011    3.564538    3.162835    3.434637    2.604984    0.734379    0.616966    1.570796    0.178199    1.229300    1.237745    1.304439    0.198996    0.386851    
3.378449    5.522450    2.124869    3.401716    0.934640    4.604972    4.536432    3.548922    2.610258    1.595500    0.586341    1.141368    0.513575    0.323164    0.917392    1.208751    0.107917    0.171226    0.222579    1.398146    
