 6    -2.351482    3.072186    0.136440
1.106323  0.363394  -0.936566  0.047962  0.263298  -0.084500  -0.391316  0.255723  0.376680  -0.973780  0.143114  -1.327974  2.457710  1.226160  -0.086657  
-0.300000  1.000000  1.000000  1.000000  1.000000  1.000000  
 1    -0.412299    0.059611      0.642459   2814.000000      0.363247
 2    -0.865253    0.012679      0.725973   6127.000000      0.904164
 3    -1.079883    0.067154      0.765546   9085.000000      1.430203
 4    -1.267666    0.097822      0.800169   13454.000000      2.274423
 5    -1.549165    0.115429      0.852071   19310.000000      3.616737
 6    -1.655396    0.019402      0.871658   25727.000000      5.285260
 7    -1.681630    0.042634      0.876495   34561.000000      7.929140
 8    -1.855064    0.394908      0.908472   42549.000000     10.706917
 9    -1.935186    0.116984      0.923245   60864.000000     18.307506
10    -1.912088    0.435576      0.918986   67734.000000     22.920107
4.668994    1.069520    
4.194116    5.454609    1.043136    0.975954    
2.503615    3.597521    4.258017    0.779839    1.004979    1.378578    
2.050967    3.566819    4.211804    2.144332    0.866221    0.761225    1.182314    0.322067    
2.542815    3.729714    4.774428    2.703265    3.840601    0.763648    1.163657    1.354311    0.209274    0.330930    
2.531052    4.677160    2.288024    4.502685    5.831265    1.523288    0.718188    0.301873    1.326814    0.650741    0.029176    0.166202    
4.851145    0.901467    1.875705    4.956361    1.975246    3.083981    3.416886    0.940180    0.601067    1.263608    0.120169    0.382907    1.398753    1.487822    
2.533142    3.360525    4.348472    1.155592    3.438840    3.415637    5.964635    2.539718    0.754623    1.029156    1.137314    1.374299    0.141321    0.257638    1.436859    0.111602    
2.534011    3.592911    4.370247    1.686486    4.420455    5.467059    3.503782    1.484693    3.672430    0.810817    1.121666    1.484532    0.174788    1.401380    1.499210    0.293897    1.348135    1.440472    
4.867971    1.477422    5.036173    1.003980    4.599775    0.859236    1.211387    5.776539    2.794870    2.312192    0.868712    0.454103    1.538736    1.438179    1.434158    1.433008    1.232385    0.160406    1.324701    1.399254    
