 6    -2.472018    3.358183    0.484075
-0.835604  0.665364  0.481271  -0.938764  -0.122347  -1.126123  -0.846273  -1.317148  -1.813608  -0.155595  0.611860  0.014949  0.795852  0.011985  0.922505  
-0.000692  -0.534247  -0.376878  -0.388021  0.378157  -0.501691  
 1    -1.312372    0.335497      0.801097   3390.000000      0.425996
 2    -1.541293    0.375667      0.840361   7983.000000      1.142906
 3    -2.009279    0.499761      0.920631   12435.000000      1.938300
 4    -2.012012    0.502676      0.921100   20391.000000      3.495123
 5    -2.014511    0.504002      0.921528   39664.000000      8.276464
 6    -2.018400    0.508700      0.922195   60660.000000     15.090068
 7    -2.025764    0.515553      0.923458   113102.000000     32.591183
 8    -2.030541    0.520764      0.924278   183963.000000     62.237460
 9    -2.034492    0.525996      0.924955   251842.000000     90.102241
10    -2.037925    0.529384      0.925544   389680.000000    150.665031
5.782876    0.801971    
4.660989    2.581121    0.556028    1.236251    
1.529002    2.092051    5.369350    0.628496    0.516843    1.365176    
1.454673    2.255967    5.215229    2.551184    0.652194    0.566579    1.217261    1.421954    
1.531432    3.753742    1.403955    3.257104    6.049766    0.677064    0.508035    0.938691    1.484652    1.425957    
1.655001    3.594500    1.447039    2.679367    6.283185    2.639941    0.719593    0.394812    1.032365    1.506821    1.250323    1.426407    
1.658406    1.950575    5.545051    6.283185    3.922762    2.210581    2.244577    0.602625    0.489020    1.357135    1.565280    1.331255    1.335001    1.363809    
1.531707    2.105250    5.529696    6.283185    6.283145    3.165703    2.409470    2.410457    0.633099    0.499854    1.385268    1.515500    1.567186    1.337518    1.307402    1.388105    
2.478709    5.491045    4.728083    6.277360    3.044911    6.234503    3.257886    5.553479    2.994171    0.784799    1.084490    0.308162    1.404086    0.161670    1.248602    1.570707    1.220356    1.378446    
2.409341    5.454770    4.624171    6.227981    3.017366    6.283185    3.366010    6.276011    2.970988    2.715969    0.780860    1.112788    0.287059    1.460967    0.184024    1.296252    1.570796    1.380201    1.299037    1.374175    
