 6    -2.062817    1.934422    0.022761
-0.923498  -0.196534  0.260503  -0.102614  -0.289689  0.713549  1.119250  -0.355867  -0.124338  0.141519  0.018409  -0.366028  0.248184  -0.044728  -1.645756  
-0.300000  1.000000  1.000000  1.000000  1.000000  1.000000  
 1    -0.253799    0.060526      0.547433   3204.000000      0.414344
 2    -0.563710    0.072931      0.624965   6230.000000      0.910925
 3    -0.933089    0.223636      0.717373   9586.000000      1.511111
 4    -0.942650    0.121457      0.719765   13460.000000      2.275879
 5    -1.179345    0.128687      0.778980   19429.000000      3.546245
 6    -1.306506    0.054607      0.810792   24527.000000      4.944135
 7    -1.414008    0.458211      0.837686   32041.000000      7.127706
 8    -1.486695    0.028923      0.855870   40848.000000     10.120148
 9    -1.542922    0.520519      0.869937   52068.000000     14.464258
10    -1.588678    0.504945      0.881383   66292.000000     20.325723
5.154866    0.431767    
5.160548    3.387899    0.431648    0.532470    
5.205764    3.442881    1.319582    0.485126    0.918730    1.158243    
5.210714    3.240891    5.893283    5.140518    0.671020    0.779439    0.293936    0.263739    
5.349438    3.307434    1.444600    6.283185    5.091238    0.397596    1.021829    1.228288    0.443382    1.435606    
5.343499    3.279021    1.504121    6.256298    4.927577    1.953791    0.397326    1.024629    1.280791    0.438674    1.460980    0.196441    
5.438276    3.362704    2.769180    4.934270    3.705731    3.389201    5.712657    0.604027    0.990938    0.000000    0.630132    0.466226    0.576388    1.244469    
1.016641    1.203851    3.355266    4.172090    6.234233    3.202964    3.842164    0.807324    0.971790    0.795191    0.190993    0.127255    0.346474    1.163354    1.360526    1.374720    
5.572172    1.472000    2.747695    1.842883    6.283185    4.864336    1.152733    2.945391    6.283185    0.437500    0.973806    0.147819    0.269719    1.352709    1.035994    0.120043    0.112609    1.395700    
5.812633    2.001308    2.506309    2.152839    5.486359    3.011310    5.016595    1.837628    4.184753    1.956705    0.341616    1.349496    0.232890    0.155765    1.289866    1.400010    1.020247    1.248836    1.553412    1.418991    
