 6    -3.187935    2.485536    0.547875
0.284659  -1.315573  -0.206194  -1.485032  -0.567317  1.520115  0.523557  0.024520  -1.685001  -0.604265  -0.469087  0.473629  0.909703  0.246694  0.447508  
-0.589325  0.541973  -0.752157  -0.282869  -0.404957  0.706293  
 1    -1.716046    0.470097      0.740566   3144.000000      0.403485
 2    -2.831146    0.844985      0.937113   6290.000000      0.932734
 3    -3.103840    0.956674      0.985177   10378.000000      1.710888
 4    -3.132885    0.970661      0.990297   15075.000000      2.553821
 5    -3.134832    0.975768      0.990640   21092.000000      3.996249
 6    -3.150646    0.987354      0.993427   31829.000000      7.138197
 7    -3.144749    0.986287      0.992388   45920.000000     11.416694
 8    -3.158804    0.988615      0.994865   69139.000000     20.227045
 9    -3.181196    0.997439      0.998812   106734.000000     36.196568
10    -3.163968    0.991799      0.995776   128831.000000     46.440301
1.148883    0.539244    
1.085742    1.291301    0.718358    0.372906    
0.796524    0.998150    1.104301    0.632980    0.478060    0.246506    
0.749398    1.014207    1.120232    2.689345    0.638137    0.502689    0.281211    1.514283    
0.744923    1.021048    1.141302    2.733521    3.076133    0.641721    0.507179    0.288368    1.504364    0.017933    
0.626261    0.964520    1.122389    2.720979    1.503999    3.039283    0.614939    0.520206    0.349587    1.398067    1.448997    0.035656    
0.782964    0.985141    1.130357    4.532000    1.646962    2.915772    4.556088    0.630644    0.484991    0.270312    0.099282    0.088353    1.531580    1.535529    
0.710924    0.949120    0.961347    2.679210    3.386431    5.886207    4.862712    3.188181    0.625027    0.474736    0.322277    1.424007    0.048793    0.046757    0.083675    1.488015    
0.465329    0.856030    0.885625    1.020575    2.938859    2.341996    3.231118    5.255033    3.533432    0.632703    0.495137    0.411983    0.270837    1.491741    0.012499    1.529472    1.515305    0.047441    
0.734505    0.967647    0.932569    2.565489    4.627056    6.283106    3.107845    3.110337    2.372642    5.656767    0.633160    0.477269    0.291593    1.447623    1.547250    1.526371    0.102760    1.470983    0.014944    1.546117    
