 6    -3.222778    4.155681    0.790196
1.852027  1.201873  -0.549276  0.219038  -0.016983  0.671893  0.333167  -1.771524  1.975094  0.418604  -0.558470  0.925971  -0.505698  -0.325270  -1.075545  
-0.460760  0.397113  0.291943  -0.236120  -0.021146  -0.799335  
 1    -1.741400    0.271565      0.799229   3294.000000      0.425770
 2    -2.629310    0.401482      0.919568   6069.000000      0.896677
 3    -2.760919    0.489687      0.937404   11056.000000      1.706449
 4    -2.907660    0.672091      0.957292   16295.000000      2.681624
 5    -3.012274    0.780880      0.971471   25148.000000      4.724836
 6    -3.070524    0.843183      0.979365   37659.000000      8.400425
 7    -3.146816    0.930925      0.989705   59383.000000     15.574471
 8    -3.192626    0.979034      0.995914   126644.000000     42.057764
 9    -3.216475    0.997362      0.999146   201528.000000     75.393811
10    -3.219351    0.998674      0.999536   327582.000000    135.121835
2.704894    0.525355    
2.550859    2.868008    0.682259    0.355451    
2.164912    2.490890    6.271520    0.614557    0.443280    1.397829    
2.365317    2.524281    6.283185    3.821464    0.629035    0.449571    1.238882    1.371021    
2.181706    2.473171    6.283185    3.057916    2.801315    0.617043    0.476521    1.217565    1.298136    1.405041    
2.182896    2.573288    6.283185    2.723976    2.354531    3.189632    0.635616    0.453075    1.249473    1.338947    1.293795    1.435696    
2.211224    2.512721    6.283185    2.912851    2.845958    3.486284    3.385588    0.626986    0.411187    1.357752    1.419110    1.339616    1.324741    1.419583    
2.225729    2.508099    3.972040    2.979246    5.052127    4.251734    3.183059    3.414937    0.625042    0.359478    1.470120    1.350652    1.452906    1.348019    1.327409    1.444667    
1.340786    2.160576    2.497617    6.283185    6.283185    3.520726    3.157407    3.113410    3.335297    0.568762    0.489228    0.292290    1.498833    1.496543    1.345169    1.313080    1.355486    1.485387    
1.340747    2.124880    2.411181    6.283185    4.288602    3.993133    2.858828    2.938482    3.172596    3.511169    0.558263    0.482475    0.291686    1.446329    1.474977    1.439698    1.384543    1.361660    1.398611    1.501684    
