 6    -2.543775    2.704169    0.139065
1.228264  -0.961592  -1.375194  -0.666736  -0.408250  -0.159367  -1.010143  -0.272901  1.148510  0.304371  0.659412  1.625798  -1.085026  -0.277913  0.463255  
-0.300000  1.000000  1.000000  1.000000  1.000000  1.000000  
 1    -0.483048    0.062832      0.607327   3093.000000      0.394641
 2    -0.878337    0.241893      0.682649   5923.000000      0.875743
 3    -1.187151    0.357535      0.741494   9046.000000      1.425194
 4    -1.306642    0.393152      0.764263   13762.000000      2.342156
 5    -1.475465    0.346053      0.796433   19732.000000      3.595036
 6    -1.618935    0.067229      0.823771   25124.000000      5.092899
 7    -1.659443    0.401071      0.831490   32568.000000      7.201086
 8    -1.938506    0.353288      0.884666   41483.000000     10.432608
 9    -2.039797    0.349215      0.903967   51019.000000     14.428110
10    -2.082751    0.371969      0.912152   66305.000000     21.473394
5.654050    0.820860    
1.961328    5.961054    1.037322    0.839525    
1.982629    5.964262    5.553283    0.994980    0.876154    0.279301    
1.985321    5.915804    0.299066    5.181666    0.987154    0.578512    0.342234    0.247651    
1.984089    5.996605    5.361769    5.246915    1.584072    0.971578    0.829373    0.268465    0.193207    1.361147    
5.653389    5.952650    4.248028    1.264423    1.473491    0.939571    0.834176    1.143992    1.379695    0.389907    1.311890    1.259187    
1.910446    6.028465    5.385478    5.426979    1.370404    0.928786    1.554660    0.969043    0.841622    0.260380    0.210109    1.294962    0.177719    1.437509    
5.734407    5.852332    4.210561    1.207241    1.691042    3.230972    4.924305    2.051817    0.833366    1.253258    1.498790    0.281767    1.333291    1.357479    1.197891    1.247483    
5.715683    5.837805    4.331287    1.121396    1.693924    3.284718    4.876455    2.084422    2.368216    0.844077    1.265079    1.489280    0.269389    1.317572    1.354203    1.179613    1.282174    1.439402    
5.714837    5.839766    4.292733    1.141286    1.684196    3.292996    4.876352    2.085541    2.398988    4.856191    0.821555    1.265049    1.493653    0.253735    1.312009    1.355988    1.181118    1.270990    1.442699    1.490621    
