 6    -2.186738    2.222201    0.240995
-1.271091  0.176137  -0.296216  0.326929  -0.973419  0.227681  -0.819328  0.107223  0.975278  0.081974  -0.476623  -1.492172  -0.403465  0.694778  0.212153  
-0.300000  1.000000  1.000000  1.000000  1.000000  1.000000  
 1    -0.327135    0.040041      0.578220   2823.000000      0.363850
 2    -0.877046    0.208721      0.702946   6268.000000      0.907592
 3    -0.954329    0.284406      0.720475   10133.000000      1.581510
 4    -1.140101    0.313264      0.762610   14311.000000      2.411612
 5    -1.220407    0.339592      0.780825   19963.000000      3.695493
 6    -1.314934    0.485296      0.802264   26514.000000      5.288781
 7    -1.544231    0.588256      0.854272   33555.000000      7.433769
 8    -1.600654    0.534177      0.867069   43404.000000     10.856089
 9    -1.616005    0.610081      0.870551   55123.000000     15.433027
10    -1.709020    0.639403      0.891648   68855.000000     21.477677
6.134048    0.826599    
6.163653    3.520930    0.649877    0.634579    
6.177545    3.557092    5.986860    0.686587    0.651393    0.157722    
6.145930    3.541826    4.960939    2.939012    0.729405    0.755082    1.476461    0.261001    
6.161230    3.554381    4.975432    3.014283    2.309180    0.730627    0.813312    1.446610    0.265433    1.415971    
3.500193    6.115719    4.487068    4.146390    3.680485    1.020906    0.352158    0.807919    0.444242    0.204839    0.281464    1.460347    
2.993382    6.085303    1.825617    0.194320    2.706379    0.687824    4.958494    0.410090    0.423548    1.020079    0.928677    0.467429    0.090445    0.127223    
3.262654    6.148998    4.494210    3.907687    4.832778    2.313127    5.083057    6.235146    0.492122    0.648880    0.323992    0.192828    1.458863    0.208327    0.304090    1.376528    
6.283185    3.508299    5.033964    2.857415    2.286860    6.283185    3.262217    5.908049    1.486254    0.760233    0.779583    1.390200    0.162995    1.402537    0.069529    1.458916    1.316092    1.544974    
3.488868    6.165785    4.516965    4.288465    3.413413    1.225259    0.758978    3.359008    5.081843    1.977359    0.367967    0.895243    0.541395    0.181863    0.277205    1.356486    0.416958    0.246822    1.479558    1.443404    
