 6    -2.382336    2.914723    0.747040
-0.253089  -0.637147  -1.909595  -0.106139  0.001714  -0.962448  0.254333  -1.112221  0.210460  1.389632  0.656688  -0.053128  0.415673  0.704063  -0.896223  
-0.300000  1.000000  1.000000  1.000000  1.000000  1.000000  
 1    -0.403066    0.012675      0.626345   2613.000000      0.340660
 2    -0.706622    0.072542      0.683652   5715.000000      0.846530
 3    -1.086128    0.215728      0.755297   9062.000000      1.479688
 4    -1.187364    0.359609      0.774408   12964.000000      2.195422
 5    -1.335602    0.357520      0.802393   18952.000000      3.496006
 6    -1.464985    0.420449      0.826819   25060.000000      5.172944
 7    -1.544069    0.427552      0.841749   34327.000000      7.887480
 8    -1.735712    0.658011      0.877928   45307.000000     11.768674
 9    -1.858185    0.630234      0.901049   52844.000000     15.294479
10    -1.947331    0.722027      0.917878   73260.000000     25.624936
1.474607    0.979972    
2.017383    1.955452    1.078082    1.240284    
1.511077    1.479267    5.013547    0.692031    1.095854    1.121206    
1.497561    1.535561    4.846617    4.384464    0.808622    1.076179    1.100997    0.309793    
2.054948    5.811730    5.548201    4.933855    1.441469    0.702479    1.192980    0.617022    0.179407    1.468359    
1.540689    1.529553    4.782707    4.342462    5.279291    2.127377    0.874842    1.108208    1.143038    0.326843    1.374313    0.217042    
1.578059    2.308381    3.064504    3.762628    4.480335    4.576146    2.901158    0.713428    1.081706    1.255181    1.489344    0.210449    1.482000    1.293420    
1.935573    1.118267    3.678052    1.925775    5.362400    2.801472    0.579851    6.186446    1.103207    1.099240    1.301847    1.271374    1.304645    0.374870    0.316537    0.300986    
2.117319    1.831180    5.215656    3.228631    3.391352    2.902182    6.222455    2.163172    2.482166    0.939589    1.174296    1.306097    1.474745    0.375024    1.261595    1.213068    1.401898    0.305453    
1.517560    1.083169    3.828662    1.196863    2.165260    5.739642    3.654065    0.624092    2.076837    0.976244    0.697099    0.394161    1.516453    0.841177    0.532575    0.351998    0.130918    0.342933    1.288831    1.137015    
