 6    -3.460574    5.207095    0.270769
2.630205  0.331635  -0.987540  1.196508  1.705176  0.144573  -0.224789  0.221373  2.062121  2.356455  2.345444  -0.973641  -0.211556  -0.499396  -1.075603  
0.390114  -0.286573  -0.246993  0.271528  0.264798  0.283069  
 1    -2.316827    0.533123      0.868044   3105.000000      0.391718
 2    -3.114447    0.904476      0.960067   6762.000000      0.965414
 3    -3.412177    0.981704      0.994416   13137.000000      2.069913
 4    -3.450260    0.994735      0.998810   21283.000000      3.693624
 5    -3.459189    0.999114      0.999840   32283.000000      6.322520
 6    -3.460186    0.999796      0.999955   57875.000000     14.196747
 7    -3.460431    0.999936      0.999984   71041.000000     18.625692
 8    -3.460446    0.999937      0.999985   111806.000000     35.242490
 9    -3.460453    0.999944      0.999986   122276.000000     39.634223
10    -3.460478    0.999956      0.999989   132376.000000     45.411009
4.867592    0.522450    
4.011935    4.954888    0.759165    0.403309    
2.601663    3.683276    4.414958    0.640172    0.558331    0.287763    
2.079214    3.128926    2.693156    3.560728    0.611678    0.465773    0.326374    0.202069    
1.553305    2.855627    2.668844    2.868092    3.669505    0.628125    0.469355    0.379864    0.292295    0.136037    
1.425899    2.649370    2.656406    2.754262    3.323007    4.273256    0.612949    0.463271    0.392628    0.307713    0.199915    0.052844    
1.150002    2.348875    2.721617    2.735393    3.009458    3.819877    4.916523    0.625300    0.496515    0.432876    0.353856    0.280450    0.170150    0.045579    
1.108845    2.314617    2.707583    2.714487    2.945753    3.647689    4.135428    3.504234    0.627501    0.501609    0.435411    0.357504    0.289704    0.184756    0.059852    0.014787    
1.110228    2.303445    2.708118    2.729390    2.993143    3.766123    5.342524    3.327569    6.283185    0.622101    0.496470    0.434176    0.356967    0.283546    0.174704    0.046610    1.547919    1.559184    
1.082544    2.273059    2.687373    2.714249    2.976923    3.785855    5.907975    3.679336    6.126382    3.457483    0.621933    0.496619    0.433028    0.358728    0.283885    0.175825    0.034591    1.530392    1.550542    1.569750    
