 6    -2.865383    3.561523    0.591522
-0.772544  -0.339930  -0.892330  0.660013  0.253680  1.573258  -0.578790  -1.557856  0.295479  -0.485479  -0.903351  1.664279  1.799863  -0.172902  0.933821  
-0.300000  1.000000  1.000000  1.000000  1.000000  1.000000  
 1    -0.425419    0.048527      0.620352   2721.000000      0.351279
 2    -1.224676    0.250806      0.744713   5553.000000      0.829443
 3    -1.562536    0.341603      0.797282   9630.000000      1.509774
 4    -1.724286    0.413584      0.822450   13203.000000      2.226311
 5    -1.769789    0.411128      0.829530   17835.000000      3.286420
 6    -1.935530    0.522690      0.855319   25225.000000      5.199520
 7    -2.086976    0.569940      0.878883   33630.000000      7.564173
 8    -2.164034    0.585060      0.890873   43424.000000     11.075674
 9    -2.287702    0.650637      0.910115   54586.000000     15.530967
10    -2.387338    0.714201      0.925618   70807.000000     23.775710
3.854556    0.794079    
3.791261    3.695873    0.800879    0.454730    
3.677702    3.676281    2.597144    0.789006    0.306775    1.272947    
3.651347    3.689853    2.638340    1.498437    0.776051    0.295437    1.253276    1.404035    
3.646671    3.759466    2.597467    5.038635    5.482832    0.789348    0.327012    1.246905    0.148417    1.424164    
3.712844    3.682730    4.526796    3.189514    2.643024    6.234559    0.796378    0.569018    1.380351    0.161807    0.106667    1.401348    
3.623853    3.756818    2.644666    1.549080    3.641473    5.458076    3.349017    0.781494    0.357515    1.310538    1.434554    0.167445    1.435115    1.404952    
3.560902    3.817366    2.654251    1.402818    4.001021    5.347414    0.416528    6.267917    0.718567    0.317551    1.263999    1.366405    0.207396    1.398179    0.163339    0.200052    
3.763648    3.639791    4.557186    3.110462    2.430250    2.647689    5.887873    5.176828    3.189843    0.753365    0.428740    1.530725    0.227749    0.289761    0.237557    1.406181    0.214694    0.159215    
3.673056    3.690373    4.726825    2.644259    2.394271    2.748125    5.679169    5.627509    2.378723    0.601650    0.797353    0.441474    1.494318    0.203916    0.317384    0.255324    1.456214    0.185940    1.357545    0.278580    
