 6    -2.872487    2.716185    0.409291
1.319751  -0.169291  -0.060430  0.880154  0.440474  0.282055  -1.219574  -0.679306  -0.367388  -0.797539  0.622276  -0.818255  -0.316651  -2.039845  0.708758  
-0.284814  0.266133  0.106618  0.201484  0.607782  0.171160  
 1    -1.645793    0.371338      0.780504   3327.000000      0.416906
 2    -2.484596    0.765917      0.930593   7104.000000      1.048592
 3    -2.728775    0.862445      0.974285   11988.000000      1.872592
 4    -2.824136    0.944858      0.991349   19938.000000      3.454914
 5    -2.853629    0.974252      0.996626   32627.000000      6.561299
 6    -2.865100    0.989789      0.998678   53534.000000     12.729517
 7    -2.870295    0.998000      0.999608   78779.000000     21.299067
 8    -2.871968    0.999648      0.999907   132400.000000     42.296489
 9    -2.872252    0.999824      0.999958   213283.000000     78.932900
10    -2.872370    0.999944      0.999979   275690.000000    106.625708
5.460578    0.656472    
3.779058    4.670493    0.603016    0.362284    
2.864277    4.001229    4.968416    0.587610    0.481947    0.238105    
2.223651    3.633213    3.723626    4.797055    0.612463    0.476479    0.355593    0.187650    
1.756525    3.240017    3.467093    3.806911    4.618311    0.612128    0.470544    0.400005    0.263344    0.123466    
1.647547    3.072670    3.245151    3.495818    4.091583    4.905375    0.623462    0.465251    0.396349    0.310085    0.192762    0.073597    
1.564908    3.010993    3.244710    3.486752    4.001914    4.530420    5.479151    0.619603    0.477766    0.409749    0.327306    0.234248    0.130737    0.049664    
1.303020    2.591628    3.023123    3.280720    3.625449    4.191460    4.689175    5.191212    0.606825    0.471365    0.418124    0.356930    0.278206    0.196398    0.101315    0.038988    
1.043569    2.258917    2.815683    3.108473    3.386802    3.815877    4.298932    4.693357    4.939471    0.602415    0.483316    0.427826    0.377039    0.318380    0.243284    0.161744    0.079982    0.029254    
0.979805    2.220618    2.800681    3.113191    3.379261    3.775639    4.259660    4.744084    4.981319    5.701312    0.615511    0.499300    0.439501    0.389574    0.334270    0.266871    0.190400    0.109033    0.049881    0.011920    
