 6    -2.876535    4.146846    0.464648
0.696245  -2.444617  -0.260982  -0.113475  -0.320669  0.034260  -0.922643  -1.114682  -0.286673  1.218300  1.229856  -1.262179  0.833652  -0.477234  -0.225393  
-0.300000  1.000000  1.000000  1.000000  1.000000  1.000000  
 1    -0.522752    0.126216      0.664865   2982.000000      0.450629
 2    -0.821660    0.189285      0.707424   6239.000000      1.012577
 3    -1.000386    0.211461      0.732871   9108.000000      1.709625
 4    -1.302026    0.150088      0.775819   13194.000000      2.676159
 5    -1.401447    0.263579      0.789975   18943.000000      3.358336
 6    -1.632835    0.113867      0.822920   23623.000000      4.767130
 7    -1.797072    0.329269      0.846304   33041.000000      7.327266
 8    -1.943813    0.519648      0.867198   40267.000000      9.842432
 9    -2.152377    0.553710      0.896893   55210.000000     15.692724
10    -2.215535    0.699318      0.905886   64770.000000     19.853307
6.060080    0.750079    
6.097452    2.588070    0.808037    1.252138    
6.059441    1.168451    1.352816    0.576369    1.344879    1.310060    
6.150831    2.343273    2.648179    1.743592    0.595680    1.082171    0.221295    1.251521    
6.135750    2.387830    2.574908    0.708532    4.678402    1.035669    1.183168    0.276479    1.194187    0.187038    
1.916704    2.729231    1.337616    6.048753    5.552224    3.411784    1.120582    0.374622    0.375238    0.300472    1.418947    0.239291    
1.837983    6.194790    5.380088    3.973667    1.439624    3.353790    3.506511    1.129247    1.104023    0.152511    0.389807    0.406160    1.311891    1.279827    
6.194941    1.351682    6.283185    6.005979    4.369370    4.906244    4.945247    5.209268    0.281648    1.207966    0.586878    1.570796    0.301220    1.290107    0.227648    1.415631    
1.649011    6.283185    0.627955    1.278675    3.144400    1.568855    3.149028    5.832462    6.187641    1.517629    0.665031    1.254677    0.332496    0.583763    0.445491    0.756144    0.356336    0.238263    
5.527553    2.895548    2.829308    0.424075    6.283185    1.778449    5.445604    0.996669    5.948426    4.420268    1.283738    0.866610    0.197678    1.201474    0.444971    1.522186    0.190648    1.316843    1.443147    0.134352    
