 6    -3.075369    4.069243    0.410203
-1.450948  1.910953  0.711879  -0.247738  0.361466  -0.032950  -0.221347  0.477257  -0.691939  0.792006  0.073249  1.303286  0.213481  1.017349  1.911712  
-0.250933  -0.205692  0.232550  0.498839  0.186622  -0.387341  
 1    -1.809038    0.447642      0.822757   3006.000000      0.380217
 2    -2.646696    0.828691      0.940000   7205.000000      1.032534
 3    -2.971096    0.922874      0.985405   11465.000000      1.776817
 4    -3.043700    0.970895      0.995567   18863.000000      3.227564
 5    -3.064857    0.991453      0.998529   28775.000000      5.631562
 6    -3.072883    0.998622      0.999652   51540.000000     12.131855
 7    -3.074430    0.999251      0.999868   89337.000000     25.262756
 8    -3.074944    0.999794      0.999940   131366.000000     42.568812
 9    -3.075268    0.999958      0.999986   193837.000000     70.200181
10    -3.075280    0.999958      0.999988   248396.000000     94.808073
4.800234    0.590936    
3.384958    4.215134    0.641988    0.373427    
2.798842    3.355244    4.252452    0.609349    0.487934    0.246339    
2.131479    2.950159    2.956356    3.865348    0.584988    0.461104    0.331245    0.183052    
1.413549    2.759856    2.868005    3.060906    3.731906    0.625582    0.478156    0.403502    0.273410    0.132803    
1.407857    2.592910    2.695056    2.806496    3.292136    4.036790    0.637783    0.466824    0.396550    0.305889    0.198297    0.065898    
1.251758    2.316888    2.621055    2.747166    3.029783    3.637492    4.399404    0.622519    0.480962    0.415328    0.342055    0.259703    0.150568    0.046172    
1.012861    2.102369    2.547959    2.701274    2.898237    3.378142    3.931894    4.394069    0.616530    0.498636    0.434874    0.369212    0.298252    0.209239    0.100921    0.029212    
0.910111    1.965131    2.404656    2.668350    2.770315    3.045115    3.560706    4.022955    4.374055    0.652803    0.530529    0.469802    0.404688    0.347276    0.288589    0.198104    0.094344    0.026369    
0.915656    1.971533    2.415440    2.689941    2.803160    3.067022    3.547993    4.021615    4.377874    4.727943    0.650439    0.528154    0.472387    0.411023    0.352952    0.299133    0.219991    0.125359    0.050429    0.010147    
