 6    -2.069947    1.896117    0.085954
1.594854  -0.655138  1.016982  0.369841  -0.070009  -0.682898  -0.254259  -0.672071  0.295525  0.098739  -0.925285  0.296286  -0.202728  -0.416951  -0.139597  
0.138722  -0.110909  -0.074117  -0.599971  -0.079635  0.079553  
 1    -0.670064    0.215069      0.647035   3294.000000      0.410004
 2    -1.517286    0.549662      0.860653   5794.000000      0.823907
 3    -1.893575    0.852617      0.955530   9380.000000      1.407261
 4    -1.951999    0.904063      0.970261   15632.000000      2.658390
 5    -2.010720    0.926655      0.985067   21592.000000      3.933262
 6    -2.056513    0.970944      0.996613   29767.000000      6.012760
 7    -2.064807    0.983873      0.998704   41769.000000      9.822551
 8    -2.068124    0.991647      0.999541   54218.000000     14.499925
 9    -2.069138    0.995458      0.999796   68429.000000     20.006944
10    -2.069577    0.997728      0.999907   94105.000000     32.360498
6.283185    0.559448    
6.283185    6.283185    0.266898    0.481213    
6.283185    6.283185    6.283185    0.332025    0.274906    0.288813    
4.265467    6.283185    6.283185    6.283185    0.381534    0.265080    0.263106    0.170137    
3.839158    6.283185    6.283185    6.283185    6.283185    0.643139    0.327869    0.239143    0.209325    0.202883    
4.652339    6.283185    6.283185    6.283185    6.283185    6.283185    0.582194    0.376773    0.280541    0.170530    0.158816    0.133740    
4.083127    6.283185    6.283185    6.084701    6.283185    6.283185    6.283185    0.546547    0.388216    0.302162    0.204063    0.145150    0.117162    0.070139    
3.474726    6.269488    6.283185    6.283185    6.098222    6.283185    6.283185    6.283185    0.573970    0.387522    0.316212    0.248298    0.177249    0.104510    0.072238    0.057063    
3.509561    6.143685    6.283185    6.177412    6.281490    6.266146    6.283185    6.282896    6.283185    0.586057    0.390595    0.312300    0.251267    0.209440    0.121169    0.068939    0.059450    0.031848    
3.271751    5.852562    6.283185    6.173384    5.818173    6.283185    6.227938    6.283185    6.283185    6.283185    0.570477    0.401714    0.328852    0.246876    0.202584    0.161234    0.092650    0.061829    0.037431    0.028915    
