 6    -3.182031    3.090433    0.291947
-0.944526  -0.876067  0.826348  -0.320301  -1.080067  1.307439  -0.072256  1.633084  1.209046  -0.966583  -1.493422  -0.523997  0.003965  -0.293546  0.062105  
-0.300000  1.000000  1.000000  1.000000  1.000000  1.000000  
 1    -0.731023    0.127673      0.609243   3285.000000      0.418484
 2    -1.005640    0.087020      0.653025   5806.000000      0.842084
 3    -1.314443    0.093646      0.702256   9517.000000      1.490199
 4    -1.517919    0.162291      0.734696   13367.000000      2.235593
 5    -1.762625    0.079442      0.773708   18272.000000      3.366434
 6    -2.012216    0.522299      0.813500   24463.000000      5.054041
 7    -2.280517    0.600491      0.856274   33553.000000      7.785307
 8    -2.290509    0.375264      0.857867   41342.000000     10.352697
 9    -2.471022    0.531630      0.886646   50163.000000     13.709889
10    -2.554664    0.381491      0.899981   62711.000000     20.101296
3.118441    0.629048    
3.176856    3.291264    0.593287    1.271299    
3.199579    3.452060    6.283185    0.590979    1.309023    1.322423    
3.242017    3.423898    6.283185    4.134112    0.577309    1.294467    1.275477    0.206082    
3.229991    3.408540    5.800156    0.535763    2.037367    0.691646    1.130422    0.258758    1.307627    1.375306    
3.147794    4.221620    5.750919    5.376065    5.961357    3.228300    0.704893    0.374291    1.400169    0.478869    1.216328    0.339022    
2.973172    4.410507    0.051227    5.067110    5.864052    2.853648    1.331567    0.747318    0.950573    1.058103    1.321069    1.205216    1.107809    1.232587    
2.993290    3.568306    6.283185    4.449967    2.955005    2.926269    5.223064    3.171769    0.529211    1.422322    1.161550    0.399540    1.523378    0.368228    1.278557    0.246509    
3.220886    4.532616    5.241767    6.064974    6.026977    5.418234    5.649617    1.665446    5.583675    0.493038    0.372126    1.356277    0.359943    1.111345    1.326604    0.261331    0.257907    0.136007    
2.970668    3.511760    6.283185    4.494770    2.951119    2.917930    5.230106    3.153961    3.600220    6.142038    0.517514    1.396442    1.169496    0.400343    1.554348    0.416171    1.304846    0.228471    0.186547    0.100777    
