 6    -2.345614    2.716035    0.444503
0.127319  -0.882520  0.047507  0.623834  -1.852717  -1.683985  -0.291250  -0.089777  -0.375991  -0.228138  -0.523171  0.493229  0.219159  -0.422662  0.446305  
-0.300000  1.000000  1.000000  1.000000  1.000000  1.000000  
 1    -0.475620    0.002456      0.630556   2634.000000      0.340445
 2    -0.977785    0.008730      0.729766   5831.000000      0.856431
 3    -1.193991    0.032646      0.772481   8890.000000      1.385428
 4    -1.362289    0.014474      0.805730   13013.000000      2.180869
 5    -1.553436    0.055006      0.843494   18616.000000      3.442687
 6    -1.474376    0.038931      0.827875   25511.000000      5.109696
 7    -1.664349    0.022150      0.865407   32554.000000      7.459273
 8    -1.680758    0.320400      0.868648   40585.000000     10.171771
 9    -1.718299    0.172766      0.876065   49247.000000     13.709036
10    -1.839694    0.572380      0.900048   70916.000000     22.609477
0.393536    0.507853    
0.422865    1.069630    0.758131    1.123964    
0.410516    1.063873    2.288316    0.740858    1.079050    0.218725    
0.407184    1.036636    2.247148    1.197413    0.736572    1.189607    0.252630    1.350702    
0.381523    1.027996    2.205450    1.179021    2.399998    0.713323    1.236799    0.246253    1.329241    0.169750    
0.434253    0.998922    0.432003    5.933013    6.042330    0.597536    0.731743    1.116196    1.450614    1.488468    0.209543    0.224367    
0.331609    0.531485    0.594144    1.073405    1.627699    5.512060    6.146902    0.479260    1.212749    1.022525    0.402600    0.241998    1.452115    0.156778    
0.339022    0.955032    2.193354    1.081979    2.456675    5.673157    2.204350    2.526404    0.592493    1.287685    0.199573    1.290924    0.195433    1.442264    1.476377    0.114153    
0.433640    0.946371    2.299908    3.675077    2.501043    6.063656    2.263840    2.964836    2.762766    0.730987    1.228865    0.073222    0.131182    0.169128    1.458202    0.152403    0.145313    1.467287    
1.599416    2.639421    4.880872    4.920499    6.150933    4.673064    0.832227    2.773295    3.527938    4.933413    0.987313    0.589641    0.381080    1.404737    1.434752    0.185868    1.419730    1.121036    1.305296    0.320908    
