 6    -3.416299    2.955352    0.350050
-0.377364  0.166759  0.682802  1.921379  -0.197037  -0.759879  -2.089066  -0.036373  -1.217749  -1.428905  -0.170528  1.160940  -1.061140  -1.408500  0.839550  
-0.121004  0.547305  0.189526  0.306824  0.200712  0.040538  
 1    -1.854045    0.287234      0.754812   2892.000000      0.373376
 2    -2.897970    0.533813      0.918651   7106.000000      1.030750
 3    -3.172382    0.632171      0.961718   12214.000000      1.903502
 4    -3.275711    0.696610      0.977935   19018.000000      3.385079
 5    -3.309139    0.732538      0.983182   32296.000000      6.552706
 6    -3.333520    0.787403      0.987008   46308.000000     10.599092
 7    -3.346386    0.833405      0.989027   56352.000000     13.752460
 8    -3.370589    0.914143      0.992826   73180.000000     20.104769
 9    -3.392822    0.974650      0.996315   102428.000000     32.860937
10    -3.410140    0.995137      0.999033   152433.000000     57.610824
5.091983    0.566022    
4.337666    5.028482    0.601087    0.328263    
3.371394    4.594112    5.151767    0.588103    0.426375    0.202335    
2.800518    4.319443    4.748138    5.465853    0.600806    0.456273    0.307996    0.130003    
2.206102    4.162966    4.553810    5.256356    6.021626    0.641382    0.487954    0.385962    0.228038    0.083539    
2.160447    3.941597    4.495931    5.235954    5.928125    6.283185    0.610833    0.499450    0.406599    0.278913    0.151316    0.067992    
2.141843    3.968648    4.519530    5.187302    5.945127    6.283185    6.283185    0.629249    0.502093    0.418947    0.305517    0.189671    0.112853    0.047572    
2.214799    3.960127    4.434834    5.274829    5.880257    6.283185    6.283185    6.283185    0.600037    0.485647    0.399571    0.283383    0.202790    0.154744    0.107113    0.068103    
2.284537    4.129955    4.625764    5.409876    6.283185    6.283185    6.283185    6.271125    6.283185    0.618363    0.488573    0.385992    0.262732    0.172032    0.160603    0.139916    0.118080    0.064428    
2.021872    3.726172    4.267366    4.967397    5.670161    6.283185    6.199515    6.283185    6.110417    6.068593    0.599885    0.473606    0.392816    0.266239    0.173406    0.136573    0.139258    0.141742    0.106389    0.062286    
