 6    -4.058389    2.900322    1.799148
-1.485170  -0.260205  -1.424565  -0.891399  0.761163  -0.698757  -0.396650  1.243787  0.074518  -0.322948  1.461472  1.241821  0.259419  1.071688  -0.130218  
0.212780  0.167492  0.133025  0.600000  -0.118589  -0.183956  
 1    -2.121981    0.430604      0.721729   3186.000000      0.398688
 2    -3.487154    0.850974      0.917911   6480.000000      0.924462
 3    -3.787632    0.930474      0.961091   12945.000000      2.021264
 4    -3.974461    0.978313      0.987939   21136.000000      3.669678
 5    -4.043734    0.995639      0.997894   32326.000000      6.406891
 6    -4.056859    0.999385      0.999780   55674.000000     13.131627
 7    -4.057944    0.999859      0.999936   95168.000000     27.337399
 8    -4.058136    0.999936      0.999964   119291.000000     36.596077
 9    -4.058299    0.999975      0.999987   140945.000000     47.586507
10    -4.058307    0.999976      0.999988   173655.000000     61.296912
6.283185    0.576796    
5.176960    5.443761    0.518004    0.365615    
3.677957    4.954461    4.790332    0.511491    0.390296    0.215722    
3.152584    4.965453    5.149592    5.591427    0.661867    0.469925    0.314555    0.203063    
2.768510    4.028359    4.382640    5.217512    5.121353    0.595658    0.448111    0.366194    0.238541    0.136462    
2.127765    3.917065    4.102341    4.428414    5.093325    5.696865    0.619929    0.445292    0.382233    0.309278    0.178951    0.090234    
2.077576    3.852459    4.112390    4.465863    4.960374    5.704340    6.283185    0.618727    0.458598    0.394774    0.324989    0.230745    0.122047    0.045153    
2.039605    3.865648    4.120138    4.468085    4.955843    5.635056    6.280950    6.127961    0.621552    0.463926    0.399317    0.332967    0.243070    0.153295    0.064746    0.021169    
1.730970    3.280155    3.814799    4.206732    4.662829    5.361146    5.762782    6.283185    3.862976    0.590314    0.444316    0.399139    0.347783    0.271804    0.184077    0.087903    0.034095    0.003876    
1.631811    3.195517    3.757593    4.050372    4.287506    4.407337    4.090876    4.715827    5.289178    2.883300    0.590752    0.452927    0.399249    0.342743    0.267804    0.170445    0.113716    0.068099    0.025235    0.011183    
