 6    -3.823277    2.579058    0.145330
1.980655  1.795750  -0.728124  -0.283760  1.757234  -0.700888  0.749530  1.466181  -0.359759  -0.314563  -0.497060  -0.582411  0.826093  0.847297  -0.248796  
-0.300000  1.000000  1.000000  1.000000  1.000000  1.000000  
 1    -0.600796    0.018532      0.496671   3102.000000      0.517244
 2    -0.908104    0.039174      0.544670   7002.000000      1.310035
 3    -1.486390    0.266796      0.634995   10142.000000      1.923507
 4    -1.452933    0.020398      0.629769   13809.000000      2.307924
 5    -2.277405    0.467419      0.758546   19678.000000      3.536627
 6    -2.379742    0.369817      0.774530   25731.000000      5.101467
 7    -2.544708    0.459450      0.800296   32658.000000      7.178750
 8    -2.772244    0.493190      0.835836   40996.000000      9.981589
 9    -2.876473    0.565776      0.852116   55149.000000     15.628442
10    -2.998195    0.293971      0.871128   66625.000000     20.556763
1.465155    0.435707    
5.135529    2.713167    0.928378    0.330193    
5.676749    2.162028    5.092581    1.100940    0.265237    0.457101    
1.591923    3.606354    2.798929    0.607316    0.229582    0.954398    0.578406    1.243394    
1.720251    3.772980    6.223942    5.835105    5.795515    0.355526    0.914962    0.102466    0.166523    0.345458    
1.717276    3.961300    5.487371    4.332024    3.175213    3.115905    0.446769    1.202811    1.505253    1.119222    0.573131    0.303466    
1.670542    3.654592    2.862338    5.240098    2.886772    5.447576    2.658627    0.514251    1.142029    0.765866    1.500884    0.369541    1.383646    0.449066    
1.586013    3.661277    2.886273    5.287765    2.878276    5.634310    2.445374    3.519185    0.483671    1.115518    0.886639    1.424804    0.355874    1.283498    0.351022    1.347615    
1.548511    3.681542    2.894212    5.210910    2.954434    5.647195    2.408950    3.466541    4.881738    0.465465    1.071646    0.954906    1.389835    0.347470    1.311318    0.295752    1.334372    1.445966    
1.723652    3.857583    2.521277    4.041009    3.778745    4.423941    3.705378    5.867185    1.741519    3.671250    0.392565    0.970291    0.695055    1.329623    0.279743    0.147784    0.000000    1.173834    1.292517    0.262570    
