 6    -2.958631    4.594650    0.530898
-0.736260  0.440260  0.731900  0.254316  -1.807715  1.053235  -2.661686  -1.076339  0.484691  0.170791  0.129711  -0.386408  1.199626  -1.070269  -1.157811  
-0.300000  1.000000  1.000000  1.000000  1.000000  1.000000  
 1    -0.639016    0.010562      0.692900   2655.000000      0.343166
 2    -1.073657    0.008896      0.750443   5729.000000      0.853590
 3    -1.389929    0.156107      0.792315   9450.000000      1.490043
 4    -1.464777    0.269946      0.802224   12874.000000      2.217299
 5    -1.698232    0.332865      0.833132   18843.000000      3.549788
 6    -2.096957    0.498359      0.885921   24406.000000      4.927964
 7    -2.095382    0.540074      0.885712   30154.000000      6.796468
 8    -2.236783    0.535658      0.904433   39941.000000     10.131807
 9    -2.329893    0.692583      0.916760   51790.000000     14.926119
10    -2.446537    0.722142      0.932202   67980.000000     23.204602
0.380837    0.579989    
0.420970    1.071403    0.709195    1.163423    
0.922132    6.004521    2.277440    1.260261    0.315799    0.614247    
0.499885    1.176294    4.448383    5.865277    0.770294    0.816527    1.254478    0.192212    
1.027005    2.898717    4.990737    3.780426    2.612939    0.763070    0.712154    0.607861    0.562981    0.235998    
0.383722    1.010096    4.308543    3.321287    4.379368    5.550024    0.792666    1.054739    1.324505    1.326519    1.364035    1.392141    
0.384439    1.007182    5.866676    6.015996    5.674913    2.620127    4.541275    0.720848    0.996056    0.214177    1.257189    1.373221    0.095300    0.147887    
6.206705    4.184136    3.420860    6.283185    0.966011    5.726882    3.704193    4.242194    1.043910    1.207002    1.288027    1.124248    0.455977    1.475093    0.261613    1.368901    
0.667915    5.050113    5.848029    4.045859    5.540819    1.135537    3.262561    0.301906    4.780090    0.885941    1.262258    0.377854    1.267406    0.326698    1.396955    1.253912    0.356233    0.226458    
0.212933    0.285904    0.844457    0.432077    5.570754    1.576186    5.001733    3.860009    3.250550    3.351424    0.488694    0.538817    1.082801    1.392469    0.237916    1.509297    0.328314    1.356101    1.394730    1.420854    
