 6    -3.457552    2.900141    0.338531
1.044560  -1.449536  0.588023  1.842537  1.549008  -0.023531  -0.878637  1.253610  1.377716  0.376270  -0.124098  0.904463  -0.398546  0.898816  -0.822881  
0.203081  0.184330  0.140957  0.600000  -0.141770  -0.228454  
 1    -1.979813    0.400849      0.767567   3030.000000      0.381854
 2    -2.937142    0.823254      0.918145   7449.000000      1.071993
 3    -3.270052    0.831452      0.970508   12548.000000      1.947317
 4    -3.413957    0.955122      0.993143   22007.000000      3.814741
 5    -3.447790    0.987960      0.998465   34986.000000      7.159455
 6    -3.456406    0.999591      0.999820   57431.000000     13.656062
 7    -3.456937    0.999784      0.999903   83689.000000     22.550109
 8    -3.457347    0.999928      0.999968   110377.000000     33.838945
 9    -3.457437    0.999959      0.999982   169726.000000     59.058279
10    -3.457408    0.999946      0.999977   190328.000000     69.610801
6.283185    0.703012    
4.259863    5.326720    0.560216    0.404171    
3.627018    4.514211    6.283185    0.587677    0.468926    0.241669    
2.871102    4.099532    4.041137    5.827137    0.591628    0.459021    0.315942    0.217205    
2.068493    3.608958    3.889143    4.221929    5.153718    0.598533    0.452712    0.388694    0.251183    0.153860    
1.858753    3.454023    3.611482    3.876307    4.486869    5.072982    0.621378    0.448562    0.385195    0.311592    0.185514    0.089846    
1.800936    3.336826    3.578104    3.868594    4.342064    4.998448    5.580352    0.614529    0.454167    0.393033    0.323018    0.224272    0.118198    0.033320    
1.425829    2.937828    3.516968    3.818052    4.183442    4.882297    5.246814    6.283185    0.603265    0.475575    0.416930    0.359896    0.277734    0.186507    0.084519    0.029840    
1.260217    2.725118    3.331638    3.593567    3.887941    4.374359    4.760060    4.967209    5.474919    0.603427    0.483735    0.415856    0.363905    0.303107    0.216165    0.137213    0.054192    0.026582    
1.391082    2.919661    3.485211    3.754560    4.075354    4.704129    5.064579    6.220213    5.149015    4.128745    0.609969    0.484082    0.418128    0.361228    0.287712    0.191581    0.105407    0.023415    0.009010    1.560651    
