 6    -2.295303    1.927414    0.255305
-0.470129  0.670906  -0.822153  0.503401  -0.184276  0.514476  -0.472338  -0.433457  0.480020  -0.085906  -1.356367  -0.635875  -1.624491  0.912932  0.715495  
-0.179876  -0.173058  0.156743  -0.123653  0.599971  0.131548  
 1    -0.873606    0.183177      0.663322   3780.000000      0.472933
 2    -1.351846    0.143058      0.776576   6753.000000      0.961514
 3    -1.475935    0.041293      0.805962   11626.000000      1.813133
 4    -1.676855    0.273943      0.853542   18207.000000      3.127699
 5    -2.018194    0.748457      0.934377   26914.000000      5.149299
 6    -2.204295    0.945482      0.978448   39032.000000      8.397717
 7    -2.233723    0.965782      0.985417   71100.000000     19.528330
 8    -2.280983    0.992750      0.996609   98870.000000     30.645212
 9    -2.283458    0.994260      0.997195   147040.000000     51.911867
10    -2.290809    0.997551      0.998936   252230.000000    104.082888
6.283185    0.780998    
4.292721    6.283185    0.395913    0.543855    
4.719207    5.041356    6.283185    0.518542    0.414923    0.225833    
5.151708    5.828280    6.247920    3.474016    0.583304    0.558229    0.000000    0.303167    
3.301826    6.283185    6.172563    5.170576    4.740016    0.478012    0.621293    0.000000    0.510120    1.199742    
3.348920    6.283185    6.232526    5.332947    5.205166    6.086961    0.570047    0.585319    0.000000    0.535835    1.030129    0.239886    
2.853539    5.655200    5.256230    6.283185    4.835455    6.283185    6.283185    0.578062    0.499066    0.116056    0.519393    1.037133    0.404439    1.401710    
3.033289    5.805546    5.566445    6.283185    4.131036    6.283185    6.283185    4.900146    0.606150    0.499729    0.297864    0.429186    1.194637    0.422365    1.148102    0.216043    
3.007211    5.673652    5.514661    6.283185    3.841700    6.283185    6.229110    5.002069    5.965443    0.601873    0.489132    0.324991    0.408052    1.222068    0.403064    1.153726    0.270200    1.513876    
2.763103    5.205295    5.685318    6.066930    1.738577    6.283185    5.005642    6.228515    6.283185    4.298811    0.640688    0.506893    0.408196    0.554136    1.191525    0.443260    1.210903    0.325431    1.273529    0.150272    
