 6    -2.949869    3.137047    0.023163
0.955418  0.440712  -0.478419  -0.682530  -0.793871  0.427983  -0.773764  2.050114  -0.211533  1.453954  -0.061595  1.474451  0.824645  0.581223  -1.225692  
-0.300000  1.000000  1.000000  1.000000  1.000000  1.000000  
 1    -0.430544    0.005405      0.586108   2850.000000      0.367090
 2    -1.143362    0.004818      0.703215   5674.000000      0.829382
 3    -1.225491    0.028039      0.716708   9247.000000      1.457080
 4    -1.487519    0.011721      0.759755   12952.000000      2.205654
 5    -1.674610    0.074715      0.790492   20499.000000      3.794002
 6    -1.938421    0.183813      0.833832   24701.000000      4.976465
 7    -1.874870    0.061727      0.823392   32791.000000      7.398487
 8    -2.337612    0.166645      0.899414   43856.000000     11.359313
 9    -2.256102    0.265250      0.886023   55176.000000     15.750304
10    -2.268416    0.480635      0.888046   73093.000000     25.004734
3.753377    0.655842    
3.727955    3.605273    0.780651    0.369178    
3.724147    3.595104    3.600500    0.772060    0.332113    0.136755    
5.441855    5.824162    4.382803    1.011934    0.844897    0.520401    0.238106    0.199490    
3.822346    3.605170    6.169129    4.033480    3.688144    0.844299    0.233625    0.305249    0.321556    1.248915    
3.446181    2.006728    4.515690    5.436547    4.144792    5.248044    0.462132    0.178166    0.442608    0.332212    1.372974    1.403576    
3.912916    3.704731    6.283185    3.973857    3.711138    4.183728    4.547604    0.860261    0.284551    0.310515    0.394080    1.137377    0.131669    0.190441    
4.120345    5.469832    1.279377    5.627383    5.102194    0.890458    2.124556    2.057258    1.413276    0.451512    0.210604    0.798882    0.254695    0.189977    0.268176    1.402039    
5.228273    6.213026    4.910693    4.352734    5.480470    1.854243    5.616017    2.429599    0.804495    1.402418    1.412428    0.969459    0.346688    1.348625    0.204999    1.570796    0.123046    0.156771    
1.952975    3.572096    2.022084    2.315409    3.521352    1.795390    1.231949    2.081560    0.657089    6.283185    0.385404    0.090907    0.097787    0.565559    0.213898    0.135017    1.302285    1.368313    0.256460    1.442728    
