 6    -1.658567    2.179200    0.097930
-0.659308  -0.719588  -0.144427  -0.408353  0.227388  0.597708  -0.412917  -0.404949  0.066307  0.000811  -0.183957  1.244675  0.437136  -1.128792  -0.263570  
-0.300000  1.000000  1.000000  1.000000  1.000000  1.000000  
 1    -0.421389    0.058379      0.677631   3012.000000      0.410531
 2    -0.805948    0.047141      0.777835   6022.000000      0.911674
 3    -0.831673    0.050883      0.784538   10473.000000      1.669637
 4    -0.988445    0.211587      0.825388   15091.000000      2.581694
 5    -0.928134    0.116317      0.809672   21684.000000      4.056743
 6    -1.141396    0.242686      0.865242   30858.000000      6.455166
 7    -1.158411    0.350791      0.869675   38875.000000      9.049805
 8    -1.261867    0.267178      0.896633   47583.000000     12.169230
 9    -1.309191    0.257885      0.908964   57650.000000     15.875407
10    -1.325740    0.296431      0.913276   69865.000000     20.981109
3.956451    0.654324    
3.757982    3.661817    0.727209    0.417950    
3.765644    3.650333    3.844249    0.690056    0.497055    0.111247    
3.804145    3.618489    5.661241    4.045878    0.722304    0.411584    1.394942    1.336397    
3.811339    3.635284    0.019836    3.525440    6.283185    0.721694    0.193888    0.278067    0.056392    1.399191    
3.757854    3.580619    3.745690    6.057838    3.004587    4.830013    0.749488    0.464246    0.000000    1.345576    1.400260    0.195343    
3.920987    3.646142    0.155536    4.671055    5.271187    0.284558    2.558512    0.689306    0.198135    0.202659    0.143473    1.144882    0.230126    1.293977    
3.787329    3.576099    4.823098    5.047634    2.976791    4.697100    5.020331    5.110372    0.699742    0.469302    0.114305    1.356882    1.357687    0.177406    1.440542    0.090004    
3.743893    3.584906    0.000000    5.488419    2.777840    1.504963    3.087739    4.683256    3.673098    0.746414    0.236212    0.200928    0.232181    0.133071    1.361621    1.407364    0.403752    0.142447    
3.737883    3.591343    0.000000    5.479960    2.784721    1.482912    3.091420    4.693719    3.703095    0.757522    0.745579    0.239967    0.203124    0.264222    0.139230    1.366176    1.410432    0.443029    0.142747    0.072006    
