 6    -2.569838    1.778910    0.284006
0.430938  -0.542637  0.194046  0.385938  -0.267642  0.217277  -0.090503  -1.006812  0.651659  0.164604  -0.647003  0.385322  1.784355  -0.112984  1.501999  
-0.600000  0.095123  0.069866  -0.161531  0.212021  -0.197993  
 1    -1.189485    0.332343      0.682586   2952.000000      0.371531
 2    -2.058317    0.680577      0.882375   5305.000000      0.764517
 3    -2.405075    0.862020      0.962112   9546.000000      1.455883
 4    -2.508480    0.911643      0.985890   15549.000000      2.616854
 5    -2.545164    0.954001      0.994326   23934.000000      4.493360
 6    -2.557204    0.975871      0.997095   34180.000000      7.242408
 7    -2.563720    0.988517      0.998593   51854.000000     13.113128
 8    -2.567115    0.995423      0.999374   75202.000000     21.911940
 9    -2.568770    0.998564      0.999754   112278.000000     38.092844
10    -2.569266    0.999454      0.999868   151348.000000     57.039439
6.283185    0.531703    
6.283185    6.283185    0.527472    0.357178    
5.725228    6.283185    6.283185    0.568164    0.364891    0.213502    
4.360301    6.283185    5.923615    6.283185    0.568250    0.441826    0.246780    0.156107    
3.411298    6.017749    6.172465    6.283185    6.283185    0.608077    0.457153    0.368334    0.194192    0.105302    
3.072968    5.802836    6.032611    6.283185    6.283185    6.283185    0.617476    0.467356    0.386176    0.262460    0.124449    0.061028    
2.999638    5.577983    5.810097    5.985161    6.283185    6.283185    6.283185    0.619127    0.462124    0.388403    0.281397    0.183778    0.077759    0.046280    
2.834663    5.333487    5.705079    5.940144    6.283182    6.283185    6.283185    6.283185    0.610787    0.463840    0.396149    0.304321    0.206342    0.122815    0.058026    0.034789    
2.543604    4.840798    5.290056    5.535248    5.911297    6.283185    6.283185    6.283185    6.283185    0.604118    0.452825    0.391429    0.322204    0.244710    0.163637    0.100680    0.048774    0.028354    
2.265482    4.497699    5.220370    5.520230    5.873651    6.283185    6.097005    6.283185    6.272573    6.283185    0.602023    0.464256    0.405520    0.342513    0.273877    0.191515    0.120433    0.078302    0.036958    0.017819    
