 6    -2.475154    2.603108    0.172815
-0.785379  0.950782  -0.027696  -1.235860  -0.578111  0.713701  -0.686916  1.087173  0.024415  -1.229610  0.309458  1.095729  1.452500  -0.108886  0.952027  
-0.160744  0.631220  0.158442  0.234025  -0.328841  -0.088508  
 1    -1.458083    0.308949      0.799721   3435.000000      0.428325
 2    -2.139862    0.677132      0.933975   7186.000000      1.018698
 3    -2.331481    0.760919      0.971708   12069.000000      1.873679
 4    -2.394090    0.868217      0.984037   20067.000000      3.432030
 5    -2.422109    0.911346      0.989554   33647.000000      6.663356
 6    -2.448834    0.961237      0.994817   49797.000000     11.412667
 7    -2.464588    0.985976      0.997919   75568.000000     20.137479
 8    -2.472584    0.996637      0.999494   111132.000000     34.041223
 9    -2.474553    0.999584      0.999882   186671.000000     67.294729
10    -2.474947    0.999874      0.999959   268045.000000    106.161686
5.406601    0.705985    
3.668484    4.353866    0.594490    0.359942    
2.948208    3.891146    5.178932    0.584031    0.473228    0.211158    
2.359305    3.502911    3.692581    4.928962    0.587382    0.461077    0.321927    0.169067    
1.962461    3.459738    3.712610    4.413375    5.451072    0.612714    0.483835    0.384631    0.249823    0.095262    
1.838656    3.389960    3.678009    4.316342    4.775514    6.078740    0.601979    0.492519    0.404378    0.273642    0.177287    0.086858    
1.706857    3.306388    3.550670    4.030575    4.646629    5.031907    5.609299    0.619899    0.487813    0.411847    0.303282    0.208609    0.139207    0.070826    
1.580525    3.129379    3.413274    3.824607    4.345266    4.782450    5.084990    5.791517    0.620884    0.488720    0.413566    0.320776    0.235805    0.166361    0.122040    0.052207    
1.373372    2.755548    3.169101    3.533566    4.020332    4.493395    4.995593    5.014969    5.440666    0.612889    0.477750    0.419567    0.345906    0.264601    0.199337    0.145894    0.088354    0.035476    
1.137610    2.410378    2.968933    3.328367    3.730289    4.238602    4.695826    5.027027    5.046422    5.349448    0.607383    0.487413    0.430307    0.372796    0.302925    0.232610    0.175003    0.122697    0.067230    0.024833    
