 6    -4.326486    3.827013    1.407554
-0.097940  0.250080  -0.162508  -1.448517  0.785906  0.469623  -1.460382  -0.626218  -1.518771  0.467329  -2.420600  -0.078978  1.112255  -0.476275  1.653748  
-0.300000  1.000000  1.000000  1.000000  1.000000  1.000000  
 1    -0.696077    0.053734      0.554742   3261.000000      0.433285
 2    -1.318062    0.175452      0.631027   6465.000000      0.941981
 3    -1.920992    0.329226      0.704974   10531.000000      1.644498
 4    -1.811639    0.283641      0.691562   13967.000000      2.358173
 5    -2.143603    0.322857      0.732277   19643.000000      3.603701
 6    -2.664218    0.599957      0.796128   26076.000000      5.363533
 7    -2.762976    0.559026      0.808241   32456.000000      7.389121
 8    -3.277933    0.726501      0.871398   43029.000000     10.936022
 9    -3.374647    0.739705      0.883260   52945.000000     14.921782
10    -3.399482    0.764373      0.886306   68891.000000     24.088250
3.091071    0.482934    
3.040696    5.784367    0.459347    1.265396    
3.791541    3.549592    3.430065    0.706602    0.449497    0.166252    
2.882009    5.989742    3.523887    0.526745    0.494295    1.247881    0.457187    1.300783    
2.927198    5.986938    3.516902    2.718652    4.432404    0.456611    1.103894    0.444836    0.172387    1.282130    
2.942794    5.998827    0.939779    1.924265    1.697833    1.315671    0.526023    1.337779    1.273509    1.296391    0.458705    1.111395    
3.130836    5.580459    1.953521    4.151309    3.224481    3.604688    5.738865    0.565559    0.939075    0.260123    0.143835    0.291518    0.227045    1.203525    
4.007498    3.725306    3.814784    3.442289    5.224551    6.070343    2.133026    1.729127    0.675505    0.666932    0.182529    0.435151    1.267030    0.194780    0.374781    1.382869    
3.851319    3.559122    3.725925    3.272832    5.856860    5.972122    0.973665    4.039639    4.560799    0.668007    0.605279    0.162242    0.288485    1.345383    0.411875    1.446256    1.463792    1.337970    
3.049151    3.762313    0.235421    6.187201    4.065123    4.326618    5.124080    5.075942    4.810043    1.075774    0.977422    1.015812    0.545460    1.123147    0.000000    0.076231    0.424389    1.446572    1.342575    1.472076    
