 6    -2.958631    4.594650    0.530898
-0.736260  0.440260  0.731900  0.254316  -1.807715  1.053235  -2.661686  -1.076339  0.484691  0.170791  0.129711  -0.386408  1.199626  -1.070269  -1.157811  
-0.173251  -0.359742  0.204287  -0.414790  -0.152316  -0.299955  
 1    -1.699949    0.444508      0.833360   3189.000000      0.412781
 2    -2.638401    0.836255      0.957604   6457.000000      0.930795
 3    -2.867511    0.953866      0.987936   11910.000000      1.846639
 4    -2.916291    0.979025      0.994394   20901.000000      3.586489
 5    -2.943677    0.994278      0.998020   31210.000000      6.138336
 6    -2.955387    0.998620      0.999571   52461.000000     12.481054
 7    -2.957481    0.999416      0.999848   83685.000000     22.955503
 8    -2.958105    0.999736      0.999930   115785.000000     36.048725
 9    -2.958468    0.999919      0.999978   182647.000000     66.161315
10    -2.958591    0.999976      0.999995   269958.000000    107.934985
4.889352    0.537943    
4.367147    5.079733    0.687205    0.365693    
3.208671    3.920137    4.414663    0.600683    0.461610    0.231225    
2.404845    3.558951    3.766215    4.250189    0.577253    0.468969    0.330780    0.137697    
2.053587    3.341288    3.411711    3.928350    4.860794    0.588106    0.462393    0.366810    0.242995    0.082633    
1.607629    3.095027    3.216477    3.382155    4.088410    5.110734    0.628958    0.469831    0.395733    0.305914    0.194395    0.066292    
1.420869    2.661125    3.050102    3.204795    3.576808    4.326591    5.065380    0.625821    0.471742    0.412854    0.343865    0.262707    0.153670    0.052984    
1.322418    2.539470    3.032665    3.225226    3.511605    4.165532    4.951128    5.292668    0.624173    0.485171    0.427820    0.362180    0.289108    0.195159    0.091426    0.021363    
1.153736    2.335284    2.836416    3.144153    3.357058    3.769942    4.379975    5.008848    5.485316    0.625944    0.506585    0.448705    0.392648    0.337408    0.270734    0.179356    0.088713    0.024474    
1.000028    2.164850    2.706917    3.042423    3.268999    3.597239    4.064103    4.564907    5.006244    5.292032    0.621677    0.509952    0.459832    0.409481    0.360986    0.309666    0.238332    0.154462    0.075685    0.022183    
