 6    -3.194714    2.862646    0.235454
-1.105140  -1.607770  -1.264305  -0.061869  -0.944557  -1.679209  -0.822992  -0.049193  -0.700455  0.428230  -1.542561  0.340174  1.443574  -0.181025  0.498420  
-0.219321  -0.146780  -0.115276  -0.131234  0.599971  -0.114188  
 1    -1.505719    0.363032      0.721167   3126.000000      0.394226
 2    -2.621489    0.796464      0.905367   6305.000000      0.910892
 3    -2.957984    0.910375      0.960918   10971.000000      1.706461
 4    -3.127946    0.959292      0.988977   17766.000000      3.056264
 5    -3.181837    0.987253      0.997874   27709.000000      5.407577
 6    -3.191415    0.997544      0.999455   49398.000000     11.454572
 7    -3.192701    0.998875      0.999668   83018.000000     23.442437
 8    -3.193523    0.999115      0.999803   118530.000000     36.997101
 9    -3.194344    0.999831      0.999939   137373.000000     45.721991
10    -3.194645    0.999960      0.999989   241514.000000     96.325487
6.283185    0.576018    
5.623116    6.283185    0.487304    0.404992    
4.373641    5.988478    6.283185    0.543215    0.396800    0.241620    
3.638633    5.885164    5.654957    6.283185    0.607853    0.463229    0.270200    0.205225    
2.899593    5.070576    5.268637    5.729010    6.283185    0.596182    0.445252    0.377233    0.220273    0.147110    
2.487842    4.718828    4.960093    5.261700    6.086884    6.283185    0.606796    0.443693    0.381881    0.298486    0.170519    0.084153    
2.142221    4.080860    4.603466    4.980378    5.417698    6.283185    6.283185    0.591573    0.438051    0.386520    0.326149    0.239538    0.131973    0.053794    
1.997404    4.039639    4.644789    5.026056    5.456526    6.082600    6.283185    6.283185    0.597991    0.460657    0.402520    0.343339    0.268196    0.174470    0.078160    0.032322    
1.884629    4.064485    4.756478    5.103165    5.477137    6.154593    6.283185    6.283185    6.140247    0.613937    0.484419    0.416518    0.358697    0.286684    0.205495    0.117866    0.046966    0.029872    
1.513226    3.430327    4.289093    4.855216    5.224228    5.688829    6.258475    5.972370    5.755426    6.283185    0.618949    0.494210    0.434393    0.384991    0.334609    0.266519    0.182293    0.097413    0.044586    0.028604    
