 6    -3.186866    2.669093    0.050030
1.348629  1.991068  1.393069  -0.686884  -0.095791  -0.756370  0.561199  0.751012  -1.191746  -1.487929  -0.625148  0.282211  -1.079033  -0.515311  0.327559  
-0.300000  1.000000  1.000000  1.000000  1.000000  1.000000  
 1    -1.350670    0.001384      0.686440   2712.000000      0.351912
 2    -2.253748    0.002821      0.840655   6064.000000      0.975030
 3    -2.625461    0.006100      0.904131   9576.000000      1.900458
 4    -2.993760    0.002972      0.967024   13309.000000      2.529393
 5    -2.862801    0.004539      0.944661   17788.000000      3.261703
 6    -3.051671    0.001453      0.976913   22815.000000      4.553466
 7    -3.090496    0.000026      0.983543   29927.000000      6.713248
 8    -3.092766    0.000031      0.983931   40903.000000     10.214000
 9    -3.110695    0.001638      0.986993   54289.000000     15.322883
10    -3.057435    0.011590      0.977898   71583.000000     23.663335
0.421134    0.539500    
0.413180    0.479105    0.746237    0.406936    
0.383158    0.453232    0.492081    0.753622    0.538031    0.232385    
0.350043    0.431277    0.506815    0.568294    0.705165    0.485340    0.290031    0.207233    
0.390323    0.460876    4.363781    5.840975    4.779559    0.732281    0.464933    0.128875    1.418552    0.155447    
0.267330    0.364530    0.445613    2.214807    2.070258    2.046733    0.668055    0.514442    0.263548    1.433004    0.143228    1.467940    
0.298289    0.359068    0.414759    0.544832    1.967254    3.638345    1.978393    0.650553    0.491934    0.290926    0.164131    1.482869    1.503901    0.066840    
0.302147    0.367588    0.415443    0.594150    3.612052    5.728532    4.653785    2.083572    0.662497    0.489588    0.308213    0.127244    0.114890    1.404159    0.058277    0.073005    
0.247934    0.342165    0.381841    0.480733    1.938571    5.758128    4.236152    4.672512    2.664178    0.662236    0.542203    0.386452    0.215440    1.488208    0.064898    0.111120    1.467469    0.036087    
0.365787    0.409619    4.220524    0.482994    1.075515    5.865914    5.753741    3.875287    6.283185    5.312833    0.696615    0.394418    0.152389    0.165452    1.491991    0.047135    1.466607    0.017172    1.545477    0.058198    
