 6    -3.627860    2.952645    0.132855
1.584050  0.306209  -0.722096  0.029006  -2.123688  -1.829934  0.920972  -0.910938  0.595995  2.324745  -0.049952  -2.065527  0.045791  0.106866  -0.384576  
-0.300000  1.000000  1.000000  1.000000  1.000000  1.000000  
 1    -0.573979    0.105948      0.535920   2442.000000      0.322669
 2    -1.257353    0.089028      0.639768   6276.000000      0.931140
 3    -1.612011    0.017591      0.693663   9119.000000      1.449302
 4    -1.689895    0.057008      0.705499   13329.000000      2.267334
 5    -2.023296    0.031026      0.756164   18938.000000      3.496204
 6    -2.252893    0.060085      0.791054   24564.000000      5.082707
 7    -2.425307    0.085128      0.817255   34084.000000      7.857418
 8    -2.614359    0.038000      0.845984   42619.000000     10.898548
 9    -2.697998    0.509857      0.858694   55805.000000     16.195268
10    -2.837062    0.350181      0.879827   66116.000000     22.410700
6.283185    0.766917    
6.091180    1.140552    0.675826    1.022204    
6.028420    1.201828    3.960896    0.527019    1.021621    1.252717    
1.057429    1.339456    6.270386    1.723680    0.852559    0.443615    0.439524    0.270293    
6.149042    5.320900    0.796234    2.135500    3.156551    1.076076    0.695907    1.100655    1.305539    0.231554    
1.136649    1.441488    6.189068    1.187213    2.645592    2.937899    0.667710    0.357414    0.598956    0.092836    0.341677    1.301453    
0.413376    4.727771    1.707258    1.836169    5.614666    6.046212    1.585384    0.582873    1.292267    1.245737    0.073401    1.046629    0.337767    1.408482    
0.474228    0.435221    2.925291    4.970871    2.255962    0.746711    5.317655    3.633901    0.685210    0.910391    0.474664    0.527576    0.528255    0.237932    1.265991    0.191532    
6.040138    1.637028    5.209054    3.703987    5.304971    1.777261    4.566942    2.197667    2.540827    0.997625    1.166018    1.402108    0.299061    1.227473    0.606474    0.257859    1.190364    1.435074    
1.076780    1.291720    5.958938    2.656533    2.545995    6.227500    5.595659    1.533808    6.086428    0.953286    0.677672    0.580448    0.259009    1.053325    0.154251    0.288331    0.115609    0.177236    0.221546    0.122635    
