 6    -3.372320    1.924272    1.519334
-0.387979  1.027428  -0.161652  -1.247563  0.865654  -0.059300  -0.902750  -0.009563  0.619805  0.494273  0.241427  -0.782034  -0.710795  0.554494  0.314347  
-0.300000  1.000000  1.000000  1.000000  1.000000  1.000000  
 1    -0.480512    0.145717      0.454025   2955.000000      0.380286
 2    -1.129637    0.287068      0.576580   5814.000000      0.856213
 3    -1.411306    0.395218      0.629759   9072.000000      1.429092
 4    -1.529386    0.383502      0.652053   13614.000000      2.305421
 5    -1.661978    0.477874      0.677086   18288.000000      3.304929
 6    -1.932164    0.571911      0.728098   23891.000000      4.953161
 7    -2.085010    0.601897      0.756955   31167.000000      6.980463
 8    -2.080287    0.594974      0.756063   38496.000000      9.306112
 9    -2.478332    0.714638      0.831214   53031.000000     15.080332
10    -2.616187    0.742728      0.857241   70152.000000     22.762728
4.062292    0.910716    
4.009474    5.586280    0.789955    1.145348    
4.060674    5.669470    6.262432    0.808421    1.163735    1.328924    
4.073659    5.699701    6.283185    5.842231    0.784243    1.189822    1.265591    1.415468    
4.075772    5.745621    6.283185    5.639153    1.522917    0.768164    1.217326    1.233396    1.326589    0.180792    
4.005275    5.577444    5.502050    4.984527    2.988350    4.320266    0.750599    1.182771    1.344481    1.466488    0.199356    0.230381    
4.001694    5.484411    1.525576    5.602026    5.790554    2.577861    4.196410    0.767424    1.180838    0.056472    1.333981    0.000000    0.206139    0.236922    
4.026151    3.182291    2.369040    6.283185    3.094859    2.385458    1.758638    6.282361    0.885452    1.347257    1.035166    1.310070    1.371936    1.505278    0.000000    0.249846    
4.018248    5.544382    5.566724    4.705081    4.035746    2.863159    5.705160    6.283185    4.093483    0.823204    1.082685    1.245055    1.455104    0.244377    0.186642    1.304264    1.421845    1.434548    
4.099620    5.370465    5.802752    4.328584    5.201015    2.779488    4.742834    1.645069    0.265604    3.560343    0.865494    1.147126    1.174085    1.473296    0.112910    0.117732    1.149807    0.482217    1.184502    0.098389    
