 6    -2.062817    1.934422    0.022761
-0.923498  -0.196534  0.260503  -0.102614  -0.289689  0.713549  1.119250  -0.355867  -0.124338  0.141519  0.018409  -0.366028  0.248184  -0.044728  -1.645756  
0.323590  0.317942  -0.079397  -0.280636  0.301827  0.411269  
 1    -1.342787    0.404273      0.819868   3012.000000      0.389293
 2    -1.894663    0.732256      0.957932   6641.000000      0.988079
 3    -2.042449    0.835201      0.994905   12556.000000      2.020943
 4    -2.055873    0.865629      0.998263   20710.000000      3.732026
 5    -2.059473    0.892029      0.999164   31643.000000      6.579951
 6    -2.060687    0.944694      0.999467   52143.000000     13.118590
 7    -2.062057    0.988894      0.999810   92022.000000     28.192575
 8    -2.062543    0.998983      0.999932   160602.000000     53.748912
 9    -2.062734    0.999734      0.999979   230274.000000     84.973446
10    -2.062751    0.999886      0.999984   277030.000000    105.911265
4.359116    0.501803    
4.102186    4.821837    0.728345    0.396058    
2.473108    3.860297    4.349409    0.642267    0.539515    0.270501    
1.889832    3.225445    3.236944    3.789707    0.610706    0.484850    0.360631    0.164500    
1.534562    2.833840    2.888741    3.000693    3.789914    0.610875    0.465782    0.377035    0.268191    0.115688    
1.604026    3.052765    3.051102    3.086962    4.038562    5.453226    0.638322    0.495499    0.384804    0.277802    0.168678    0.049454    
1.452753    2.761857    3.062330    3.131275    3.562928    4.376265    4.976550    0.619066    0.494539    0.422160    0.317649    0.238210    0.165620    0.070584    
1.304973    2.593005    2.988987    3.138848    3.457604    4.130146    4.624417    4.777872    0.621280    0.491950    0.436227    0.341502    0.261902    0.200794    0.137251    0.046904    
1.044429    2.273489    2.830991    3.022746    3.253982    3.797925    4.346535    4.667181    5.082120    0.620589    0.509667    0.450156    0.378533    0.303831    0.236965    0.173974    0.110886    0.033746    
1.040146    2.267334    2.832037    3.061282    3.258340    3.700552    4.269938    4.671006    5.182413    5.634210    0.629316    0.517433    0.461414    0.392448    0.317945    0.254812    0.192574    0.129768    0.059807    0.014844    
