 6    -3.066339    3.164398    0.156989
-0.865377  -0.906804  -0.216282  -1.436207  -1.287836  0.000968  0.262022  -0.588278  -0.086633  2.495468  0.738580  -1.138786  -0.119129  -1.040382  -0.558895  
-0.300000  1.000000  1.000000  1.000000  1.000000  1.000000  
 1    -0.565416    0.006172      0.598615   3060.000000      0.391917
 2    -0.967168    0.047763      0.663094   5775.000000      0.850744
 3    -1.378384    0.054583      0.729092   9296.000000      1.462684
 4    -1.551318    0.063525      0.756847   12969.000000      2.199355
 5    -1.741632    0.080835      0.787392   18303.000000      3.354067
 6    -1.921942    0.058165      0.816331   26119.000000      5.379389
 7    -2.109222    0.035312      0.846388   32165.000000      7.145875
 8    -2.153168    0.314899      0.853441   39960.000000      9.814682
 9    -2.222437    0.500357      0.864558   56746.000000     16.239788
10    -2.383500    0.428270      0.890408   68296.000000     22.474868
4.007495    0.743403    
4.140537    4.985238    0.508594    1.107218    
6.225933    4.371928    4.751950    0.476491    0.621433    0.362926    
6.176524    4.392230    4.842820    2.398741    0.463246    0.660577    0.373551    1.404183    
6.169974    4.420518    4.781578    2.436927    4.412791    0.478211    0.693539    0.473061    1.480590    0.212362    
3.959412    5.460444    5.481777    3.902737    5.285436    4.480444    0.775291    1.244187    1.179072    1.156630    0.219715    0.212282    
3.913162    5.442581    5.649646    3.982840    3.369007    3.759247    2.814655    0.808471    1.106478    1.158010    1.309465    0.194900    0.305609    0.126002    
3.791807    2.660946    4.720649    3.277648    1.234704    2.947305    3.933100    3.217210    0.863360    0.698149    1.369929    1.070864    1.151351    1.115985    0.140993    0.067735    
4.065302    4.909905    1.502354    5.937368    1.080633    4.574961    4.553519    6.283185    1.692260    0.688484    1.133690    1.491933    1.331791    0.267263    1.446814    0.182663    0.237008    0.367180    
3.967393    4.650163    6.056549    3.654113    6.268460    3.896492    6.266247    2.472315    1.539295    4.846152    0.520526    1.332774    1.176665    1.286697    1.211242    0.415301    0.193553    0.343696    0.305377    0.241832    
