 6    -3.256121    4.572723    0.179238
0.363580  1.314545  -1.146046  -0.488436  0.720190  -0.065189  1.841201  0.129148  1.689050  0.924599  -0.364502  1.552866  0.687094  1.868193  -2.101154  
-0.300000  1.000000  1.000000  1.000000  1.000000  1.000000  
 1    -0.528092    0.069048      0.651541   2916.000000      0.375774
 2    -1.024948    0.207659      0.715006   6818.000000      0.985455
 3    -1.441263    0.221486      0.768183   9571.000000      1.498274
 4    -1.893363    0.359360      0.825931   14259.000000      2.478616
 5    -2.039701    0.369814      0.844623   19608.000000      3.613312
 6    -2.198954    0.390534      0.864965   27321.000000      5.647084
 7    -2.548958    0.459275      0.909672   33834.000000      7.494741
 8    -2.462531    0.544658      0.898633   44369.000000     11.130662
 9    -2.613430    0.487360      0.917907   58095.000000     16.686487
10    -2.705265    0.698766      0.929638   72545.000000     24.697313
1.945934    0.474331    
1.637460    1.157784    0.515089    1.228388    
1.652562    1.193825    6.283185    0.567268    1.139918    1.254856    
1.629269    1.139605    5.755786    5.177145    0.631331    1.098745    1.192567    1.151408    
1.614708    1.136553    5.780668    5.135537    1.869981    0.619488    1.113416    1.169802    1.167071    1.415407    
1.584485    1.165811    5.776950    5.108227    1.876970    2.240218    0.609727    1.087743    1.143103    1.179510    1.371989    1.429536    
1.785952    0.507035    6.235017    4.881043    0.731314    5.409426    1.940742    0.889473    1.240272    1.253703    0.956756    1.362799    1.409421    1.477850    
2.456423    2.265952    2.199799    1.434254    0.840201    4.371976    3.079260    3.869722    0.977882    1.218184    0.491353    0.978855    0.624268    0.484668    1.386246    0.119303    
1.533340    1.216341    5.982924    4.753583    2.164038    2.272541    3.006097    0.710063    3.026571    0.695284    1.114351    0.937900    1.101090    1.187474    1.289944    1.262583    0.195110    0.274145    
1.955419    1.347601    6.001572    5.756536    4.485913    5.611113    6.283185    3.768483    6.283185    0.835926    0.681349    1.311200    1.347998    1.061850    1.438527    0.295280    0.080780    0.135154    0.232296    1.415055    
