 6    -3.182031    3.090433    0.291947
-0.944526  -0.876067  0.826348  -0.320301  -1.080067  1.307439  -0.072256  1.633084  1.209046  -0.966583  -1.493422  -0.523997  0.003965  -0.293546  0.062105  
0.087232  -0.138967  0.108637  0.599996  0.100907  0.132293  
 1    -1.339333    0.251276      0.706224   3210.000000      0.402719
 2    -2.760187    0.661108      0.932747   6213.000000      0.885470
 3    -2.933156    0.837367      0.960323   10861.000000      1.657398
 4    -3.052545    0.865624      0.979356   15565.000000      2.553468
 5    -3.146774    0.936506      0.994379   24539.000000      4.614616
 6    -3.163613    0.961918      0.997064   35191.000000      7.610315
 7    -3.172275    0.980125      0.998445   49223.000000     12.159200
 8    -3.176762    0.990604      0.999160   73076.000000     21.329043
 9    -3.180319    0.998364      0.999727   116217.000000     39.722443
10    -3.181594    0.999713      0.999930   176493.000000     69.866119
6.283185    0.658771    
6.283185    6.283185    0.357089    0.473357    
4.913573    6.283185    6.283185    0.416067    0.367128    0.212172    
3.601025    6.283185    6.283185    6.283185    0.640780    0.387285    0.249097    0.255874    
3.912777    6.061575    6.124757    6.283185    6.283185    0.586694    0.429525    0.305727    0.158138    0.165555    
3.070451    5.688551    6.075795    6.283185    6.283185    6.283185    0.577345    0.434332    0.357389    0.235229    0.122624    0.097114    
2.924102    5.612630    5.989696    6.283185    6.283185    6.283185    6.283185    0.612383    0.432939    0.367191    0.291855    0.158904    0.086133    0.071574    
2.849720    5.385137    5.885451    6.231131    6.283185    6.283185    6.283185    6.283185    0.597887    0.446853    0.371884    0.295853    0.216459    0.124687    0.062547    0.062156    
2.752070    5.527779    5.813988    6.073817    6.283185    6.283185    5.877745    6.283185    6.243106    0.595649    0.443681    0.373559    0.287678    0.203286    0.161615    0.079096    0.046590    0.055025    
2.411121    4.954312    5.742185    6.147266    6.283185    6.265465    6.268604    6.283185    6.283185    6.283185    0.600045    0.457429    0.391114    0.326226    0.239467    0.164958    0.133440    0.073581    0.037658    0.043762    
