 6    -3.066339    3.164398    0.156989
-0.865377  -0.906804  -0.216282  -1.436207  -1.287836  0.000968  0.262022  -0.588278  -0.086633  2.495468  0.738580  -1.138786  -0.119129  -1.040382  -0.558895  
0.214020  0.110812  0.153889  -0.599994  0.099356  0.153298  
 1    -1.605592    0.367755      0.765558   2955.000000      0.372480
 2    -2.589667    0.797263      0.923497   6773.000000      0.969742
 3    -2.823667    0.892699      0.961052   12026.000000      1.868096
 4    -2.997661    0.970476      0.988978   18968.000000      3.213494
 5    -3.049365    0.992193      0.997276   33383.000000      6.760462
 6    -3.062792    0.998390      0.999431   47732.000000     10.911301
 7    -3.064627    0.999317      0.999725   69635.000000     18.309719
 8    -3.065819    0.999814      0.999917   114177.000000     35.594763
 9    -3.066130    0.999926      0.999966   163880.000000     57.714023
10    -3.066134    0.999929      0.999967   167776.000000     59.821731
6.283185    0.596635    
5.302025    6.283185    0.498785    0.385181    
4.054408    5.794973    6.254087    0.537479    0.403217    0.215700    
3.747831    5.513191    5.712704    6.283185    0.609743    0.455868    0.271907    0.190383    
2.810400    4.726434    5.077192    5.917365    6.204249    0.569256    0.441989    0.368297    0.223255    0.127459    
2.321509    4.489205    4.762457    5.120229    5.878827    6.283185    0.615926    0.438629    0.377183    0.299160    0.164774    0.087423    
2.257058    4.120542    4.574762    5.001467    5.450148    6.270820    6.283185    0.599256    0.436037    0.377907    0.308611    0.213024    0.108272    0.038449    
2.114664    4.110674    4.507997    4.911403    5.443453    5.813217    6.283185    6.283185    0.592044    0.444694    0.385897    0.314059    0.224775    0.143329    0.053377    0.028243    
1.778128    3.704964    4.460795    4.916680    5.408836    6.149781    6.276736    6.252353    4.222760    0.592962    0.461638    0.405953    0.349250    0.268273    0.180369    0.088162    0.026375    0.020161    
1.734993    3.648348    4.439686    4.887619    5.354762    6.038092    6.068118    5.856735    5.101322    5.212667    0.591522    0.463794    0.406999    0.350785    0.272059    0.181805    0.093421    0.030358    0.023560    1.570691    
