 6    -2.349652    2.314472    0.099094
0.522022  0.069947  0.869230  0.424554  -0.220960  -0.632086  -0.455699  -0.681874  0.387163  -0.009748  -1.344962  -0.010275  0.704485  -1.958639  0.153709  
-0.160249  0.158141  0.128202  -0.599996  0.147545  -0.196670  
 1    -1.341006    0.411780      0.783744   2895.000000      0.364747
 2    -2.037042    0.813181      0.932976   6833.000000      0.979179
 3    -2.186302    0.901350      0.964977   12941.000000      2.022577
 4    -2.307758    0.969440      0.991018   20888.000000      3.649777
 5    -2.341224    0.991476      0.998193   33815.000000      6.810659
 6    -2.348833    0.998516      0.999824   54185.000000     12.837296
 7    -2.349265    0.999401      0.999917   97466.000000     28.044811
 8    -2.349433    0.999768      0.999953   121330.000000     38.161035
 9    -2.349544    0.999911      0.999977   168948.000000     59.704864
10    -2.349624    0.999983      0.999994   215206.000000     80.666682
6.283185    0.597259    
4.899010    5.584848    0.518785    0.364177    
3.451417    5.021258    5.159430    0.521446    0.395493    0.214223    
3.161415    4.831965    5.121558    5.795796    0.641769    0.461442    0.307110    0.203346    
2.640306    4.073435    4.438275    5.207921    5.247334    0.586403    0.443505    0.363295    0.233575    0.128909    
2.096268    3.978478    4.194437    4.528028    5.217118    5.772200    0.621302    0.443483    0.383896    0.311675    0.173651    0.093662    
1.803157    3.383407    3.910339    4.284621    4.694213    5.497424    5.662381    0.592013    0.440609    0.389021    0.332120    0.248428    0.136069    0.057943    
1.475703    2.966284    3.773402    4.191964    4.613855    5.269889    5.744150    6.270446    0.568425    0.448423    0.402795    0.353272    0.281868    0.183354    0.090158    0.024195    
1.557558    3.276947    3.998378    4.355977    4.742142    5.465539    5.673990    6.282531    4.421619    0.600143    0.475156    0.413087    0.358017    0.280190    0.184861    0.098881    0.026652    0.013600    
1.336846    2.957103    3.729894    4.196787    4.583980    5.093912    5.764134    5.814446    5.413268    3.063706    0.602888    0.486122    0.427521    0.378880    0.323574    0.242999    0.163095    0.071332    0.017991    0.019717    
