 6    -2.506018    3.203484    0.257475
-0.016842  1.193143  0.399772  -1.002405  -1.181365  -0.378506  -0.714387  -0.865035  1.730648  -0.959349  -0.173111  -1.518304  0.611202  0.386043  0.675178  
-0.380103  -0.116907  0.312371  0.237300  -0.243090  0.275808  
 1    -1.334317    0.493224      0.794780   3138.000000      0.393494
 2    -2.242067    0.866075      0.953770   7131.000000      1.021074
 3    -2.433716    0.955303      0.987336   12236.000000      1.922167
 4    -2.470191    0.978067      0.993725   22118.000000      3.861982
 5    -2.496817    0.995033      0.998388   32787.000000      6.494095
 6    -2.504765    0.999200      0.999780   54630.000000     12.703824
 7    -2.505521    0.999679      0.999913   95037.000000     26.604899
 8    -2.505860    0.999907      0.999972   140638.000000     44.640940
 9    -2.505868    0.999914      0.999974   149186.000000     47.647985
10    -2.505892    0.999925      0.999978   156837.000000     51.407133
5.539316    0.541105    
5.126101    6.090247    0.747187    0.408400    
3.518977    4.531468    5.187020    0.635740    0.504994    0.255197    
2.791743    4.013777    4.200594    4.819939    0.604232    0.488021    0.346041    0.145103    
2.772076    3.863306    3.762176    4.426942    6.076951    0.608692    0.466643    0.348592    0.248868    0.092943    
1.887574    3.529952    3.589432    3.740608    4.609206    5.923508    0.608911    0.485010    0.392524    0.304362    0.205418    0.080674    
1.520201    3.032231    3.346778    3.486302    3.984959    4.812656    5.574772    0.608291    0.471600    0.411234    0.338515    0.258776    0.153606    0.056426    
1.357950    2.813070    3.383698    3.557857    3.871768    4.657925    5.620990    6.209827    0.610651    0.487133    0.437133    0.362888    0.287724    0.198256    0.096133    0.020271    
1.350685    2.839846    3.395755    3.523645    3.812404    4.555285    5.140266    3.703029    4.352078    0.618027    0.494749    0.437452    0.361548    0.290705    0.202549    0.093038    0.026994    0.014077    
1.370438    2.793976    3.334925    3.509113    3.860479    4.676150    5.725162    6.259177    4.994265    2.996474    0.608160    0.478898    0.429149    0.357666    0.279798    0.184132    0.074758    0.000000    1.565478    1.564115    
