 6    -3.235936    2.078334    0.404078
-0.217286  -0.915852  1.062431  0.444871  -0.375857  -1.325971  -0.652894  -0.842896  -0.447425  1.539325  0.027425  -0.777571  -1.614024  0.688196  -0.014051  
-0.300000  1.000000  1.000000  1.000000  1.000000  1.000000  
 1    -0.755293    0.007769      0.533211   3126.000000      0.399639
 2    -1.329120    0.002748      0.641189   6167.000000      0.900361
 3    -1.364903    0.001215      0.647923   8716.000000      1.359572
 4    -1.400975    0.026519      0.654711   13759.000000      2.308223
 5    -1.369661    0.036467      0.648818   18638.000000      3.461083
 6    -1.913987    0.321957      0.751245   26516.000000      5.472410
 7    -1.744173    0.285054      0.719291   34308.000000      8.031968
 8    -2.145839    0.327417      0.794873   46890.000000     12.385674
 9    -2.184373    0.369820      0.802125   66245.000000     20.493511
10    -2.321426    0.586462      0.827914   69723.000000     23.577045
0.400487    0.547893    
0.378623    0.435716    0.720910    0.395824    
0.339751    0.378743    0.884910    0.670418    0.427293    1.449616    
6.122023    1.078318    3.811192    2.728812    0.794574    1.205225    0.146706    0.375743    
0.373275    5.943562    1.852361    2.482467    2.733427    0.627014    0.229121    0.313551    0.063569    0.379381    
0.505339    6.014123    0.782795    5.622031    4.696157    2.064279    0.177703    0.481158    0.320381    0.740254    1.052182    0.130445    
0.713988    4.129051    6.004566    6.272723    0.627313    2.063464    4.855206    0.652398    1.446603    0.231685    0.627766    0.195935    1.109578    1.213455    
0.752861    1.615864    0.787187    6.065090    3.047261    5.135897    4.918124    1.464098    0.972498    0.850755    1.462827    0.362320    0.444335    0.385391    0.278641    0.095705    
1.245760    1.646605    6.283185    1.675641    2.418289    5.437105    3.130258    2.405766    3.001450    0.650544    0.282277    0.263140    0.318262    1.149567    0.445825    1.029425    0.201648    1.317731    
0.638874    1.423591    3.557110    2.716771    3.231140    1.422277    4.228204    4.175402    6.263472    0.751566    1.108274    0.339081    0.194580    0.394824    1.161605    0.886175    0.000000    1.265224    0.199047    1.374643    
