 6    -3.164974    4.602306    0.144057
-1.789561  -0.620432  -1.171035  0.148565  0.893654  -1.575155  -0.288518  -0.152455  -0.774642  -0.676979  1.407445  0.790398  -1.298069  -1.898607  -0.394314  
-0.300000  1.000000  1.000000  1.000000  1.000000  1.000000  
 1    -1.070398    0.007863      0.730333   3063.000000      0.392013
 2    -1.307102    0.017050      0.760808   5753.000000      0.839038
 3    -2.024318    0.004792      0.853146   9639.000000      1.507529
 4    -2.311951    0.002566      0.890177   13235.000000      2.258523
 5    -1.951487    0.017050      0.843769   18380.000000      3.446769
 6    -2.523847    0.000936      0.917458   23221.000000      4.730924
 7    -2.207553    0.007096      0.876737   32230.000000      7.287073
 8    -2.628131    0.004481      0.930884   39942.000000     10.154604
 9    -2.675646    0.003344      0.937001   53883.000000     15.665242
10    -2.548832    0.231152      0.920675   74530.000000     26.329024
1.081139    0.963019    
1.127822    2.457287    1.044777    0.296497    
0.438588    1.003870    5.746610    0.707465    1.152338    0.164792    
0.419133    1.036699    2.251666    1.131177    0.739886    1.176039    0.160075    1.356857    
0.996923    1.954652    0.736318    6.139186    6.283185    0.778884    0.284689    0.437069    0.044275    1.265079    
0.445415    1.011400    3.622788    2.187499    3.750342    1.002486    0.753455    1.201328    1.489001    0.103901    0.180571    1.416601    
0.939087    2.544982    0.722458    1.709777    0.325935    2.694206    3.912547    0.962052    0.306966    0.151580    0.817206    0.652922    1.364934    1.441861    
0.406550    0.966004    3.592005    2.271168    5.711758    0.958482    0.439674    1.837867    0.699075    1.125669    1.489275    0.127508    1.442609    0.184172    0.080444    1.509002    
0.460207    0.996974    0.640439    4.967415    2.092542    0.922407    5.843070    4.283935    2.701460    0.750071    1.171772    1.420964    0.059034    1.457688    0.149265    1.448114    1.466007    1.487479    
0.957200    4.944703    2.532694    0.811581    0.995973    4.296090    3.315083    1.413838    4.798812    4.714340    0.843239    1.410954    0.934920    1.221824    1.286590    0.113243    1.419454    1.262993    1.329643    1.258529    
