 6    -3.194714    2.862646    0.235454
-1.105140  -1.607770  -1.264305  -0.061869  -0.944557  -1.679209  -0.822992  -0.049193  -0.700455  0.428230  -1.542561  0.340174  1.443574  -0.181025  0.498420  
-0.300000  1.000000  1.000000  1.000000  1.000000  1.000000  
 1    -0.666299    0.052855      0.582588   2676.000000      0.346959
 2    -1.204965    0.012454      0.671515   5396.000000      0.797973
 3    -1.322192    0.032657      0.690868   8373.000000      1.308041
 4    -1.620698    0.126876      0.740148   12436.000000      2.099641
 5    -1.857786    0.205693      0.779289   18043.000000      3.293651
 6    -2.046886    0.224011      0.810507   24097.000000      4.876560
 7    -2.181315    0.375784      0.832699   30117.000000      6.622558
 8    -2.316700    0.441817      0.855050   39245.000000      9.930995
 9    -2.391908    0.576306      0.867466   51780.000000     14.713355
10    -2.539314    0.342984      0.891801   62467.000000     19.649901
1.838544    1.140432    
1.909548    1.946659    0.993131    1.183992    
1.882392    1.977987    1.410623    0.972612    1.154088    0.152135    
1.777973    1.236407    3.926280    5.782933    1.037777    0.651534    1.140157    1.344561    
1.559982    1.330535    1.426181    0.786643    5.029882    0.853859    0.524851    0.450560    0.417907    0.310802    
1.693908    1.950109    2.961988    4.358244    0.527915    4.648627    0.845018    0.785343    0.245008    0.475725    0.000000    0.406640    
1.710973    1.837743    1.302944    0.916341    6.087135    1.640590    3.119551    0.989854    1.033318    0.183153    1.233008    1.570796    0.305905    1.414624    
1.817845    1.838338    4.232204    4.400282    5.061218    1.666472    4.097299    2.134832    0.974485    0.936859    0.249919    0.273536    0.260456    1.275032    1.440440    1.427689    
3.402824    1.048357    3.696574    3.319285    0.649950    5.477455    3.847294    1.835151    3.395578    0.457643    1.197217    0.073982    0.255462    1.570796    0.385646    1.210729    1.317998    1.479012    
1.556828    1.372359    1.326744    0.756024    4.847103    2.502035    3.061563    6.280596    4.695589    1.242832    0.716034    0.457691    0.485101    0.375560    0.342138    1.449422    0.000000    0.340416    1.462999    0.200342    
