 6    -6.045845    3.560366    2.750045
-0.022632  1.838848  2.505268  0.975403  1.654330  -1.869582  -0.764621  -0.785072  0.028540  -0.021013  -0.984052  -1.679671  -0.721709  0.394450  -1.455288  
-0.300000  1.000000  1.000000  1.000000  1.000000  1.000000  
 1    -2.492220    0.418161      0.630070   2877.000000      0.370804
 2    -4.435515    0.721721      0.832366   5740.000000      0.841237
 3    -4.907881    0.783853      0.881539   8847.000000      1.378462
 4    -5.509998    0.901946      0.944219   12114.000000      2.018140
 5    -5.671181    0.932405      0.960998   17401.000000      3.195846
 6    -5.731540    0.945400      0.967281   23730.000000      4.801625
 7    -5.793758    0.961367      0.973758   30414.000000      6.838784
 8    -5.654030    0.937377      0.959212   37624.000000      9.468503
 9    -5.857277    0.971195      0.980370   53649.000000     15.552558
10    -5.856439    0.973082      0.980283   68054.000000     22.107669
0.420441    0.547908    
0.393302    0.462790    0.732512    0.414109    
0.395868    0.469737    4.283728    0.723998    0.449663    0.156183    
0.379419    0.434484    4.269808    0.529356    0.709001    0.417428    0.228304    0.193035    
0.377372    0.433892    4.286688    0.560383    2.498669    0.701971    0.427098    0.230414    0.221792    0.095284    
0.364706    0.427030    4.321068    0.534691    2.519306    2.074016    0.699283    0.409175    0.204159    0.243329    0.098612    1.497359    
0.373372    0.429699    4.334885    0.554157    6.283185    0.554067    2.538768    0.718557    0.390531    0.163853    0.179125    0.142935    0.123056    0.047714    
0.372097    0.420561    2.937453    2.155805    2.579673    4.675303    2.763723    5.742507    0.716867    0.430115    1.418466    0.091327    0.111464    1.524978    0.120777    1.454914    
0.371948    0.413982    4.085138    5.665899    6.100172    1.280306    3.328028    3.997623    4.704801    0.707596    0.425670    0.117121    1.549043    0.121236    1.549476    1.426892    1.457650    0.132834    
0.372762    0.420573    4.355762    0.514690    2.246518    2.138785    5.832863    3.258149    4.055910    1.917878    0.698703    0.395340    0.164539    0.102062    0.016444    1.504613    0.077744    0.015177    0.095316    1.494919    
