 6    -2.543775    2.704169    0.139065
1.228264  -0.961592  -1.375194  -0.666736  -0.408250  -0.159367  -1.010143  -0.272901  1.148510  0.304371  0.659412  1.625798  -1.085026  -0.277913  0.463255  
0.458934  -0.189835  -0.148152  0.363670  0.234646  0.243094  
 1    -1.303686    0.476841      0.763700   3066.000000      0.385846
 2    -2.236234    0.868465      0.941398   6933.000000      0.981351
 3    -2.474011    0.966340      0.986706   12463.000000      1.925035
 4    -2.513237    0.984070      0.994181   21921.000000      3.861439
 5    -2.533605    0.995006      0.998062   36773.000000      7.519393
 6    -2.542478    0.999375      0.999753   59572.000000     14.545534
 7    -2.543158    0.999659      0.999882   107397.000000     31.477692
 8    -2.543448    0.999832      0.999938   125836.000000     39.429570
 9    -2.543479    0.999850      0.999944   159787.000000     55.448163
10    -2.543681    0.999949      0.999982   175812.000000     61.826860
5.177829    0.542610    
4.565709    5.605468    0.729570    0.408929    
3.283620    4.144300    4.672479    0.625539    0.485352    0.254415    
2.386091    3.633910    3.656270    4.209969    0.589284    0.470657    0.338554    0.164595    
2.230059    3.550192    3.438409    3.992668    5.145253    0.609160    0.469645    0.364095    0.250918    0.080149    
1.699297    3.241329    3.268597    3.376686    4.163277    5.420950    0.624018    0.476373    0.393135    0.306437    0.199622    0.066981    
1.303489    2.587416    3.085017    3.239300    3.535135    4.334947    5.270944    0.610700    0.475512    0.425266    0.357030    0.278146    0.172755    0.059846    
1.324065    2.617583    3.122873    3.292354    3.589908    4.319056    5.219032    5.796793    0.608714    0.479689    0.432205    0.364024    0.289857    0.197973    0.094883    0.020809    
1.297214    2.597752    3.107144    3.260977    3.524720    4.186971    4.532738    3.021239    4.704856    0.610821    0.482156    0.431902    0.363669    0.291770    0.200995    0.084263    0.036387    0.016867    
1.119092    2.414035    2.937218    3.212495    3.362009    3.780018    4.404300    4.952636    4.158351    3.226937    0.645068    0.520031    0.457671    0.399663    0.343326    0.281360    0.191420    0.094248    0.021454    0.013714    
