 6    -4.227522    3.329874    1.433403
0.425188  -0.032820  0.989448  -1.579437  0.454097  0.217572  -1.497999  1.743353  -0.600091  -0.362574  1.672800  -0.356083  0.579311  -1.287199  -0.941917  
0.132512  -0.083425  -0.600000  -0.097140  0.130958  -0.112056  
 1    -1.512050    0.258328      0.640687   2994.000000      0.377500
 2    -3.345923    0.683843      0.883346   6355.000000      0.903436
 3    -3.851710    0.894406      0.950272   10704.000000      1.653212
 4    -3.974757    0.923948      0.966554   16917.000000      2.893493
 5    -4.161004    0.973885      0.991198   23622.000000      4.365494
 6    -4.208890    0.992241      0.997535   32384.000000      6.664456
 7    -4.222429    0.997687      0.999326   50571.000000     12.658133
 8    -4.224984    0.998908      0.999664   74624.000000     22.623355
 9    -4.226939    0.999829      0.999923   117503.000000     39.652332
10    -4.227252    0.999922      0.999964   146368.000000     54.099469
6.283185    0.612354    
6.283185    6.283185    0.361013    0.451677    
5.510656    6.283185    6.283185    0.396346    0.339221    0.239345    
3.412951    6.283185    6.283185    6.283185    0.514309    0.341143    0.272404    0.192539    
4.258396    6.283185    6.283185    6.283185    6.283185    0.610669    0.410788    0.274500    0.185762    0.169262    
3.669440    6.029466    6.271503    6.283185    6.283185    6.283185    0.561493    0.428139    0.337417    0.193288    0.145985    0.096300    
3.018073    5.873733    6.107565    6.283185    6.143029    6.283185    6.283185    0.605030    0.424242    0.356874    0.282875    0.150301    0.095610    0.078344    
2.930881    5.313913    5.834325    6.195089    6.230218    6.283185    6.283185    6.283185    0.592065    0.417517    0.356090    0.293357    0.210922    0.106064    0.076756    0.042975    
2.881206    5.524509    5.917538    6.189345    6.186038    6.283185    6.260889    6.283185    6.276666    0.589882    0.433843    0.365534    0.288001    0.204011    0.149275    0.080095    0.038460    0.036603    
2.431352    4.673458    5.430813    5.976321    6.283185    6.112511    5.754872    6.283185    6.025162    6.283185    0.567294    0.416294    0.370605    0.317807    0.242143    0.154035    0.117710    0.062311    0.032173    0.027680    
