 6    -2.569838    1.778910    0.284006
0.430938  -0.542637  0.194046  0.385938  -0.267642  0.217277  -0.090503  -1.006812  0.651659  0.164604  -0.647003  0.385322  1.784355  -0.112984  1.501999  
-0.300000  1.000000  1.000000  1.000000  1.000000  1.000000  
 1    -0.360729    0.034813      0.492012   2793.000000      0.360176
 2    -0.723526    0.154358      0.575438   6099.000000      0.894449
 3    -0.888908    0.175543      0.613468   10468.000000      1.673299
 4    -1.123473    0.155894      0.667406   14224.000000      2.404857
 5    -1.241782    0.234862      0.694612   19331.000000      3.500520
 6    -1.398938    0.201333      0.730750   26546.000000      5.309191
 7    -1.701914    0.465589      0.800420   33400.000000      7.396347
 8    -1.752849    0.507521      0.812132   42977.000000     10.715896
 9    -1.779399    0.496182      0.818237   56188.000000     15.854177
10    -1.948977    0.568153      0.857232   67977.000000     22.206502
0.297062    1.264672    
6.140543    0.914712    0.939887    0.744368    
6.135013    0.936718    0.695383    0.989570    0.729805    1.336230    
6.055660    0.910031    2.769148    4.682432    0.902020    0.810382    0.121979    0.280234    
6.050115    0.884171    2.823713    4.569993    3.808746    0.940238    0.816108    0.185318    0.261869    0.191804    
0.168136    5.475508    3.740518    5.641894    6.052791    4.820199    0.776164    0.602185    0.973818    0.336490    0.073775    0.278876    
0.125490    5.396423    3.582560    5.793556    5.727632    2.098699    3.056537    0.570994    0.954068    1.387097    0.453587    0.631444    0.657465    1.225013    
0.136267    5.427209    3.615501    5.795683    5.700593    2.106048    3.082999    3.559060    0.623664    0.979803    1.370985    0.476736    0.642407    0.672669    1.172474    1.459401    
0.174228    5.461326    3.663726    5.777247    5.653225    2.142216    3.077577    3.619780    2.178043    0.674891    0.998412    1.387120    0.502710    0.650901    0.680425    1.098489    1.383846    1.488319    
0.246575    5.353416    3.819644    5.758207    4.486796    6.277339    3.519146    3.939302    5.349404    1.692957    0.564097    0.605740    0.898178    0.377227    1.465466    0.207045    0.278756    0.309700    0.305609    0.264507    
