 6    -2.359630    3.956650    0.191407
-0.270164  0.934725  -0.978179  1.679502  -0.282496  -2.137573  -0.087249  -0.115780  1.694825  0.442736  0.904835  -0.777380  -0.167235  0.549352  0.270288  
-0.300000  1.000000  1.000000  1.000000  1.000000  1.000000  
 1    -0.448008    0.117257      0.697350   2748.000000      0.375380
 2    -0.826178    0.082645      0.757222   5708.000000      0.860438
 3    -1.035054    0.098393      0.790292   9436.000000      1.488748
 4    -1.291678    0.150067      0.830921   13197.000000      2.196938
 5    -1.488928    0.355783      0.862150   18407.000000      3.356486
 6    -1.517523    0.254093      0.866677   24985.000000      4.954362
 7    -1.685921    0.198062      0.893338   33360.000000      7.580081
 8    -1.813990    0.396480      0.913614   40995.000000     10.475641
 9    -1.699983    0.281901      0.895564   56886.000000     16.462496
10    -1.962720    0.548801      0.937161   68588.000000     21.832676
6.283185    1.003986    
6.168808    3.638575    0.850584    0.414451    
6.075335    3.669124    3.111136    0.761951    0.495626    0.248797    
6.039014    3.735328    3.252134    5.997652    0.838334    0.510616    0.225283    1.254326    
5.987909    6.070228    2.900160    3.777351    5.606849    0.888070    1.159741    1.227246    1.129098    0.108289    
5.947790    5.947596    3.042542    6.283185    5.122818    0.826895    1.035870    1.133863    1.353849    1.356946    1.250914    0.138698    
6.011916    3.605041    0.547540    0.662576    2.006665    6.083442    1.787759    0.843087    0.532156    0.096572    1.260299    0.377492    1.063947    0.052243    
6.038472    4.107126    3.446010    5.530549    2.687828    1.709939    3.983200    5.801100    0.925253    0.549606    0.292914    1.277283    0.130177    1.291400    1.187581    0.388560    
6.056877    3.696090    3.025605    6.283185    2.561126    4.634127    3.839592    4.456498    5.407913    0.799614    0.460861    0.185177    1.130832    0.123704    1.060914    1.179142    0.249322    0.116964    
6.012111    6.215015    2.719481    3.899744    5.087898    4.144249    5.450187    4.063318    5.388442    5.115408    0.881829    1.218338    1.256307    0.835022    0.199768    0.194934    1.408662    1.413159    0.228893    0.127169    
