 6    -3.651604    4.749155    0.525271
-1.243488  -2.264139  0.865807  -1.336708  -1.279517  1.240628  -0.033184  -0.820098  1.200778  0.918955  -1.424009  2.450503  -0.537670  0.570585  0.081665  
-0.479344  -0.099431  -0.326527  0.066326  -0.486583  0.106097  
 1    -2.067968    0.292274      0.811489   3069.000000      0.385940
 2    -2.992628    0.586897      0.921558   6996.000000      1.001784
 3    -3.427413    0.847038      0.973313   12425.000000      1.920030
 4    -3.591102    0.952437      0.992798   19900.000000      3.461387
 5    -3.624424    0.970375      0.996765   33157.000000      6.519175
 6    -3.635690    0.981771      0.998106   54260.000000     12.850578
 7    -3.646827    0.996409      0.999431   80576.000000     21.696219
 8    -3.650093    0.998424      0.999820   118503.000000     36.768367
 9    -3.650877    0.999220      0.999914   208299.000000     76.265110
10    -3.651114    0.999530      0.999942   258980.000000    101.300787
4.735008    0.547557    
4.219860    5.158787    0.623384    0.309640    
3.795394    4.914285    5.693337    0.619355    0.426850    0.211309    
3.166074    4.479669    5.198863    5.608894    0.605254    0.428116    0.311923    0.146450    
2.225156    3.910246    4.575526    5.178201    5.472667    0.594115    0.457395    0.348660    0.238955    0.104880    
2.002192    3.554482    4.184443    4.744829    5.332228    5.764678    0.610053    0.462988    0.382787    0.271856    0.173801    0.070266    
2.039279    3.643358    4.103789    4.590326    4.959526    6.247585    6.283185    0.607326    0.474011    0.400250    0.317943    0.207492    0.125961    0.082460    
1.715443    3.286428    3.812778    4.241665    4.581734    5.309496    6.283185    5.653783    0.603395    0.471303    0.406414    0.333403    0.260592    0.160705    0.109957    0.056815    
1.351344    2.854857    3.513430    3.981257    4.366391    4.847597    5.649812    6.225634    5.778423    0.607841    0.479359    0.420140    0.356359    0.296677    0.222284    0.137048    0.093767    0.039838    
1.272870    2.708455    3.388919    3.871049    4.239047    4.708818    5.321950    5.874698    6.232951    6.174281    0.620344    0.494557    0.436241    0.374543    0.317193    0.254521    0.181328    0.116675    0.066414    0.024098    
