 6    -2.475154    2.603108    0.172815
-0.785379  0.950782  -0.027696  -1.235860  -0.578111  0.713701  -0.686916  1.087173  0.024415  -1.229610  0.309458  1.095729  1.452500  -0.108886  0.952027  
-0.300000  1.000000  1.000000  1.000000  1.000000  1.000000  
 1    -0.310493    0.019206      0.573740   2790.000000      0.360900
 2    -0.916480    0.009088      0.693069   5363.000000      0.806117
 3    -1.337054    0.023534      0.775888   9864.000000      1.586585
 4    -1.441311    0.026485      0.796418   14628.000000      2.474806
 5    -1.574985    0.064495      0.822741   20242.000000      3.794474
 6    -1.641678    0.040263      0.835874   25602.000000      5.148371
 7    -1.794180    0.179627      0.865904   34396.000000      7.870247
 8    -1.837264    0.019337      0.874388   44810.000000     11.631841
 9    -1.863444    0.381100      0.879543   60464.000000     17.462534
10    -1.973455    0.495049      0.901207   70665.000000     24.082495
0.297489    1.300863    
3.718571    3.578914    0.800119    0.469623    
3.510298    3.639303    4.685011    0.870809    0.689428    1.134057    
3.526436    3.637347    4.692678    0.187439    0.882780    0.672396    0.903648    0.279313    
3.474730    1.118143    2.516609    4.896680    3.348635    0.920072    1.544002    0.862238    1.000776    1.304717    
3.464320    3.604598    4.893607    1.275796    1.995801    1.792112    0.903226    0.905980    0.989026    0.000000    1.285836    0.113376    
0.671033    4.531426    2.405969    2.091966    1.607843    1.535280    5.771194    1.248558    1.393812    0.470478    0.302863    1.403401    1.086438    0.256967    
3.489987    3.576510    4.687825    0.315765    3.741935    5.223229    4.325903    0.935825    0.923884    0.768472    0.870032    0.297351    1.443064    0.079039    1.324548    0.129294    
0.552489    5.681237    2.281950    0.660862    2.559793    4.961643    5.215070    1.043001    1.197430    1.316181    0.814169    0.786468    1.112690    1.196550    0.230133    0.225897    0.179160    0.124692    
3.692805    3.651765    4.782393    4.830567    4.653477    3.859946    5.471165    2.089368    6.064453    1.535084    1.350006    0.769050    1.085907    0.267947    0.853090    0.386927    1.291571    1.320385    1.459052    0.059696    
