 6    -2.328131    3.609689    0.531144
-0.275434  0.009924  0.464788  0.342611  1.134445  -1.210976  -1.443573  -0.759583  0.937481  0.102493  0.591607  -0.425419  0.755324  -1.678499  -0.895253  
-0.300000  1.000000  1.000000  1.000000  1.000000  1.000000  
 1    -1.170015    0.418637      0.804960   3135.000000      0.400090
 2    -1.890372    0.719825      0.926276   5716.000000      0.827191
 3    -1.969323    0.782748      0.939573   9382.000000      1.454814
 4    -2.067395    0.872176      0.956089   13414.000000      2.237662
 5    -2.144639    0.908799      0.969098   18084.000000      3.263203
 6    -2.204381    0.946022      0.979159   25342.000000      5.107870
 7    -2.261409    0.968180      0.988763   32198.000000      7.193250
 8    -2.233379    0.957543      0.984043   41111.000000     10.592938
 9    -2.281185    0.975314      0.992094   49334.000000     13.844349
10    -2.264711    0.971295      0.989319   75543.000000     26.131230
0.428868    0.545987    
0.389447    0.446760    0.718663    0.397277    
0.399249    0.461437    4.197372    0.717949    0.425718    0.105607    
0.393711    0.459524    4.273899    5.724052    0.714475    0.421630    0.145070    1.449828    
0.383990    0.453957    4.408783    5.758227    6.241709    0.712912    0.442112    0.132825    1.389346    1.447237    
0.369135    0.434317    3.019639    1.073080    5.698301    4.121005    0.697275    0.428400    1.453577    0.203571    1.433046    1.487978    
0.367148    0.424143    4.305802    2.177547    1.066896    0.572197    5.737630    0.695867    0.378903    0.052797    1.428878    0.222514    0.163602    1.526093    
0.389638    0.432144    4.131846    5.983279    5.724954    6.189964    2.090169    2.079319    0.720225    0.463335    0.078778    1.506388    0.132372    0.111097    1.429240    0.069204    
0.371607    0.427773    4.339831    0.580563    4.236742    4.191026    3.043623    4.178822    0.553780    0.697928    0.413221    0.131408    0.122267    1.506492    1.490662    1.482319    1.428857    1.498332    
0.373561    0.410374    4.316877    0.718995    0.158079    5.978006    2.006074    3.090760    2.532346    5.580753    0.694126    0.383974    0.145022    0.211699    1.408832    0.039150    1.498583    1.570796    0.133662    1.473710    
