 6    -4.089403    3.267599    0.302454
1.736738  1.897914  -2.106773  -0.148912  0.583062  -2.259233  0.137240  -0.701213  -0.620780  -0.479620  1.209739  -1.075184  0.806919  -0.290783  -0.220948  
0.181566  -0.401897  -0.235107  0.139109  -0.042475  -0.460567  
 1    -2.288222    0.339853      0.755175   3396.000000      0.442247
 2    -3.696169    0.627363      0.946550   7008.000000      1.000684
 3    -3.934827    0.729698      0.978989   12792.000000      1.958628
 4    -4.000436    0.791788      0.987907   20334.000000      3.544674
 5    -4.029432    0.823619      0.991849   30909.000000      6.090726
 6    -4.043036    0.874233      0.993698   49161.000000     11.364955
 7    -4.065920    0.956027      0.996808   72600.000000     19.323526
 8    -4.076793    0.985865      0.998286   96588.000000     28.104894
 9    -4.085923    0.998556      0.999527   138603.000000     47.271991
10    -4.088829    0.999784      0.999922   311402.000000    131.906413
5.832829    0.546565    
5.279451    5.905537    0.636723    0.347148    
3.706513    4.865485    5.441315    0.570863    0.436789    0.214089    
2.981003    4.780783    5.252891    6.096842    0.606598    0.477221    0.329007    0.121275    
2.253608    4.312486    4.762260    5.453406    6.283185    0.614676    0.484151    0.394640    0.235027    0.078771    
2.387005    4.330883    4.803290    5.349951    6.019339    6.283185    0.633103    0.498295    0.414554    0.284253    0.148672    0.055370    
2.321094    4.370887    4.832629    5.518621    6.123700    6.283185    6.283185    0.593999    0.493902    0.411317    0.292289    0.197583    0.131080    0.070394    
2.199000    4.307658    4.796550    5.436242    6.156865    6.283185    6.283185    6.283185    0.625640    0.493269    0.414091    0.303373    0.209398    0.162791    0.119173    0.051017    
2.149849    4.063295    4.595892    5.193923    5.861330    6.283185    6.283185    6.272603    6.283185    0.615047    0.487768    0.414461    0.302284    0.210759    0.168784    0.146164    0.098358    0.045087    
1.772366    3.497871    4.104236    4.553293    5.174544    5.912458    6.283185    6.074406    6.187077    6.283185    0.600308    0.471171    0.415472    0.333279    0.243434    0.185159    0.154042    0.126698    0.086547    0.039258    
