 6    -3.496680    2.400598    0.093924
-1.130571  0.696200  -0.432293  0.741020  -0.478137  1.386040  0.125180  1.148860  -2.350259  0.183293  -0.311386  -0.294066  0.400061  1.005500  0.501643  
-0.300000  1.000000  1.000000  1.000000  1.000000  1.000000  
 1    -0.632769    0.098413      0.514367   2847.000000      0.366672
 2    -0.969681    0.090405      0.571497   6099.000000      0.891862
 3    -1.161618    0.049740      0.604044   9812.000000      1.550280
 4    -1.550486    0.024833      0.669984   13710.000000      2.325870
 5    -1.629878    0.014344      0.683447   19095.000000      3.538899
 6    -2.016149    0.167119      0.748947   26887.000000      5.526600
 7    -2.316017    0.292420      0.799795   33244.000000      7.540852
 8    -2.606240    0.213921      0.849008   43714.000000     11.122393
 9    -2.684722    0.675912      0.862316   57908.000000     17.024990
10    -2.762824    0.027241      0.875560   74511.000000     25.861335
2.902787    0.459370    
3.115053    0.816205    0.573650    1.109902    
2.875988    5.166894    4.843313    0.644612    0.154167    0.449676    
3.196338    0.606468    2.431079    4.370765    0.550876    1.224136    0.478037    1.196679    
3.187538    0.568175    2.439011    4.344182    1.074851    0.527834    1.220687    0.454296    1.150142    1.431385    
3.078473    4.603889    2.281885    5.883561    6.283185    5.163312    0.356237    0.100805    0.407860    0.299293    0.348529    0.216313    
3.086686    4.756572    2.176197    5.895287    6.195829    5.126699    4.786058    0.336551    0.076655    0.420494    0.329206    0.402876    0.169661    0.230305    
3.307954    3.158460    4.335473    4.797517    1.129640    4.135632    2.825572    1.652520    0.866228    0.979442    0.970276    1.512952    1.415999    0.181926    0.172880    0.359270    
2.707737    2.529729    3.620840    3.522902    5.123962    6.180919    4.366436    4.727487    5.099054    1.153193    0.933122    0.709996    1.264714    0.679642    0.620658    1.342743    1.375190    1.443838    
0.497626    3.980234    2.522575    1.060912    2.400262    3.948163    1.666480    3.757322    2.634613    1.460404    0.309811    1.570796    0.929412    1.479511    0.603489    0.817950    0.079216    1.408854    1.266901    0.152523    
