 6    -4.569281    3.065262    1.179081
0.286737  -1.614226  -2.273977  -0.592228  0.483037  0.143706  -2.061878  -0.378867  -1.044350  -0.467956  -1.944020  -0.360842  -0.845624  -0.393506  -0.128412  
-0.599999  -0.234974  -0.456364  -0.395816  -0.417546  -0.283469  
 1    -2.404249    0.485076      0.716416   3852.000000      0.481769
 2    -4.144970    0.865680      0.944422   7098.000000      1.003532
 3    -4.483654    0.970447      0.988784   11910.000000      1.829380
 4    -4.430370    0.958165      0.981805   18922.000000      3.225228
 5    -4.463967    0.973428      0.986206   26139.000000      5.026667
 6    -4.474432    0.978229      0.987576   36807.000000      8.127774
 7    -4.541105    0.992770      0.996309   54160.000000     13.644419
 8    -4.487174    0.982973      0.989245   71685.000000     20.411311
 9    -4.549046    0.995471      0.997350   101715.000000     34.060872
10    -4.507447    0.985135      0.991901   151715.000000     58.872707
2.237014    0.562553    
2.090402    2.474066    0.729798    0.385893    
1.508013    1.892428    2.161896    0.635743    0.492697    0.243489    
1.772681    2.104966    4.982493    2.935254    0.660165    0.438456    1.305652    1.409079    
1.677670    2.016288    4.957599    3.003099    5.509569    0.632534    0.459616    1.266636    1.335854    0.073751    
1.845322    2.176320    5.211611    5.916956    6.148789    2.869170    0.664857    0.459349    1.318117    0.191870    1.360278    1.406778    
1.216306    1.687349    1.926125    5.113595    6.097979    5.994226    6.219933    0.590057    0.485141    0.332555    1.440376    0.095382    1.512401    0.029951    
1.839681    2.193833    5.237115    6.068312    6.283185    5.709461    3.066996    5.654129    0.659770    0.473484    1.312231    0.190035    1.376755    0.230222    0.160352    1.506390    
1.206638    1.634331    1.841133    5.072854    6.252818    5.963637    5.999779    3.084120    5.161480    0.581181    0.468034    0.347721    1.405430    0.124968    1.429567    0.124988    0.096234    1.538216    
1.673765    2.087570    5.118659    5.403041    1.939460    2.738420    2.362300    5.907242    3.198911    5.960789    0.634635    0.459498    1.287829    0.234225    0.220324    0.152782    1.466389    0.183011    0.124524    1.535754    
