 6    -3.444468    3.750424    0.224446
-0.497271  0.107765  1.882873  -1.069230  -1.527741  -1.511618  0.386228  0.482651  2.007500  -0.509702  -0.890950  0.223526  0.045737  1.275074  0.981557  
-0.300000  1.000000  1.000000  1.000000  1.000000  1.000000  
 1    -0.464632    0.037975      0.585840   2664.000000      0.345136
 2    -1.197342    0.045242      0.687678   6310.000000      0.934064
 3    -1.630933    0.130764      0.747941   9382.000000      1.482485
 4    -1.854721    0.267752      0.779045   13638.000000      2.285114
 5    -1.930018    0.269690      0.789510   18077.000000      3.307150
 6    -2.213376    0.466015      0.828894   24475.000000      4.940381
 7    -2.301459    0.634721      0.841136   31369.000000      7.155949
 8    -2.504847    0.626596      0.869404   39087.000000      9.886183
 9    -2.696242    0.686129      0.896006   52708.000000     15.209934
10    -2.844015    0.716001      0.916544   67220.000000     22.155978
5.795725    0.725070    
5.963512    4.348211    0.943309    1.077703    
5.991167    4.293256    4.862746    1.014329    0.930316    0.327000    
5.966130    4.376692    4.930100    3.866974    1.079499    0.898866    0.404273    1.372313    
5.958097    4.404494    4.946168    3.900858    4.438115    1.057142    0.912746    0.380096    1.393837    1.459698    
6.240373    4.340652    5.153715    1.690022    2.053963    6.283185    1.306024    1.034454    0.601229    0.201319    1.277512    0.325293    
6.203172    4.281580    4.890798    3.672478    2.750559    4.570226    5.692136    1.223861    0.841869    0.469125    1.375869    1.156555    0.394116    1.209003    
5.950897    4.395004    4.879220    3.937533    2.361360    4.585690    3.022162    4.615956    1.042493    0.888578    0.490650    1.301946    1.259777    0.265361    1.156318    0.306737    
5.819618    4.057408    4.760348    3.978894    4.365682    5.819587    2.094032    3.858115    1.482146    0.950250    0.716412    0.169034    1.346934    1.437438    1.456013    0.305293    1.287058    1.370505    
5.773799    4.202467    5.036343    5.827322    4.915327    1.324030    4.346430    4.227870    5.807079    4.550741    0.779253    0.902171    0.317200    1.570796    0.049805    0.143471    1.434240    0.310421    1.222354    0.454481    
