 6    -2.506018    3.203484    0.257475
-0.016842  1.193143  0.399772  -1.002405  -1.181365  -0.378506  -0.714387  -0.865035  1.730648  -0.959349  -0.173111  -1.518304  0.611202  0.386043  0.675178  
-0.300000  1.000000  1.000000  1.000000  1.000000  1.000000  
 1    -0.291980    0.023011      0.612219   2550.000000      0.355092
 2    -0.994907    0.182967      0.735334   6315.000000      0.945942
 3    -1.240612    0.217541      0.778368   9601.000000      1.519889
 4    -1.260435    0.256192      0.781840   14239.000000      2.392123
 5    -1.559477    0.335338      0.834217   18117.000000      3.354993
 6    -1.659691    0.382899      0.851769   24687.000000      4.922193
 7    -1.755792    0.370365      0.868600   31495.000000      7.023342
 8    -1.848134    0.344550      0.884774   42800.000000     10.914777
 9    -1.929506    0.489522      0.899026   53786.000000     15.330587
10    -2.014909    0.492693      0.913984   69520.000000     22.014679
0.914189    0.742037    
4.601005    3.628431    0.834956    0.924157    
0.764811    5.357941    4.005289    0.391404    0.486486    1.008420    
0.870357    4.208173    5.090188    2.736161    1.003536    0.829716    1.227101    1.351924    
0.994789    4.094470    4.930789    3.703987    1.245518    0.954237    0.742768    1.067845    0.412913    1.396099    
0.954360    4.233532    6.061706    2.575465    2.512618    1.359044    0.707112    0.820014    1.101747    0.223472    0.672494    1.257915    
0.975675    4.228654    6.143661    2.571708    2.473215    1.289370    2.218810    0.732304    0.844242    1.124973    0.186494    0.608648    1.297205    0.140046    
0.934344    4.086524    4.853610    3.859329    2.475077    3.809847    1.662957    4.756266    1.010949    0.759078    1.091701    0.336390    1.430720    1.305052    0.346193    1.381435    
0.755898    3.611533    3.768981    4.852549    3.823868    1.853324    3.860928    1.598636    1.270848    0.399024    0.683195    1.214555    0.147213    0.386576    0.099965    1.442634    0.203202    1.228694    
0.590130    3.569493    3.799780    4.770671    4.025214    1.783308    3.706117    2.764066    1.382597    4.585166    0.367956    0.664535    1.279789    0.140443    0.418020    0.183853    1.497777    1.198607    0.112665    1.355533    
