 1    1.000000    0.867800      0.132200
 2    2.000000    0.661482      0.338518
 3    3.000000    0.409108      0.590892
 4    4.000000    0.400699      0.599301
 5    5.000000    0.376115      0.623885
 6    6.000000    0.480711      0.519289
 7    7.000000    0.367626      0.632374
 8    8.000000    0.352828      0.647172
 9    9.000000    0.347402      0.652598
10    10.000000    0.358182      0.641818
0.417028    0.578998    
0.387216    0.845181    0.768163    1.229429    
0.370536    0.786989    0.428216    0.776435    1.033369    1.252849    
0.370640    0.786482    0.437697    2.133157    0.775115    1.033905    1.238475    1.527128    
0.370371    0.782662    0.420689    0.830351    2.849883    0.775083    1.027216    1.164187    0.109946    1.533696    
0.389146    0.823667    0.876770    1.347890    1.794742    4.091984    0.774800    1.103677    0.313726    0.183368    1.474124    0.076221    
0.370741    0.782285    0.419438    0.818926    5.398956    4.890920    2.441585    0.776848    1.019295    1.140835    0.161280    1.559672    0.061802    1.522992    
0.368641    0.777480    0.418243    0.854999    2.733452    0.434085    2.449187    2.849671    0.779573    1.008721    1.117846    0.168362    1.444027    1.449836    0.037565    0.025872    
0.366850    0.796907    0.448097    1.266543    2.316487    1.417742    4.540479    1.975849    6.283185    0.793079    0.959020    1.098074    1.381187    1.499406    1.488465    1.528918    1.533609    0.033462    
0.365002    0.792253    0.457909    1.698171    1.988004    2.780276    4.104706    3.564602    4.389496    1.606545    0.778515    0.987954    1.125263    0.091812    1.508425    0.057422    1.483684    1.520336    0.023105    1.518242    
