 1    1.000000    0.767920      0.232080
 2    2.000000    0.451228      0.548772
 3    3.000000    0.164504      0.835496
 4    4.000000    0.109751      0.890249
 5    5.000000    0.082687      0.917313
 6    6.000000    0.066434      0.933566
 7    7.000000    0.046089      0.953911
 8    8.000000    0.041669      0.958331
 9    9.000000    0.019098      0.980902
10    10.000000    0.015461      0.984539
0.378042    0.481692    
0.560676    1.101534    0.781135    1.152680    
0.450540    1.018449    0.572880    0.731366    1.108215    1.245298    
0.479143    1.000276    0.530966    1.322130    0.681903    1.129599    1.171312    0.157820    
0.493474    0.976212    0.511494    1.339274    2.725901    0.683946    1.162285    1.142658    0.169495    1.487543    
0.423428    1.003003    0.481576    5.742208    1.453497    4.280574    0.688832    1.158694    1.398043    0.104699    1.405265    1.415656    
0.477544    0.925943    0.531681    1.227173    2.887632    5.794422    1.759948    0.615841    1.235025    1.007675    0.287594    1.513132    0.200381    0.168864    
0.466036    0.898463    0.513021    1.298931    1.273825    1.632585    5.943015    6.132424    0.638636    1.254078    1.079482    0.286206    1.447181    1.460830    0.107596    1.505618    
0.521916    1.001990    0.489192    1.148080    1.767126    1.810268    5.013085    1.702131    4.959643    0.647249    1.093667    1.000670    0.192229    1.523975    0.133270    0.192524    0.201924    1.528943    
0.486471    0.950676    0.532406    1.406522    2.043847    5.799254    0.597757    4.826116    3.034850    4.146072    0.623926    1.133905    1.024434    0.259623    0.197585    0.122071    0.148940    1.570796    1.425677    1.508293    
