 1    1.000000    0.363397      0.636603
 2    2.000000    0.025830      0.974170
 3    3.000000    0.006443      0.993557
 4    4.000000    0.002067      0.997933
 5    5.000000    0.000434      0.999566
 6    6.000000    0.000065      0.999935
 7    7.000000    0.000064      0.999936
 8    8.000000    0.000041      0.999959
 9    9.000000    0.000001      0.999999
10    10.000000    0.000016      0.999984
5.747421    0.816278    
2.317529    2.634892    0.729931    0.386928    
1.743272    2.206741    5.592763    0.644103    0.490367    1.386497    
1.597853    2.520686    5.832028    6.221411    0.645724    0.592422    1.196973    0.162088    
1.798442    3.010484    5.691118    6.283185    2.824035    0.628388    0.751416    1.024416    0.227795    1.428744    
1.412413    2.091838    5.493679    5.522129    6.277741    3.888955    0.562390    0.584081    1.194459    0.108435    0.000000    1.507108    
1.425000    2.097272    5.493763    5.533427    6.282984    4.234401    0.567963    0.565235    0.581521    1.197508    0.108047    0.000000    1.479781    0.038886    
1.414678    2.394345    5.720191    5.938294    6.283166    6.283185    3.285660    5.588491    0.592353    0.629507    1.148729    0.115333    0.000000    0.163144    0.069100    0.033514    
0.861405    1.670733    1.878558    2.283434    6.283126    3.638785    4.402941    4.178294    6.251401    0.601147    0.498987    0.404167    0.193608    1.554056    0.004875    0.000024    1.570782    1.570777    
1.508728    1.914762    3.653544    2.338415    5.932343    5.751547    0.515862    5.992269    0.532093    6.043116    0.566845    0.417111    1.348876    1.173027    0.156404    1.567711    1.570768    1.570782    1.570787    1.569774    
