 1    1.000000    0.816098      0.183902
 2    2.000000    0.567336      0.432664
 3    3.000000    0.265232      0.734768
 4    4.000000    0.193680      0.806320
 5    5.000000    0.177221      0.822779
 6    6.000000    0.333297      0.666703
 7    7.000000    0.204282      0.795718
 8    8.000000    0.182960      0.817040
 9    9.000000    0.200367      0.799633
10    10.000000    0.121698      0.878302
0.406200    0.555172    
0.345802    0.879552    0.641429    1.229053    
0.359987    0.890678    0.624401    0.696526    0.990125    1.200123    
0.379727    0.874081    0.583643    0.919729    0.711489    1.006045    1.107686    0.188335    
0.345671    0.866534    0.551672    0.301154    3.124248    0.745361    0.928983    1.146455    1.330269    0.024151    
0.367585    0.844772    3.264165    0.540580    5.074943    2.494354    0.654389    1.279307    1.337408    1.376450    0.121846    0.109663    
0.362911    0.877650    0.597726    2.565393    2.373779    6.283185    3.708342    0.703475    0.965284    1.120702    0.091715    0.024485    0.174313    1.472654    
0.368938    0.889935    0.611213    4.879022    5.262194    4.239495    1.567210    5.893049    0.709173    0.955151    1.061473    0.048021    0.197183    0.094972    0.085916    0.073482    
0.386631    0.862068    0.572943    5.312010    2.438173    2.954750    1.965331    5.541235    3.594867    0.706386    1.019785    1.111820    0.045978    0.000000    1.458314    1.505278    0.073919    0.090448    
0.360132    0.883398    0.566934    0.931676    1.675748    2.080430    2.968751    4.235622    5.590143    1.419054    0.737187    0.985041    1.057363    0.258633    0.092460    1.507694    1.525477    1.520621    1.501941    1.529450    
