 1    1.000000    0.507124      0.492876
 2    2.000000    0.150234      0.849766
 3    3.000000    0.027043      0.972957
 4    4.000000    0.004453      0.995547
 5    5.000000    0.000275      0.999725
 6    6.000000    0.000094      0.999906
 7    7.000000    0.000077      0.999923
 8    8.000000    0.000073      0.999927
 9    9.000000    0.000012      0.999988
10    10.000000    0.000057      0.999943
4.421706    0.557621    
3.608863    4.773307    0.807469    0.438390    
2.846272    2.859239    3.647767    0.649018    0.499928    0.303003    
1.855693    2.869782    2.683827    3.234910    0.619099    0.530781    0.375457    0.217270    
1.308643    2.628273    2.488468    2.695596    3.256933    0.664076    0.511100    0.445272    0.337225    0.165692    
1.333288    2.645886    2.529108    2.734690    3.270100    4.679371    0.661173    0.517146    0.447081    0.343291    0.207238    0.045453    
1.334672    2.600080    2.506992    2.697607    3.245311    4.726777    4.557845    0.657704    0.511893    0.445916    0.342747    0.195671    0.005935    1.547485    
1.331459    2.595558    2.508905    2.702766    3.268214    4.687509    4.792153    5.877748    0.655807    0.511641    0.446327    0.342029    0.192851    0.000000    1.544403    0.000337    
1.176109    2.132664    2.166475    2.332541    2.674818    3.089881    3.637452    3.119520    5.238747    0.626114    0.450864    0.423298    0.368423    0.282164    0.169715    0.064446    0.035973    0.010493    
1.339451    2.522178    2.447646    2.659371    3.193324    4.687095    1.611113    2.299539    4.808659    3.310748    0.651462    0.499522    0.444122    0.352882    0.228156    0.000000    0.016071    1.477560    1.528906    0.001863    
