 1    1.000000    0.838516      0.161484
 2    2.000000    0.626770      0.373230
 3    3.000000    0.356309      0.643691
 4    4.000000    0.442851      0.557149
 5    5.000000    0.397655      0.602345
 6    6.000000    0.377773      0.622227
 7    7.000000    0.281752      0.718248
 8    8.000000    0.297500      0.702500
 9    9.000000    0.294957      0.705043
10    10.000000    0.284622      0.715378
0.397854    0.552068    
0.418103    0.835752    0.677916    1.282612    
0.391752    0.758353    0.469645    0.705855    1.101805    1.247168    
0.396912    0.863275    1.865210    4.687466    0.673247    1.224691    0.166908    1.462280    
0.392056    0.844372    1.777793    4.844981    5.258671    0.669551    1.210892    0.161068    1.452914    0.117240    
0.397000    0.836867    1.862340    1.030676    3.603621    3.842840    0.665475    1.221035    0.208598    1.454222    1.509039    1.460025    
0.370434    0.735904    0.373417    0.879400    5.426943    0.482756    1.895119    0.680072    1.186755    1.225329    0.153531    1.466197    1.457847    0.041722    
0.373389    0.744200    0.408184    1.809024    4.570315    4.414597    2.379379    4.968798    0.689044    1.169366    1.225263    0.086074    1.509079    0.074635    0.010375    0.060163    
0.380025    0.746615    0.422522    1.885590    1.021896    1.877856    4.495506    4.531400    4.635099    0.690313    1.171338    1.238988    0.133661    1.465889    0.062403    1.523433    0.033012    1.530494    
0.368673    0.742900    0.412169    1.746638    5.140801    3.407632    2.201137    0.992867    3.223134    4.785306    0.684107    1.183043    1.238935    0.131805    1.501601    1.505602    1.415237    0.057927    0.076829    0.044099    
