 1    1.000000    0.853642      0.146358
 2    2.000000    0.581270      0.418730
 3    3.000000    0.541090      0.458910
 4    4.000000    0.383201      0.616799
 5    5.000000    0.374819      0.625181
 6    6.000000    0.421230      0.578770
 7    7.000000    0.351889      0.648111
 8    8.000000    0.323039      0.676961
 9    9.000000    0.317435      0.682565
10    10.000000    0.282057      0.717943
0.413920    0.570793    
0.563812    0.934992    0.860213    1.114953    
0.552703    0.949712    1.861598    0.858692    1.113314    0.102257    
0.398343    0.761716    0.406663    0.831137    0.715634    1.101857    1.182072    0.168060    
0.397098    0.764503    0.406018    0.845939    1.934706    0.713500    1.102424    1.184911    0.158447    1.530874    
0.399593    0.807827    1.671048    0.458236    3.669289    2.279690    0.718679    1.230332    0.285174    0.192914    0.042916    0.058795    
0.400189    0.752650    0.400614    0.856689    1.563865    2.445399    6.057407    0.710011    1.100467    1.140921    0.201419    0.036260    0.031646    1.505413    
0.388252    0.715622    0.234804    0.313057    0.718064    4.419177    5.221098    3.649251    0.710018    1.214419    1.258863    1.296734    0.105770    1.540959    0.039254    1.558843    
0.401832    0.743698    0.396145    0.799377    1.341500    2.215852    5.173705    5.515228    1.361747    0.712862    1.096636    1.143418    0.276117    0.118991    0.059224    0.080504    0.145761    0.077469    
0.407375    0.726504    0.388731    0.809658    4.464507    2.168672    3.056558    1.975586    2.692122    4.031114    0.718980    1.109161    1.125866    0.347048    0.048618    1.438181    0.064242    0.150718    0.099104    1.494232    
