 8    -4.988449    3.917771    0.437209
0.696245  -2.444617  -0.260982  -0.113475  -0.320669  0.034260  -0.922643  -1.114682  -0.286673  1.218300  1.229856  -1.262179  0.833652  -0.477234  -0.225393  0.186255  -1.199015  -0.142385  1.513019  -0.285775  -1.416254  0.304697  -0.822796  -0.260170  0.600818  0.509789  -1.562202  1.069096  
 1    -1.071945    0.040421      0.439749
 2    -3.525027    0.232067      0.164315
 3    -4.185380    0.374645      0.090169
 4    -4.466331    0.441181      0.058624
 5    -4.629692    0.500788      0.040282
 6    -4.711996    0.539386      0.031040
 7    -4.765404    0.600973      0.025044
 8    -4.798639    0.646247      0.021312
 9    -4.826876    0.708744      0.018142
10    -4.864831    0.892356      0.013880
0.378549    0.884518    
0.493706    0.850105    0.976122    1.256053    
0.455650    0.726246    0.786430    0.974496    1.122017    1.319972    
0.368202    0.677512    0.690646    0.775082    0.961284    1.096093    1.191790    1.371876    
0.330322    0.617788    0.655678    0.702923    0.775853    0.928701    1.076308    1.151957    1.237959    1.406066    
0.293685    0.552392    0.596604    0.646411    0.671335    0.749081    0.934393    1.075946    1.149768    1.211214    1.302689    1.446038    
0.299269    0.555855    0.591808    0.637810    0.664914    0.738226    0.883090    0.921268    1.057949    1.133033    1.188942    1.264572    1.360259    1.484778    
0.274187    0.524119    0.565913    0.614292    0.627359    0.687878    0.785051    0.866428    0.941153    1.068415    1.129476    1.183486    1.243980    1.316644    1.409194    1.497228    
0.272418    0.521662    0.565689    0.606088    0.621700    0.668807    0.759842    0.849739    0.919938    0.942478    1.078595    1.138766    1.182492    1.239388    1.300864    1.379637    1.433983    1.507237    
0.306747    0.582776    0.629190    0.674109    0.720709    0.791419    0.943304    0.945336    0.952794    0.973446    0.914202    1.055750    1.137732    1.208427    1.300012    1.361887    1.389209    1.402838    1.405918    1.475245    
