 8    -3.761463    3.999432    0.193942
-0.894779  0.121654  -0.763285  -0.481901  1.059032  0.356689  -0.392180  1.515508  -0.183340  -0.140353  -1.015118  -1.061475  -0.607602  1.142866  0.181214  0.037874  0.814313  -0.188506  0.959805  -0.357926  -1.180893  -0.575264  -0.207069  -0.544600  1.494800  -0.153919  -1.374320  0.848533  
 1    -1.917315    0.063090      0.237621
 2    -2.755051    0.224309      0.129677
 3    -3.144568    0.326095      0.079488
 4    -3.335164    0.401450      0.054929
 5    -3.432686    0.465793      0.042363
 6    -3.498687    0.534245      0.033859
 7    -3.558203    0.608344      0.026190
 8    -3.607194    0.670984      0.019878
 9    -3.642364    0.702303      0.015346
10    -3.664709    0.713267      0.012467
0.721816    1.250097    
0.595278    0.984168    1.036734    1.282422    
0.504908    0.911300    0.997194    0.994172    1.161849    1.360430    
0.425090    0.810397    0.909710    1.001964    0.993867    1.136207    1.260503    1.416958    
0.367641    0.749172    0.856112    0.959010    1.049612    0.956876    1.102920    1.203943    1.314804    1.450958    
0.363419    0.706082    0.804706    0.909694    1.009908    1.062792    0.951421    1.084319    1.180077    1.257184    1.364220    1.475486    
0.352838    0.696099    0.765852    0.842224    0.930011    1.014699    1.084026    0.960276    1.077047    1.161919    1.233347    1.304358    1.390245    1.477782    
0.344953    0.696488    0.768236    0.823434    0.872735    0.952228    1.067514    1.085790    0.953470    1.079374    1.147852    1.208752    1.276886    1.332342    1.402235    1.484066    
0.319491    0.659124    0.756530    0.813391    0.850165    0.887933    0.993358    1.066083    1.085173    0.955469    1.077865    1.145850    1.189374    1.246921    1.299525    1.348124    1.412564    1.493578    
0.289792    0.614246    0.716600    0.796228    0.831507    0.865870    0.923578    0.999986    1.065532    1.079883    0.950058    1.073733    1.142121    1.183768    1.226155    1.269884    1.320579    1.366138    1.430243    1.505330    
