 8    -4.414554    5.653647    0.372202
-1.243488  -2.264139  0.865807  -1.336708  -1.279517  1.240628  -0.033184  -0.820098  1.200778  0.918955  -1.424009  2.450503  -0.537670  0.570585  0.081665  1.937139  -0.584177  -0.168090  0.839135  -0.710069  0.423163  -0.202745  0.808552  -0.285661  0.982600  -0.669389  -0.243496  0.163524  
 1    -2.162482    0.067219      0.223682
 2    -3.097689    0.126319      0.130794
 3    -3.523657    0.169201      0.088486
 4    -3.720073    0.216102      0.068978
 5    -3.832710    0.257944      0.057790
 6    -3.908708    0.292044      0.050242
 7    -3.956632    0.319946      0.045482
 8    -3.994680    0.356400      0.041703
 9    -4.032890    0.400760      0.037908
10    -4.076065    0.486886      0.033620
0.446246    1.164798    
0.389392    0.713546    1.095829    1.295437    
0.332810    0.618023    0.667207    1.071735    1.239024    1.385536    
0.293667    0.578733    0.628523    0.721374    1.039484    1.202135    1.327310    1.443603    
0.274324    0.552783    0.621438    0.694986    0.788734    1.017290    1.165161    1.289665    1.393041    1.475973    
0.255942    0.522350    0.594556    0.682906    0.745183    0.790215    1.020813    1.156005    1.253444    1.356737    1.433187    1.490206    
0.234557    0.490474    0.558585    0.644099    0.721297    0.744061    0.789410    1.011709    1.154800    1.239206    1.318449    1.399978    1.451583    1.503248    
0.228855    0.478321    0.546016    0.623597    0.703354    0.742454    0.763314    0.829158    1.000240    1.138559    1.226341    1.295818    1.360477    1.420370    1.463987    1.509056    
0.225769    0.468884    0.526950    0.596863    0.661229    0.716801    0.752798    0.769763    0.824661    0.993959    1.131571    1.211076    1.275347    1.331470    1.373385    1.425989    1.464206    1.505934    
0.246963    0.489891    0.548370    0.624394    0.677044    0.711028    0.758866    0.767521    0.771889    0.854959    0.998909    1.125277    1.197930    1.246498    1.294856    1.328974    1.366283    1.415519    1.448681    1.496726    
