 8    -4.062286    4.630526    0.456510
0.993539  -0.758112  -0.351157  0.938245  -1.000467  -1.201973  2.034609  0.008307  0.258243  0.446007  -0.069812  -0.033584  -0.685347  1.140189  -1.653406  0.232497  -0.203918  -1.100841  1.758511  -0.430515  1.327838  0.925540  0.184446  1.811597  2.076887  -0.405200  0.515850  -1.207827  
 1    -0.874666    0.019805      0.366696
 2    -2.722824    0.129361      0.154088
 3    -3.024932    0.175390      0.119335
 4    -3.195282    0.214829      0.099738
 5    -3.310116    0.262393      0.086528
 6    -3.416017    0.317451      0.074345
 7    -3.518500    0.369969      0.062556
 8    -3.614258    0.421823      0.051540
 9    -3.684259    0.473607      0.043487
10    -3.745334    0.529085      0.036461
0.164201    1.008275    
0.389274    0.744929    1.129215    1.356795    
0.353435    0.668064    0.754215    1.080953    1.304822    1.416999    
0.330577    0.635741    0.709230    0.772300    1.052673    1.248381    1.368550    1.449698    
0.301303    0.607302    0.684782    0.731891    0.795642    1.024629    1.203208    1.308870    1.391989    1.461275    
0.298567    0.577485    0.663309    0.701922    0.748517    0.772868    1.024031    1.181386    1.268015    1.330181    1.398732    1.464220    
0.295010    0.572699    0.625942    0.679257    0.704981    0.713216    0.770316    1.013514    1.182394    1.256517    1.297997    1.343701    1.405305    1.465712    
0.295025    0.570034    0.629235    0.648098    0.691017    0.686218    0.723520    0.793778    1.016442    1.174828    1.258626    1.291364    1.318511    1.357886    1.411470    1.472907    
0.278937    0.559675    0.624706    0.650935    0.661161    0.683160    0.704815    0.747610    0.817577    1.009676    1.169677    1.247276    1.288999    1.310131    1.335186    1.373044    1.428475    1.486967    
0.272637    0.533385    0.604481    0.639568    0.650542    0.638893    0.693636    0.713647    0.746896    0.825758    1.019064    1.177243    1.248988    1.281076    1.310685    1.324197    1.347850    1.391018    1.441183    1.489715    
