 8    -5.296463    5.126234    0.709642
1.415251  0.219463  -0.718165  -0.944054  -0.116164  0.462922  0.910378  -0.360768  -0.283324  0.908532  -2.179756  0.817572  -0.543350  -0.058177  -0.193823  -1.548497  1.024911  -1.174386  1.714655  -0.665776  -0.677361  -2.201595  -0.396134  0.140625  -0.952711  -0.290926  -1.226109  0.732937  
 1    -2.312841    0.094609      0.286262
 2    -3.514435    0.261153      0.170976
 3    -4.252962    0.451581      0.100118
 4    -4.707999    0.640546      0.056460
 5    -4.938784    0.786789      0.034317
 6    -5.114528    0.888402      0.017456
 7    -5.190144    0.918160      0.010201
 8    -5.218442    0.926627      0.007486
 9    -5.231121    0.931492      0.006269
10    -5.235656    0.951044      0.005834
0.519075    1.189110    
0.456994    0.746779    0.997496    1.217493    
0.399418    0.672433    0.706597    0.988343    1.099226    1.316813    
0.358799    0.629462    0.637715    0.730282    0.995865    1.085663    1.193250    1.366616    
0.321562    0.609569    0.621036    0.695121    0.782596    0.976292    1.082563    1.161388    1.264963    1.428481    
0.307205    0.566145    0.580476    0.641592    0.724013    0.813986    0.983652    1.098244    1.170131    1.240187    1.335085    1.447265    
0.262965    0.517681    0.542161    0.582796    0.634630    0.746920    0.797567    0.983417    1.104238    1.170659    1.235736    1.299046    1.371664    1.475088    
0.227507    0.464635    0.496842    0.523476    0.556213    0.623378    0.718379    0.774878    0.983121    1.117936    1.181496    1.239378    1.292315    1.346687    1.405006    1.496441    
0.197572    0.427589    0.477902    0.501189    0.520027    0.567523    0.635125    0.735198    0.797616    0.963560    1.102152    1.174865    1.229691    1.277866    1.329814    1.374217    1.433623    1.518046    
0.210568    0.443789    0.482296    0.503129    0.532387    0.592073    0.675162    0.771999    5.988361    0.858835    0.981847    1.124063    1.187318    1.243478    1.284708    1.339344    1.396093    1.490611    0.036824    0.035234    
