 8    -4.996536    5.434156    0.931892
0.659883  0.275174  0.023310  -0.031400  -0.488760  1.769949  -1.057899  0.536744  0.252211  -0.359362  -1.231819  -1.621168  -1.835555  -0.398626  -1.042137  -1.006256  -0.611754  -0.682057  2.505280  1.717893  -0.361545  -1.074668  0.387961  -0.375003  1.636920  -0.270384  0.058092  1.352443  
 1    -1.479694    0.040100      0.337163
 2    -3.226144    0.238003      0.169729
 3    -3.615366    0.371527      0.132414
 4    -4.000112    0.545458      0.095528
 5    -4.394173    0.689493      0.057749
 6    -4.636934    0.799786      0.034475
 7    -4.781598    0.879669      0.020606
 8    -4.864265    0.922686      0.012681
 9    -4.902559    0.937844      0.009010
10    -4.928885    0.953527      0.006486
0.672259    1.396224    
0.424077    0.792007    1.075530    1.303023    
0.357116    0.704685    0.818959    1.021444    1.192837    1.374708    
0.366996    0.654532    0.739213    0.803524    0.984753    1.102577    1.210913    1.343183    
0.355902    0.632048    0.650544    0.713760    0.770642    0.999818    1.107407    1.178582    1.212258    1.365541    
0.326617    0.609491    0.621958    0.645763    0.699003    0.811433    0.998942    1.111338    1.179046    1.201013    1.259222    1.414135    
0.295853    0.576646    0.609172    0.621388    0.627566    0.737269    0.868331    0.999611    1.116913    1.171420    1.200675    1.239887    1.316821    1.448224    
0.265659    0.540036    0.583440    0.608433    0.601265    0.640003    0.779401    0.890964    0.991506    1.120381    1.174521    1.194782    1.232247    1.285775    1.359724    1.471434    
0.237913    0.487833    0.540618    0.570735    0.563429    0.574987    0.618982    0.741231    0.857079    0.994805    1.132947    1.186271    1.211743    1.236580    1.282494    1.338511    1.393634    1.487165    
0.220427    0.469834    0.523799    0.553765    0.550160    0.550361    0.571701    0.636528    0.795314    0.913441    0.974771    1.116402    1.184172    1.211989    1.237808    1.275617    1.323830    1.359363    1.418385    1.508330    
