 8    -3.586170    4.015434    0.937822
-0.835604  0.665364  0.481271  -0.938764  -0.122347  -1.126123  -0.846273  -1.317148  -1.813608  -0.155595  0.611860  0.014949  0.795852  0.011985  0.922505  0.349768  0.002359  -0.999109  0.421646  -0.261758  0.127665  0.056907  -0.229472  -0.957703  -0.424170  0.020671  -0.415321  0.213133  
 1    -1.484177    0.129260      0.276520
 2    -2.223019    0.282124      0.179324
 3    -2.558653    0.427134      0.135171
 4    -2.855247    0.601423      0.096154
 5    -3.095130    0.733625      0.064597
 6    -3.293202    0.836722      0.038540
 7    -3.419482    0.897317      0.021928
 8    -3.490897    0.947714      0.012533
 9    -3.531894    0.970157      0.007140
10    -3.538843    0.974383      0.006226
0.968645    1.181035    
0.592137    1.083511    1.099343    1.286163    
0.494512    0.928207    1.105800    1.037620    1.182956    1.346768    
0.497004    0.849628    0.958281    1.120265    1.007420    1.122508    1.220878    1.342444    
0.460959    0.831037    0.882778    0.981805    1.147932    1.001641    1.094585    1.174468    1.210434    1.360840    
0.438417    0.801925    0.847435    0.893205    0.988975    1.146744    0.992948    1.095167    1.156738    1.177488    1.236746    1.380033    
0.396308    0.755160    0.805172    0.835714    0.838249    0.938530    1.132986    1.001458    1.106772    1.167148    1.189544    1.237898    1.284564    1.419787    
0.370274    0.722988    0.787644    0.820823    0.801407    0.846524    1.039270    1.291909    0.991679    1.105319    1.168234    1.191811    1.232020    1.266051    1.326575    1.466284    
0.330982    0.657672    0.730933    0.794543    0.771808    0.759526    0.834261    1.089202    1.342672    1.003132    1.118922    1.171320    1.197443    1.237408    1.275342    1.299971    1.368263    1.485375    
0.328646    0.654765    0.717760    0.776982    0.760596    0.747467    0.800712    1.031404    1.324574    6.283185    1.007089    1.126361    1.178537    1.201847    1.238545    1.282649    1.306095    1.370663    1.476226    1.544068    
