 8    -4.039774    5.709799    0.351766
0.277660  1.805239  -0.840097  -0.895218  0.561813  -0.478703  0.312600  -1.203183  -1.609399  -0.798519  -0.206177  -0.118149  0.223079  0.612972  1.086046  0.936871  -0.778794  1.019699  0.968641  1.117000  -0.644645  -0.159126  -1.731727  2.054992  -1.788954  -1.960834  0.559302  -0.342946  
 1    -1.654593    0.027709      0.244645
 2    -2.702793    0.137017      0.137132
 3    -3.110989    0.270237      0.095264
 4    -3.385975    0.387088      0.067059
 5    -3.570269    0.459390      0.048156
 6    -3.679007    0.506002      0.037003
 7    -3.749225    0.548265      0.029801
 8    -3.800198    0.597863      0.024573
 9    -3.837579    0.628994      0.020739
10    -3.869460    0.674827      0.017469
0.318777    1.314908    
0.390238    0.784010    1.141426    1.347103    
0.354406    0.695919    0.766116    1.085458    1.276910    1.386290    
0.319547    0.625048    0.702498    0.731172    1.062320    1.226599    1.322015    1.412006    
0.295094    0.579714    0.636360    0.705818    0.733799    1.041286    1.198264    1.277696    1.349650    1.438792    
0.273016    0.544923    0.589328    0.655463    0.716577    0.761454    1.026536    1.182742    1.259947    1.310260    1.386971    1.468792    
0.256010    0.520399    0.563727    0.598010    0.659630    0.737805    0.767434    1.017816    1.166932    1.249952    1.299326    1.349546    1.420415    1.486707    
0.253366    0.509475    0.553242    0.579309    0.609505    0.702707    0.770967    0.809459    1.016107    1.158191    1.234826    1.294718    1.336543    1.383948    1.444967    1.500401    
0.237343    0.481409    0.528756    0.561983    0.556084    0.575899    0.689749    0.776678    0.805126    1.026711    1.167994    1.232214    1.289131    1.351000    1.379260    1.406776    1.460814    1.507360    
0.229362    0.481804    0.530223    0.551939    0.556019    0.548901    0.645829    0.763713    0.833066    0.852576    1.012108    1.162589    1.230337    1.279432    1.340767    1.381867    1.388818    1.427748    1.478630    1.514490    
