 8    -4.570974    4.217371    0.042483
-0.865377  -0.906804  -0.216282  -1.436207  -1.287836  0.000968  0.262022  -0.588278  -0.086633  2.495468  0.738580  -1.138786  -0.119129  -1.040382  -0.558895  -1.008352  0.341405  0.190311  -0.480779  -0.992802  1.018609  0.358448  -0.657133  -0.287619  0.822581  -0.732660  0.836864  1.419409  
 1    -2.131355    0.079214      0.277597
 2    -3.290994    0.195828      0.145645
 3    -3.903951    0.289650      0.075899
 4    -4.253535    0.349900      0.036121
 5    -4.398819    0.383774      0.019589
 6    -4.460856    0.403627      0.012530
 7    -4.491725    0.418384      0.009017
 8    -4.507114    0.431328      0.007266
 9    -4.518664    0.445958      0.005952
10    -4.528305    0.460928      0.004855
0.487269    1.124742    
0.503757    0.820062    1.033397    1.263122    
0.441712    0.757730    0.805591    0.973283    1.118552    1.316527    
0.378946    0.683831    0.730329    0.748213    0.972739    1.076857    1.193495    1.370677    
0.320346    0.633195    0.674974    0.707293    0.770307    0.953228    1.073217    1.155644    1.268787    1.437298    
0.285423    0.576428    0.634639    0.654720    0.725968    0.809083    0.953721    1.074284    1.156195    1.224156    1.351449    1.483815    
0.258140    0.532653    0.595194    0.620043    0.658645    0.759433    0.850286    0.953518    1.077521    1.153918    1.214621    1.295975    1.408918    1.505527    
0.237597    0.504734    0.575415    0.603349    0.627588    0.706227    0.822483    0.880107    0.951539    1.072723    1.149831    1.205951    1.279281    1.360667    1.455442    1.524211    
0.228129    0.485021    0.556261    0.586328    0.604864    0.663040    0.780037    0.877735    0.937645    0.958456    1.079726    1.149518    1.205698    1.272135    1.343890    1.415095    1.482656    1.531558    
0.220281    0.470903    0.540349    0.567933    0.581132    0.633796    0.734999    0.866185    0.938267    0.944569    0.959664    1.086900    1.157107    1.207529    1.269580    1.334861    1.399507    1.451188    1.498535    1.534838    
