 8    -3.117025    3.526864    0.125004
0.522022  0.069947  0.869230  0.424554  -0.220960  -0.632086  -0.455699  -0.681874  0.387163  -0.009748  -1.344962  -0.010275  0.704485  -1.958639  0.153709  1.233067  -0.504342  1.349764  0.731516  1.011621  -0.637194  -0.194763  1.103719  -0.072570  -1.162580  0.324676  -0.032394  0.351848  
 1    -1.728868    0.038914      0.208937
 2    -2.416364    0.129218      0.105459
 3    -2.634475    0.197721      0.072631
 4    -2.768675    0.270593      0.052432
 5    -2.850716    0.323095      0.040083
 6    -2.909251    0.357977      0.031273
 7    -2.944597    0.390069      0.025953
 8    -2.970967    0.433949      0.021984
 9    -2.995630    0.480780      0.018272
10    -3.014884    0.522049      0.015374
0.536750    1.191479    
0.555528    0.945063    1.058520    1.305505    
0.462578    0.849387    0.925986    1.023322    1.224592    1.411517    
0.442724    0.801511    0.895513    1.020401    1.014944    1.194122    1.341355    1.452488    
0.402718    0.755601    0.845474    0.993242    1.001036    1.017109    1.183759    1.301803    1.388137    1.470177    
0.381792    0.724539    0.804757    0.944608    1.008203    1.013065    1.001125    1.171159    1.276821    1.352707    1.411609    1.484275    
0.340776    0.678644    0.767391    0.889416    0.974423    1.031844    1.030861    0.997958    1.151916    1.252451    1.326644    1.381544    1.436308    1.500785    
0.331986    0.655897    0.744740    0.852866    0.934939    1.021339    1.084306    1.049886    0.978927    1.140679    1.228584    1.299907    1.357665    1.412703    1.460639    1.509088    
0.333832    0.637733    0.716197    0.827362    0.882358    0.965341    1.059375    1.102683    1.037292    0.991875    1.144741    1.227702    1.286434    1.338293    1.392951    1.443535    1.473859    1.511818    
0.315709    0.633061    0.701267    0.799963    0.862651    0.907732    1.002962    1.092881    1.116187    1.049044    0.986750    1.140851    1.222967    1.279933    1.321344    1.369702    1.422451    1.460342    1.481028    1.517060    
