 8    -4.423502    5.286330    0.019257
-0.497271  0.107765  1.882873  -1.069230  -1.527741  -1.511618  0.386228  0.482651  2.007500  -0.509702  -0.890950  0.223526  0.045737  1.275074  0.981557  -1.357761  0.467119  -0.566509  2.345418  -0.477393  -0.310067  1.301076  -0.166463  0.935313  1.558391  -0.933234  0.168355  0.230982  
 1    -1.545956    0.024626      0.296354
 2    -3.112218    0.097482      0.135047
 3    -3.543693    0.168085      0.090610
 4    -3.788039    0.238144      0.065445
 5    -3.977304    0.305477      0.045953
 6    -4.129757    0.387447      0.030252
 7    -4.221882    0.458841      0.020765
 8    -4.267728    0.512882      0.016043
 9    -4.302309    0.569321      0.012481
10    -4.302309    0.569352      0.012481
0.757517    1.337938    
0.403303    0.689897    1.083422    1.314011    
0.345089    0.611585    0.644457    1.042674    1.225819    1.372313    
0.312989    0.566832    0.612743    0.675227    1.004159    1.168426    1.273252    1.405328    
0.299110    0.547150    0.585423    0.652845    0.716690    0.998458    1.130392    1.219276    1.304579    1.428365    
0.288668    0.522220    0.564647    0.620636    0.682089    0.728834    1.008516    1.143331    1.192020    1.259465    1.341936    1.447851    
0.260223    0.493581    0.532787    0.592181    0.639713    0.697077    0.749730    1.013159    1.151369    1.206853    1.246179    1.309970    1.382153    1.476983    
0.230193    0.457984    0.509588    0.560118    0.610479    0.660892    0.722093    0.768245    1.006047    1.151980    1.210256    1.251284    1.295152    1.351465    1.422456    1.501199    
0.224240    0.441048    0.490597    0.547063    0.584940    0.648300    0.700900    0.766639    0.812270    0.995717    1.144614    1.208629    1.251442    1.293967    1.338319    1.395378    1.455957    1.512025    
0.224292    0.000000    0.441099    0.490621    0.547098    0.584995    0.648347    0.700925    0.766613    0.812142    0.730332    0.265405    1.144628    1.208644    1.251453    1.293993    1.338344    1.395434    1.455979    1.512043    
