 8    -4.471666    3.375500    0.276025
0.441145  -0.576500  -1.269955  -2.450535  1.899251  -0.074970  -0.255748  -0.274553  -0.856710  0.858997  0.574482  0.136117  -0.110739  0.963468  0.789986  -0.354507  0.655454  -1.442845  0.516226  1.165711  -0.683643  -0.198090  0.540971  0.441133  0.138034  -0.057272  -1.105156  0.767905  
 1    -1.380970    0.040842      0.393861
 2    -2.987952    0.209915      0.189076
 3    -3.450301    0.314761      0.130157
 4    -3.797189    0.443123      0.085952
 5    -4.063769    0.539722      0.051980
 6    -4.232921    0.615538      0.030424
 7    -4.318478    0.658709      0.019521
 8    -4.353973    0.690241      0.014998
 9    -4.374699    0.717474      0.012357
10    -4.388119    0.752103      0.010647
0.333440    1.319952    
0.507547    0.871997    1.041398    1.290477    
0.446377    0.790244    0.873504    0.989768    1.155941    1.340905    
0.414387    0.740396    0.786599    0.869838    0.959144    1.092659    1.184400    1.343808    
0.389340    0.702021    0.753361    0.810132    0.886927    0.943647    1.064372    1.130573    1.196890    1.376023    
0.359740    0.655316    0.700035    0.758936    0.806293    0.907688    0.953117    1.074806    1.130256    1.171642    1.262006    1.422082    
0.319931    0.602373    0.650980    0.686360    0.705823    0.791252    0.907310    0.965241    1.091484    1.145564    1.184005    1.233409    1.317143    1.453471    
0.278412    0.567189    0.625991    0.668772    0.668269    0.720412    0.830466    0.941944    0.954120    1.083304    1.143227    1.179540    1.223221    1.278457    1.367988    1.490015    
0.265205    0.529974    0.599730    0.646174    0.650960    0.670657    0.741571    0.865596    0.997234    0.958406    1.091137    1.143739    1.181858    1.219992    1.271371    1.331437    1.418659    1.512315    
0.251055    0.523096    0.590249    0.642298    0.646312    0.668240    0.715163    0.825836    0.982970    1.082290    0.950936    1.082112    1.140502    1.175652    1.213075    1.260516    1.313949    1.379624    1.459103    1.524607    
