 8    -4.166280    4.079810    0.734578
1.980655  1.795750  -0.728124  -0.283760  1.757234  -0.700888  0.749530  1.466181  -0.359759  -0.314563  -0.497060  -0.582411  0.826093  0.847297  -0.248796  -1.247295  -0.320472  0.092944  -0.984481  -0.621929  0.498765  0.203754  0.685531  1.081797  -0.182269  -1.166652  0.568559  0.322269  
 1    -1.263515    0.058243      0.352017
 2    -2.483675    0.199140      0.204049
 3    -2.995634    0.359490      0.141964
 4    -3.377474    0.527112      0.095658
 5    -3.668043    0.644794      0.060421
 6    -3.851795    0.745448      0.038138
 7    -3.956114    0.815190      0.025487
 8    -4.016469    0.862683      0.018167
 9    -4.058607    0.908920      0.013057
10    -4.091171    0.943107      0.009108
0.919578    1.254652    
0.479580    0.881778    1.083071    1.303802    
0.436158    0.777782    0.825184    1.044443    1.203101    1.340652    
0.411946    0.735001    0.772978    0.861073    1.011394    1.148932    1.238521    1.366495    
0.378396    0.680097    0.707951    0.778907    0.843420    1.025683    1.143163    1.202910    1.273406    1.393832    
0.342548    0.656981    0.684747    0.731146    0.795085    0.890511    0.993500    1.135729    1.177477    1.228701    1.305855    1.426108    
0.310233    0.601958    0.659285    0.702837    0.737602    0.824747    0.917884    0.997219    1.128391    1.183863    1.205143    1.265991    1.353525    1.460037    
0.287633    0.564250    0.620667    0.675297    0.706393    0.751008    0.860844    0.962528    1.000914    1.138344    1.182289    1.215524    1.245739    1.316718    1.400876    1.487602    
0.277624    0.554432    0.611051    0.664933    0.685108    0.745990    0.801261    0.946925    1.043836    0.994723    1.136611    1.184247    1.208703    1.248123    1.296302    1.364545    1.441279    1.500775    
0.261367    0.534702    0.598433    0.654947    0.677993    0.709032    0.794453    0.860153    1.013368    1.053784    0.991668    1.132265    1.185723    1.207793    1.240458    1.285414    1.344050    1.400232    1.458082    1.504101    
