 8    -6.345760    4.726131    0.660265
0.363580  1.314545  -1.146046  -0.488436  0.720190  -0.065189  1.841201  0.129148  1.689050  0.924599  -0.364502  1.552866  0.687094  1.868193  -2.101154  -0.860455  -1.583306  0.702538  1.232649  1.126887  -1.175439  -0.901862  -1.811378  0.775169  0.132982  1.972961  0.004686  -0.345795  
 1    -2.946914    0.093012      0.306980
 2    -4.148979    0.274218      0.198411
 3    -5.218145    0.484886      0.101845
 4    -5.713034    0.616366      0.057147
 5    -5.964082    0.696147      0.034473
 6    -5.762930    0.666093      0.052641
 7    -6.079822    0.747099      0.024019
 8    -5.834932    0.689789      0.046137
 9    -6.092861    0.829848      0.022842
10    -6.274522    0.949793      0.006434
0.381150    1.111722    
0.389890    0.647343    0.996775    1.271696    
0.378008    0.542606    0.553028    0.972391    1.145845    1.289988    
0.321143    0.521612    0.509083    0.576526    0.962497    1.118808    1.188699    1.372218    
0.289194    0.467167    0.473973    0.516378    0.570820    0.968425    1.130182    1.166409    1.278327    1.426285    
0.319472    0.000000    0.525622    0.505914    0.583316    2.576793    0.556241    0.403503    1.117051    1.173119    1.360289    1.522171    
0.248665    0.000000    0.451055    0.459358    0.495576    0.537344    0.609546    0.932872    0.013403    1.109973    1.154451    1.227678    1.340389    1.472298    
0.315404    0.518454    0.497133    0.589487    2.478304    5.781982    4.194933    0.794972    0.960219    1.119244    1.167435    1.340387    1.528993    1.538140    1.518937    1.530699    
0.272447    0.464115    0.470733    0.511939    0.618879    2.444351    2.809089    0.769330    0.720829    0.958023    1.118183    1.156430    1.241315    1.394406    1.547531    0.071083    0.087239    0.067339    
0.216767    0.394695    0.415088    0.427297    0.433665    0.474899    0.571350    0.681258    0.714021    0.675415    0.952784    1.117785    1.167664    1.231546    1.290104    1.360156    1.414837    1.454642    1.479602    1.510983    
