 8    -4.942105    3.352438    0.378849
1.023492  0.283144  -0.004423  -0.507907  0.852055  -1.412692  0.568955  1.263137  -1.571967  -0.876978  -0.225261  0.303901  0.219018  0.460761  -0.189678  -1.520499  -1.072632  -0.267436  -1.661053  -1.062456  1.171652  -0.160575  -0.663102  0.434856  -0.596899  -0.137532  -1.480474  0.245122  
 1    -2.503425    0.120616      0.294010
 2    -3.481093    0.264076      0.176141
 3    -4.018639    0.437373      0.111334
 4    -4.407536    0.605092      0.064448
 5    -4.641757    0.712714      0.036210
 6    -4.769619    0.755377      0.020795
 7    -4.814282    0.760757      0.015411
 8    -4.819439    0.772476      0.014789
 9    -4.827668    0.803636      0.013797
10    -4.848107    0.873407      0.011333
0.739353    1.129828    
0.529798    0.842988    1.006340    1.271028    
0.452700    0.754262    0.828858    0.953289    1.118874    1.325522    
0.431262    0.691624    0.733951    0.814506    0.941663    1.086410    1.183651    1.354395    
0.386344    0.654550    0.674970    0.736558    0.807096    0.952852    1.075754    1.147857    1.229778    1.400339    
0.330569    0.611879    0.637851    0.674742    0.726980    0.813882    0.947144    1.081236    1.132879    1.191828    1.284062    1.434793    
0.281086    0.532188    0.583421    0.617150    0.642888    0.708840    0.786197    0.959869    1.101855    1.148418    1.187925    1.249235    1.341110    1.471788    
0.276238    0.527980    0.578587    0.610955    0.636547    0.695068    0.781365    3.938394    0.962020    1.101977    1.148397    1.187849    1.248105    1.332916    1.463109    1.552857    
0.283051    0.527187    0.580125    0.609717    0.633218    0.684746    0.770282    3.927225    0.944321    0.962970    1.102918    1.146555    1.187043    1.245171    1.328727    1.451213    1.531849    1.541071    
0.284161    0.526379    0.579201    0.600906    0.625219    0.686944    0.788359    4.120382    1.032221    1.085637    0.973131    1.107372    1.151429    1.190086    1.245346    1.322366    1.436630    1.500942    1.492494    1.517166    
