 8    -4.974021    5.608311    0.287195
0.678844  0.916339  -0.121169  -1.154417  -0.271141  0.472377  1.269233  0.984344  -1.327064  -1.593114  -2.256591  -0.017827  -1.976864  1.137158  -0.490799  1.221608  -1.529330  1.045777  -0.322531  -0.944890  0.158779  0.166864  1.468873  0.158110  -0.907787  0.187829  -1.010326  -2.628436  
 1    -2.657039    0.067451      0.218948
 2    -3.698021    0.121264      0.120578
 3    -4.102242    0.161094      0.082381
 4    -4.301526    0.204645      0.063549
 5    -4.445432    0.248137      0.049950
 6    -4.556490    0.281147      0.039456
 7    -4.626348    0.304928      0.032854
 8    -4.668539    0.331229      0.028867
 9    -4.707110    0.358687      0.025222
10    -4.729166    0.374018      0.023138
0.539251    1.142292    
0.371749    0.622004    1.060488    1.300924    
0.309548    0.561787    0.607474    1.019104    1.210238    1.392281    
0.277968    0.519988    0.584111    0.654202    0.992578    1.160877    1.304406    1.439067    
0.268916    0.493958    0.552804    0.637208    0.666203    0.987900    1.130001    1.246608    1.353333    1.456926    
0.255443    0.477481    0.525093    0.601256    0.653694    0.674041    0.983703    1.120793    1.207242    1.294111    1.379327    1.469865    
0.234832    0.447433    0.498619    0.570504    0.620884    0.675112    0.697998    0.983331    1.120572    1.196623    1.258969    1.334054    1.414332    1.492605    
0.222718    0.437315    0.488011    0.556914    0.612810    0.660208    0.722722    0.746004    0.973601    1.109040    1.183947    1.243631    1.301706    1.378103    1.455289    1.511623    
0.219378    0.430532    0.485061    0.546861    0.597562    0.654964    0.700644    0.768775    0.746920    0.978960    1.108290    1.175903    1.230443    1.283057    1.342809    1.418312    1.476945    1.514249    
0.192899    0.403163    0.465220    0.528388    0.573413    0.623874    0.680305    0.726199    0.764199    0.729765    0.971981    1.106246    1.168063    1.216048    1.262418    1.314861    1.378433    1.443300    1.485344    1.524551    
