 8    -3.445564    3.903794    0.339574
0.222694  0.208597  0.246924  0.946107  -0.909334  0.788368  -0.080894  1.422173  0.389988  0.123607  -1.079835  -0.395403  -0.699981  0.098276  0.313446  -0.796713  -0.589850  0.162628  -1.607047  -0.144173  0.291914  0.891598  0.976966  0.342951  -0.024824  0.176076  1.167915  2.243864  
 1    -1.859248    0.080162      0.215844
 2    -2.425835    0.170497      0.138751
 3    -2.734761    0.251859      0.096716
 4    -2.925919    0.327033      0.070706
 5    -3.045899    0.396189      0.054381
 6    -3.133533    0.457224      0.042457
 7    -3.189918    0.482857      0.034785
 8    -3.216389    0.495539      0.031183
 9    -3.229867    0.502760      0.029349
10    -3.239914    0.512260      0.027982
0.598623    1.185828    
0.539123    1.061406    1.081171    1.324468    
0.492201    0.927501    1.090796    1.036821    1.221799    1.376817    
0.452280    0.887952    1.012517    1.163387    1.025175    1.180223    1.284660    1.413056    
0.406799    0.830896    0.979278    1.090528    1.221500    1.019017    1.168084    1.253339    1.334346    1.446228    
0.387021    0.785615    0.932968    1.065630    1.164719    1.283458    1.002204    1.151805    1.235144    1.301657    1.364424    1.455578    
0.349447    0.704032    0.813250    0.923624    1.027256    1.126931    1.224710    1.009246    1.160940    1.240966    1.299543    1.342672    1.385994    1.468126    
0.310793    0.654210    0.756480    0.844620    0.926855    1.022415    1.104000    1.203394    0.997397    1.150196    1.232033    1.291334    1.337067    1.367829    1.406573    1.491079    
0.281372    0.613652    0.724261    0.804971    0.874646    0.958642    1.033574    1.118377    1.240710    0.983725    1.131307    1.215925    1.273645    1.321254    1.358986    1.386732    1.434355    1.511550    
0.270477    0.591505    0.703525    0.782646    0.837704    0.910220    0.977240    1.047049    1.148023    1.283550    0.974253    1.117887    1.197762    1.256079    1.303531    1.340710    1.374691    1.409173    1.455656    1.519015    
