 8    -4.874826    6.446623    0.365172
1.584050  0.306209  -0.722096  0.029006  -2.123688  -1.829934  0.920972  -0.910938  0.595995  2.324745  -0.049952  -2.065527  0.045791  0.106866  -0.384576  -0.676318  0.195727  -0.449039  -0.653854  -0.236046  1.792894  -0.558148  -2.057404  -0.646124  -0.252330  0.356522  0.378152  -0.871000  
 1    -2.004739    0.057595      0.253509
 2    -3.080915    0.172993      0.158452
 3    -3.576191    0.261110      0.114706
 4    -3.971244    0.369822      0.079812
 5    -4.286359    0.470451      0.051978
 6    -4.482187    0.556269      0.034681
 7    -4.594731    0.610414      0.024740
 8    -4.662636    0.654748      0.018742
 9    -4.708538    0.697111      0.014688
10    -4.740593    0.731300      0.011857
0.355710    1.200449    
0.378089    0.681531    1.083509    1.278043    
0.323089    0.611887    0.696329    1.040730    1.171299    1.350954    
0.318244    0.585367    0.651511    0.718541    1.016738    1.104646    1.225567    1.363981    
0.297358    0.564591    0.621404    0.669204    0.742521    1.021468    1.104155    1.178008    1.252749    1.391487    
0.264764    0.533597    0.598958    0.636911    0.685951    0.736421    1.005907    1.106760    1.169623    1.205819    1.298791    1.428392    
0.234512    0.477550    0.547843    0.601314    0.627018    0.676503    0.748563    1.009221    1.120145    1.181320    1.205958    1.257219    1.342467    1.459439    
0.216944    0.446594    0.511088    0.574163    0.599590    0.642020    0.710866    0.787284    1.002570    1.119676    1.180717    1.209595    1.249540    1.295129    1.388517    1.486163    
0.205843    0.429393    0.487565    0.550819    0.586855    0.621413    0.678255    0.754383    0.807997    0.996223    1.119490    1.177548    1.203594    1.244963    1.284312    1.341839    1.426485    1.500799    
0.194057    0.405853    0.465012    0.521012    0.561365    0.609330    0.643201    0.714038    0.776977    0.816354    0.999066    1.124986    1.184847    1.206735    1.234174    1.273351    1.327569    1.383443    1.452036    1.512490    
