 8    -4.319213    4.136218    0.590912
-0.944526  -0.876067  0.826348  -0.320301  -1.080067  1.307439  -0.072256  1.633084  1.209046  -0.966583  -1.493422  -0.523997  0.003965  -0.293546  0.062105  -0.430417  0.109365  -0.063731  0.741933  -0.730128  -1.295282  0.584340  0.263752  0.919100  -0.028440  -0.286742  2.014533  1.437291  
 1    -2.229040    0.076974      0.247199
 2    -3.009997    0.160717      0.154837
 3    -3.386181    0.272690      0.110347
 4    -3.603648    0.383359      0.084628
 5    -3.785503    0.500788      0.063120
 6    -3.928336    0.617284      0.046228
 7    -4.033728    0.712152      0.033764
 8    -4.115570    0.809986      0.024084
 9    -4.196879    0.897102      0.014468
10    -4.242752    0.937647      0.009043
0.477451    1.181293    
0.463738    0.808601    1.045466    1.315796    
0.450037    0.747769    0.884449    1.002022    1.202969    1.377463    
0.389398    0.717259    0.826269    0.911470    0.993893    1.147944    1.268593    1.409584    
0.374372    0.677824    0.787326    0.873347    0.940939    0.984904    1.141035    1.229930    1.315134    1.433108    
0.347602    0.653219    0.743526    0.826871    0.900321    0.944551    0.971906    1.124414    1.213910    1.271779    1.339942    1.440743    
0.330190    0.615355    0.708545    0.775909    0.837519    0.900900    0.937780    0.969968    1.117720    1.203838    1.258340    1.309076    1.363405    1.461990    
0.315031    0.614167    0.690000    0.762158    0.803917    0.862587    0.928733    0.999096    0.961158    1.099029    1.183099    1.235977    1.288449    1.328285    1.389406    1.473807    
0.320393    0.591261    0.674013    0.730115    0.770142    0.803065    0.854132    0.960580    0.984700    0.972653    1.114971    1.177804    1.222309    1.269751    1.311158    1.351456    1.401738    1.472089    
0.280418    0.555897    0.635510    0.704816    0.734835    0.768998    0.800026    0.879530    0.957766    0.960324    0.978219    1.112385    1.184922    1.214847    1.252869    1.289493    1.330764    1.374095    1.414758    1.490654    
