 8    -3.187585    5.053566    0.046690
-1.749765  0.342680  1.153036  -0.252436  0.981321  0.514219  0.221180  -1.070043  -0.189496  0.255001  -0.458027  0.435163  -0.583595  0.816847  0.672721  -0.104411  -0.531280  1.029733  -0.438136  -1.118318  1.618982  1.541605  -0.251879  -0.842436  0.184519  0.937082  0.731000  1.361556  
 1    -0.661664    0.022184      0.306501
 2    -2.249515    0.085871      0.113827
 3    -2.452315    0.109411      0.089219
 4    -2.600304    0.144236      0.071262
 5    -2.727520    0.186582      0.055825
 6    -2.839793    0.237989      0.042202
 7    -2.926559    0.293855      0.031673
 8    -2.992666    0.339841      0.023652
 9    -3.039181    0.364995      0.018008
10    -3.069750    0.385849      0.014298
1.093476    1.420179    
0.462166    0.899624    1.129745    1.343919    
0.398006    0.798583    0.945675    1.076279    1.269698    1.416405    
0.385121    0.763185    0.881349    0.979641    1.040057    1.207546    1.341797    1.437550    
0.373485    0.743712    0.863030    0.912130    0.955967    1.031476    1.167736    1.268274    1.354439    1.439361    
0.363769    0.714981    0.808888    0.875598    0.878375    0.919383    1.040893    1.180594    1.254308    1.293834    1.366002    1.447620    
0.338305    0.697399    0.794676    0.838786    0.876172    0.875261    0.958868    1.031356    1.169669    1.250112    1.279017    1.306010    1.379662    1.461454    
0.318129    0.661823    0.773567    0.830078    0.844448    0.892682    0.903704    0.976515    1.018080    1.161323    1.236525    1.272875    1.292076    1.323800    1.400324    1.473477    
0.297963    0.620856    0.716856    0.779489    0.816444    0.835508    0.895201    0.895510    0.958849    1.014458    1.162808    1.246894    1.275660    1.295929    1.315944    1.349836    1.423929    1.487185    
0.278492    0.596704    0.696743    0.752149    0.783389    0.824552    0.848892    0.912801    0.900674    1.015835    0.999174    1.142945    1.232418    1.276988    1.295645    1.316187    1.339888    1.379166    1.446647    1.502872    
