 8    -4.688067    4.190883    0.389485
0.430938  -0.542637  0.194046  0.385938  -0.267642  0.217277  -0.090503  -1.006812  0.651659  0.164604  -0.647003  0.385322  1.784355  -0.112984  1.501999  0.249831  0.201717  -0.118379  -2.445190  -0.479024  -0.094391  0.396033  -0.461941  -0.823301  -1.196468  -0.730448  -0.438865  -1.367512  
 1    -1.976238    0.106132      0.305422
 2    -3.094037    0.320121      0.179529
 3    -3.826579    0.492306      0.097026
 4    -4.233220    0.594044      0.051228
 5    -4.414790    0.655698      0.030778
 6    -4.497691    0.697720      0.021441
 7    -4.541203    0.734728      0.016541
 8    -4.578481    0.795766      0.012342
 9    -4.604468    0.834670      0.009415
10    -4.621046    0.859978      0.007548
0.660856    1.132453    
0.522396    0.836278    1.026810    1.232706    
0.451108    0.750892    0.773960    0.981206    1.098265    1.289259    
0.390395    0.700838    0.732032    0.769487    0.955334    1.051795    1.176438    1.360361    
0.331516    0.636074    0.669606    0.713654    0.779392    0.963518    1.059745    1.137851    1.263392    1.428307    
0.295470    0.592655    0.634383    0.654033    0.725687    0.801312    0.951324    1.063182    1.138299    1.210315    1.344732    1.472815    
0.272856    0.553744    0.595367    0.611498    0.652100    0.749940    0.841166    0.960408    1.072287    1.145112    1.211190    1.291300    1.403593    1.498255    
0.270450    0.550113    0.596931    0.607607    0.643179    0.747933    0.844442    0.919182    0.955368    1.070562    1.144687    1.202932    1.287851    1.359978    1.451750    1.506315    
0.254786    0.526963    0.573982    0.588825    0.611699    0.692037    0.812622    0.875031    0.882394    0.957616    1.074413    1.146623    1.205575    1.273094    1.343839    1.404060    1.467130    1.513006    
0.236392    0.505551    0.559143    0.574108    0.594811    0.663504    0.746035    0.852143    0.860081    0.906774    0.950113    1.071079    1.145196    1.194561    1.259495    1.320651    1.386710    1.430337    1.478522    1.522973    
