 8    -3.976341    3.713786    0.054053
-1.105140  -1.607770  -1.264305  -0.061869  -0.944557  -1.679209  -0.822992  -0.049193  -0.700455  0.428230  -1.542561  0.340174  1.443574  -0.181025  0.498420  0.636785  -0.874873  -0.610991  0.944186  0.764858  0.946040  -0.456936  -0.665911  -1.666717  -0.734193  0.241131  1.866028  0.123527  
 1    -2.524722    0.066962      0.188764
 2    -3.142058    0.113235      0.108488
 3    -3.360699    0.147152      0.080056
 4    -3.467962    0.181665      0.066108
 5    -3.551643    0.228039      0.055226
 6    -3.625929    0.273691      0.045566
 7    -3.680136    0.306968      0.038518
 8    -3.729836    0.341255      0.032055
 9    -3.777360    0.371717      0.025875
10    -3.808143    0.392148      0.021872
0.577097    1.214953    
0.438091    0.798871    1.073900    1.340212    
0.386843    0.716960    0.897370    1.041314    1.258994    1.428937    
0.329019    0.648059    0.797110    0.938710    1.019133    1.208708    1.347550    1.460437    
0.326724    0.625849    0.754278    0.905664    0.992085    1.003516    1.189133    1.295633    1.381684    1.473214    
0.313976    0.607294    0.703003    0.827635    0.924686    0.977707    0.998834    1.175838    1.278403    1.329331    1.393554    1.474388    
0.300654    0.584119    0.674131    0.762042    0.835083    0.917559    0.964111    0.996485    1.166201    1.262987    1.315477    1.349679    1.405914    1.487986    
0.303864    0.591176    0.673221    0.752542    0.796772    0.885285    0.966007    1.035505    0.988695    1.156347    1.249933    1.298566    1.333374    1.359755    1.422203    1.491254    
0.299216    0.584867    0.670137    0.742287    0.771451    0.814958    0.896870    0.986540    0.989129    0.994560    1.155415    1.242883    1.282784    1.314706    1.340747    1.370259    1.422154    1.489140    
0.272722    0.549578    0.643946    0.720644    0.747022    0.773744    0.804033    0.864943    0.920869    0.949536    0.996053    1.155132    1.234478    1.274846    1.299177    1.323536    1.353315    1.380192    1.423080    1.497809    
