 8    -4.351906    3.386161    0.514991
-0.200346  -0.722750  -1.006436  -0.435368  0.930336  -0.694714  -3.291892  -0.638987  0.114389  0.204070  -0.750726  0.169636  0.328819  -0.584229  0.753944  0.230280  0.240640  -1.494794  -1.133634  0.667369  -0.284219  -0.135895  -1.029348  -0.889640  -0.206062  0.312559  0.289747  -0.294751  
 1    -2.156571    0.071043      0.283706
 2    -3.081220    0.213802      0.164212
 3    -3.587882    0.364960      0.098736
 4    -3.812398    0.455302      0.069721
 5    -3.943566    0.543979      0.052770
 6    -4.040927    0.620568      0.040188
 7    -4.121781    0.747173      0.029739
 8    -4.199426    0.846557      0.019705
 9    -4.253509    0.909074      0.012716
10    -4.292404    0.948000      0.007689
0.704111    1.166628    
0.535932    0.840402    1.009933    1.275430    
0.476051    0.790362    0.783648    0.995690    1.171755    1.356530    
0.397637    0.717128    0.764931    0.784142    0.989054    1.146142    1.263244    1.415105    
0.372087    0.687849    0.742339    0.816204    0.846234    0.965191    1.122737    1.230454    1.345199    1.458387    
0.326057    0.626522    0.688867    0.754564    0.832563    0.839677    0.968918    1.112862    1.205282    1.292516    1.391103    1.471324    
0.354770    0.644120    0.692113    0.760578    0.834352    0.910799    0.919260    0.934385    1.089985    1.187251    1.264991    1.348550    1.428419    1.479184    
0.331177    0.625959    0.674268    0.726248    0.794634    0.866461    0.953666    0.862669    0.961323    1.084609    1.176850    1.253199    1.327942    1.387320    1.443103    1.482298    
0.315637    0.606945    0.656334    0.707565    0.753783    0.830484    0.894642    0.929275    0.879841    0.954910    1.095211    1.173549    1.246344    1.314313    1.370162    1.414637    1.454507    1.498321    
0.292637    0.581857    0.637802    0.685697    0.730462    0.786325    0.842332    0.893171    0.927794    0.905140    0.954441    1.091661    1.171456    1.234872    1.305537    1.354453    1.399002    1.425090    1.471194    1.508881    
