 8    -4.421679    4.418584    0.075895
-0.016842  1.193143  0.399772  -1.002405  -1.181365  -0.378506  -0.714387  -0.865035  1.730648  -0.959349  -0.173111  -1.518304  0.611202  0.386043  0.675178  0.119889  1.049504  0.194760  0.715019  -0.416904  -0.306104  0.760458  0.887064  1.471282  -0.290232  -1.620485  -2.252044  -0.289965  
 1    -1.157156    0.067527      0.369279
 2    -3.110350    0.223670      0.148336
 3    -3.612215    0.318991      0.091566
 4    -3.890313    0.390643      0.060107
 5    -4.093772    0.440404      0.037092
 6    -4.214016    0.467130      0.023491
 7    -4.273822    0.480731      0.016725
 8    -4.319927    0.491534      0.011510
 9    -4.345827    0.499488      0.008580
10    -4.361406    0.506275      0.006818
0.642838    0.905553    
0.474733    0.856828    1.074832    1.312284    
0.426587    0.765393    0.856511    1.013857    1.204319    1.350911    
0.378586    0.713437    0.797452    0.885833    0.978846    1.138664    1.259619    1.399792    
0.351511    0.650287    0.728148    0.810182    0.890612    0.975685    1.117466    1.204512    1.314456    1.426025    
0.321058    0.608582    0.661121    0.730717    0.816352    0.898642    0.978098    1.120322    1.198265    1.268898    1.358500    1.459318    
0.285686    0.578142    0.638721    0.686788    0.754629    0.842080    0.939884    0.967196    1.108036    1.185576    1.252354    1.313790    1.398702    1.487875    
0.282118    0.553032    0.623677    0.671773    0.712641    0.785803    0.882955    0.979415    0.967522    1.106344    1.175860    1.236869    1.297484    1.352756    1.430329    1.497461    
0.253114    0.508303    0.574579    0.632154    0.673420    0.712020    0.782657    0.879573    0.940106    0.978071    1.116071    1.180043    1.228099    1.280324    1.335432    1.384497    1.446363    1.505286    
0.236151    0.490086    0.554629    0.604978    0.650178    0.690418    0.730409    0.815053    0.900256    0.955831    0.964193    1.109349    1.177778    1.221617    1.265522    1.314561    1.362545    1.404352    1.458855    1.519093    
