 8    -4.872066    4.032685    0.214734
1.181663  3.286588  -1.621765  0.949320  0.052378  0.064238  -0.407483  -0.086520  0.716453  1.220180  -0.421267  -0.436458  0.176678  0.855759  1.180917  0.303532  0.876488  0.409602  0.206339  -0.013353  -1.192493  -0.792464  0.517279  -0.487682  -0.779472  0.365687  -0.736046  0.139248  
 1    -2.059069    0.078231      0.315898
 2    -3.230581    0.213848      0.184338
 3    -3.956356    0.331435      0.102834
 4    -4.427932    0.450552      0.049876
 5    -4.625691    0.508508      0.027668
 6    -4.694698    0.541561      0.019918
 7    -4.730225    0.580656      0.015929
 8    -4.756946    0.618545      0.012928
 9    -4.774589    0.651681      0.010947
10    -4.789095    0.689863      0.009318
0.552390    1.228866    
0.459897    0.740887    1.012876    1.223433    
0.422606    0.692988    0.720527    0.989148    1.111915    1.323057    
0.390768    0.656606    0.672080    0.761779    0.993683    1.101002    1.211625    1.371562    
0.313915    0.599842    0.619657    0.699098    0.755145    0.990170    1.103058    1.181099    1.274100    1.423418    
0.262262    0.529643    0.575110    0.628994    0.691062    0.746058    0.976933    1.108022    1.172520    1.243919    1.334946    1.466354    
0.244380    0.500640    0.554459    0.608367    0.650703    0.731794    0.813296    0.953874    1.085820    1.156973    1.218795    1.293130    1.389826    1.499215    
0.229354    0.469457    0.528854    0.587108    0.615904    0.665703    0.763566    0.833210    0.954638    1.077793    1.143645    1.198746    1.265318    1.338314    1.425764    1.508396    
0.218042    0.454823    0.511041    0.571117    0.604223    0.632861    0.698271    0.801855    0.845989    0.943935    1.071764    1.133733    1.182079    1.241008    1.305717    1.376489    1.450421    1.519421    
0.218346    0.451657    0.509407    0.563303    0.599583    0.630615    0.668835    0.754419    0.848826    0.892540    0.947875    1.069838    1.134870    1.176774    1.228609    1.291127    1.352704    1.413322    1.474225    1.527975    
