 8    -4.843151    5.105283    0.043723
1.106323  0.363394  -0.936566  0.047962  0.263298  -0.084500  -0.391316  0.255723  0.376680  -0.973780  0.143114  -1.327974  2.457710  1.226160  -0.086657  -0.573588  -0.182010  -2.922650  1.607104  -0.050218  -0.684451  0.899178  -1.532244  0.367452  -1.576856  -0.121400  -0.714569  -1.170924  
 1    -2.210026    0.056084      0.264677
 2    -3.397341    0.112804      0.145330
 3    -3.895789    0.168858      0.095227
 4    -4.240879    0.250727      0.060539
 5    -4.435071    0.308430      0.041019
 6    -4.526994    0.339137      0.031780
 7    -4.599170    0.378787      0.024525
 8    -4.654744    0.422993      0.018938
 9    -4.694333    0.460776      0.014959
10    -4.727664    0.504714      0.011609
0.682481    1.196363    
0.376532    0.631491    1.089719    1.297188    
0.333986    0.564135    0.595291    1.023200    1.218630    1.362434    
0.313660    0.531768    0.549868    0.605663    0.996483    1.147775    1.279836    1.391193    
0.282647    0.509180    0.531848    0.574580    0.627441    0.985593    1.119927    1.221090    1.317046    1.436470    
0.250874    0.461614    0.500247    0.548497    0.573017    0.626417    0.996448    1.125423    1.200419    1.273625    1.378820    1.476651    
0.240781    0.462102    0.479254    0.532987    0.563125    0.595254    0.702881    0.981566    1.121007    1.192737    1.252393    1.338743    1.428210    1.497319    
0.228083    0.444688    0.478473    0.505900    0.549460    0.589330    0.656058    0.740118    0.986250    1.124831    1.193998    1.243049    1.316726    1.393289    1.460062    1.506819    
0.210883    0.430588    0.468537    0.503088    0.521350    0.577069    0.634186    0.696233    0.752625    0.968213    1.115420    1.189239    1.239660    1.292124    1.363965    1.427430    1.473900    1.513172    
0.217949    0.429529    0.470037    0.505192    0.522990    0.572234    0.634605    0.693016    0.736231    0.803103    0.970673    1.107016    1.188511    1.237373    1.298783    1.347854    1.417691    1.457586    1.485460    1.519029    
