 8    -7.355482    4.488477    1.346498
0.054388  0.066855  -0.313268  -0.714383  0.437518  -1.693630  -1.272009  -1.185710  -1.177596  0.719244  -0.728957  1.291943  0.025615  -2.176068  -0.111670  -1.228390  0.600072  -0.060992  1.393044  -0.406947  1.332656  0.430316  2.726738  -1.551158  -0.821410  -0.160150  -1.142316  -0.558194  
 1    -1.158831    0.023587      0.523191
 2    -5.166809    0.458070      0.184792
 3    -6.326215    0.650045      0.086902
 4    -6.841604    0.766946      0.043387
 5    -7.050117    0.846613      0.025782
 6    -6.589900    0.759335      0.064639
 7    -7.259156    0.956627      0.008133
 8    -7.145483    0.903445      0.017730
 9    -6.704153    0.866293      0.054993
10    -7.110224    0.936058      0.020707
0.618745    1.457196    
0.421708    0.642173    0.917476    1.176699    
0.359374    0.547929    0.590946    0.928704    1.026317    1.274898    
0.296679    0.503581    0.492124    0.569190    0.928811    1.027875    1.144640    1.347734    
0.263203    0.466823    0.453437    0.506300    0.594501    0.929582    1.040381    1.125920    1.231980    1.427282    
0.347939    0.542814    0.585974    1.343275    2.138257    0.737607    0.923306    1.007070    1.220439    0.089998    0.140233    0.128135    
0.220895    0.423153    0.427110    0.456616    0.501505    0.591776    0.655472    0.929726    1.052031    1.116092    1.181292    1.275421    1.373660    1.480567    
0.228109    0.437478    0.439202    0.472470    0.560878    3.801265    4.312079    1.443395    0.940188    1.054024    1.119367    1.208211    1.369108    0.017098    0.064484    1.529152    
0.349861    0.544792    0.570222    3.768216    4.462431    6.122204    2.678639    0.857905    1.481586    0.932523    1.008914    1.235522    0.069225    0.036026    1.506544    0.111853    0.102908    1.509577    
0.275102    0.210604    0.270221    0.473250    0.564910    1.365740    2.200026    1.433036    0.719486    0.664597    0.938884    0.000000    1.038190    1.130005    1.294301    0.064342    0.069551    1.422689    1.404925    1.495572    
