 8    -4.189148    4.203361    0.147510
0.339865  0.191300  -1.140822  0.778411  1.707351  1.008358  -1.292085  -0.473293  0.210802  -0.992069  0.924987  0.120085  -0.173989  1.086957  1.130888  -0.286387  0.510305  1.395815  -0.250652  0.675379  -1.229298  -0.628359  0.987545  0.796753  0.540241  2.103185  -0.631635  -0.040769  
 1    -1.007933    0.060923      0.379054
 2    -2.771952    0.194978      0.168864
 3    -3.321958    0.304923      0.103329
 4    -3.604367    0.370159      0.069679
 5    -3.767945    0.433933      0.050188
 6    -3.892741    0.494290      0.035318
 7    -3.968888    0.538321      0.026245
 8    -4.015298    0.568085      0.020715
 9    -4.049419    0.603262      0.016649
10    -4.086467    0.635759      0.012235
0.742569    0.967850    
0.462766    0.861531    1.078308    1.281515    
0.422351    0.739944    0.824637    1.036895    1.179528    1.333661    
0.352886    0.659212    0.704747    0.813164    1.025012    1.152968    1.237250    1.377595    
0.329987    0.622870    0.655631    0.752036    0.861836    0.982752    1.119747    1.201268    1.269546    1.414983    
0.317933    0.588985    0.609591    0.678621    0.771842    0.880533    0.999520    1.114678    1.185677    1.247061    1.325637    1.443403    
0.289629    0.571753    0.600311    0.628995    0.682324    0.814060    0.924316    0.993610    1.117654    1.172819    1.235361    1.297252    1.369219    1.473472    
0.268990    0.540279    0.586456    0.626740    0.623451    0.713231    0.868245    0.966740    0.990521    1.119030    1.172632    1.220790    1.286470    1.335857    1.411919    1.497256    
0.264851    0.538236    0.583777    0.628558    0.628241    0.684710    0.858708    1.020253    1.113583    0.986253    1.118946    1.171698    1.218215    1.289001    1.319397    1.386535    1.467478    1.516772    
0.267428    0.533298    0.576486    0.624922    0.624382    0.667848    0.852271    1.016787    1.164531    1.102251    0.983792    1.117382    1.177855    1.219859    1.285527    1.323786    1.366338    1.442253    1.489399    1.513562    
