 8    -6.604502    4.989531    1.166436
-0.452566  0.701203  -1.493780  -1.275922  1.342529  -2.134132  -1.496720  -1.305306  0.828734  0.154989  0.275923  1.852512  -0.828546  0.056397  0.562527  0.047985  0.905175  1.409930  -0.323823  -0.165668  -0.018118  0.307362  -0.945166  -2.021812  -0.190764  -1.968996  0.411619  -1.887392  
 1    -1.499686    0.035634      0.440297
 2    -4.252877    0.352036      0.202831
 3    -5.320723    0.584726      0.110728
 4    -5.889493    0.720744      0.061670
 5    -6.199811    0.819803      0.034905
 6    -6.377356    0.882719      0.019592
 7    -6.466626    0.926826      0.011892
 8    -6.522895    0.954679      0.007039
 9    -6.522895    0.954675      0.007039
10    -6.570756    0.978845      0.002911
0.352666    1.403690    
0.395536    0.567810    1.046025    1.252258    
0.357382    0.522900    0.501192    0.994729    1.165440    1.316456    
0.300177    0.487064    0.486472    0.512372    0.982838    1.112674    1.240189    1.378878    
0.269118    0.457269    0.461093    0.503836    0.536141    0.974001    1.108800    1.184826    1.315953    1.436965    
0.236989    0.425650    0.434511    0.465880    0.510189    0.540799    0.970355    1.106181    1.179659    1.247581    1.378555    1.462003    
0.216513    0.404438    0.420454    0.448386    0.486565    0.535112    0.576738    0.966014    1.102190    1.168016    1.237472    1.317579    1.422290    1.493248    
0.199468    0.377962    0.401702    0.426199    0.451417    0.511042    0.549063    0.587020    0.966770    1.107926    1.166764    1.221994    1.301048    1.361334    1.458070    1.504712    
0.199452    0.000000    0.377946    0.401690    0.426179    0.451397    0.511037    0.549028    0.587066    0.614240    0.352541    1.107932    1.166772    1.222001    1.301047    1.361323    1.458062    1.504716    
0.165496    0.335347    0.369483    0.390870    0.404454    0.439971    0.481792    0.541557    0.564340    0.594334    0.960696    1.099169    1.163499    1.214071    1.261110    1.310906    1.374600    1.424218    1.489533    1.525557    
