 8    -3.932409    4.615631    0.138874
1.852027  1.201873  -0.549276  0.219038  -0.016983  0.671893  0.333167  -1.771524  1.975094  0.418604  -0.558470  0.925971  -0.505698  -0.325270  -1.075545  0.446122  -0.836724  0.162329  0.281473  0.505949  -0.553527  -0.866120  0.327513  1.036986  0.348084  -1.708354  1.127971  -0.092168  
 1    -1.815543    0.080110      0.247643
 2    -2.843264    0.171783      0.127415
 3    -3.259632    0.239201      0.078705
 4    -3.486100    0.267147      0.052212
 5    -3.605099    0.278262      0.038291
 6    -3.671656    0.284882      0.030504
 7    -3.708361    0.286030      0.026210
 8    -3.727538    0.286505      0.023967
 9    -3.741158    0.291741      0.022374
10    -3.752938    0.310862      0.020996
0.615168    1.027007    
0.458801    0.821217    1.086755    1.309906    
0.419071    0.747834    0.870205    1.009290    1.199736    1.356067    
0.366505    0.668408    0.771613    0.861010    1.013450    1.157895    1.274055    1.408883    
0.319670    0.610841    0.687278    0.777956    0.899839    1.008080    1.152017    1.240113    1.329855    1.453225    
0.293666    0.568218    0.636239    0.709392    0.816892    0.956707    1.002459    1.150989    1.235976    1.293522    1.383568    1.483123    
0.266389    0.528496    0.589292    0.647278    0.722569    0.851167    0.958972    1.004888    1.151035    1.237029    1.290919    1.345003    1.423152    1.500118    
0.236842    0.498650    0.567730    0.615355    0.655080    0.755933    0.880326    0.967783    0.995477    1.140812    1.225001    1.287666    1.336552    1.387014    1.450000    1.516866    
0.233183    0.487831    0.564180    0.613559    0.638683    0.716247    0.855070    0.958703    1.071290    0.988956    1.135092    1.215973    1.278515    1.334780    1.376208    1.420993    1.478356    1.530109    
0.230262    0.488765    0.565466    0.614647    0.636936    0.727652    0.888341    1.015729    1.095709    1.113520    0.992655    1.132315    1.216781    1.282027    1.333263    1.374815    1.416279    1.463824    1.500152    1.533094    
