 8    -3.587827    5.130739    0.141684
1.412241  2.337697  1.611915  1.649743  0.798248  -0.038336  -0.416919  0.573888  0.379333  0.395861  -0.639797  -0.622015  -1.097253  -0.040995  0.406483  1.850516  0.371162  -0.024252  0.881849  1.684386  -0.044589  -0.971817  -0.680023  -1.209145  0.695044  0.691764  0.203673  -0.572106  
 1    -1.471941    0.039459      0.242687
 2    -2.537446    0.083922      0.120476
 3    -2.784309    0.122491      0.092162
 4    -2.952697    0.172688      0.072848
 5    -3.061902    0.222568      0.060322
 6    -3.146456    0.273454      0.050624
 7    -3.220512    0.313843      0.042130
 8    -3.273226    0.358874      0.036084
 9    -3.332211    0.414534      0.029319
10    -3.379180    0.468675      0.023931
0.771760    1.122788    
0.416969    0.814272    1.136003    1.341789    
0.333367    0.707113    0.848036    1.094219    1.272632    1.410961    
0.309841    0.606380    0.735723    0.886348    1.060170    1.236167    1.336513    1.431770    
0.300236    0.578718    0.663652    0.834516    0.948224    1.047943    1.211732    1.292356    1.356937    1.455700    
0.287524    0.567126    0.637853    0.782007    0.911330    1.005397    1.057473    1.209412    1.275497    1.310279    1.380320    1.466710    
0.279365    0.555653    0.613449    0.712204    0.810393    0.917063    0.993661    1.047380    1.209969    1.274869    1.296745    1.326382    1.384700    1.468758    
0.260741    0.546245    0.616572    0.687392    0.757706    0.851665    0.946546    1.026658    1.024092    1.183407    1.265577    1.292254    1.308075    1.332210    1.391069    1.481454    
0.272591    0.534450    0.600075    0.697112    0.729662    0.750399    0.808187    0.901266    1.004468    1.029344    1.193861    1.259120    1.284163    1.310809    1.323959    1.343434    1.395149    1.472656    
0.258264    0.525275    0.584686    0.661520    0.731356    0.753638    0.738919    0.788237    0.909067    0.986479    1.036347    1.187888    1.265495    1.288476    1.301856    1.321832    1.340984    1.356460    1.398850    1.481400    
