 8    -6.154875    4.783670    0.963965
0.779165  0.433715  -0.868448  0.416689  -0.606075  0.537735  -1.068886  0.371192  -1.583441  0.551922  -1.085115  0.775944  0.416375  0.780529  0.033247  1.286144  2.901189  0.521076  1.021167  -0.454762  -1.219863  -2.057769  0.471433  -0.316541  -0.748170  0.918634  -0.860999  -3.374013  
 1    -0.721900    0.016584      0.496682
 2    -4.146058    0.220622      0.183646
 3    -4.742757    0.298754      0.129096
 4    -5.175014    0.404585      0.089579
 5    -5.498126    0.566572      0.060040
 6    -5.736277    0.720655      0.038268
 7    -5.284264    0.489809      0.079591
 8    -5.987322    0.905036      0.015318
 9    -6.057396    0.952384      0.008911
10    -6.057396    0.952389      0.008911
0.124200    1.411118    
0.380020    0.577518    1.014856    1.251989    
0.316069    0.518742    0.544421    1.002748    1.147485    1.348745    
0.305350    0.505457    0.532178    0.613885    0.970309    1.107140    1.218067    1.376121    
0.288457    0.505627    0.528684    0.607739    0.663905    0.964024    1.081887    1.182537    1.262206    1.412510    
0.265880    0.476810    0.516271    0.583877    0.639684    0.668424    0.963695    1.086334    1.165036    1.234521    1.317806    1.437582    
0.308544    0.503266    0.526320    0.614334    1.886617    5.612716    3.436060    0.977736    1.108221    1.201581    1.348517    1.526221    1.546263    0.058883    
0.227648    0.431266    0.470438    0.538799    0.584494    0.632814    0.697362    0.706174    0.960395    1.084862    1.149495    1.203839    1.275480    1.339678    1.405193    1.484827    
0.214795    0.417050    0.456510    0.516611    0.561262    0.605002    0.660112    0.719806    0.721645    0.954228    1.081151    1.148388    1.191361    1.256711    1.319538    1.380777    1.431758    1.498419    
0.214785    0.000000    0.417032    0.456532    0.516658    0.561315    0.605057    0.660131    0.719780    0.721615    0.437721    0.516527    1.081155    1.148358    1.191337    1.256698    1.319540    1.380789    1.431771    1.498428    
