 8    -3.155605    3.681890    0.074762
1.594854  -0.655138  1.016982  0.369841  -0.070009  -0.682898  -0.254259  -0.672071  0.295525  0.098739  -0.925285  0.296286  -0.202728  -0.416951  -0.139597  1.161232  -0.213925  -1.273170  -0.021132  0.436229  -0.325183  1.304758  -0.506358  -0.392422  -0.848370  -1.617793  -1.177994  -0.524107  
 1    -1.682507    0.052710      0.215444
 2    -2.196317    0.105023      0.140298
 3    -2.534943    0.215049      0.090773
 4    -2.774376    0.308424      0.055756
 5    -2.901715    0.377753      0.037132
 6    -2.973715    0.435160      0.026602
 7    -3.024239    0.474686      0.019213
 8    -3.058892    0.495541      0.014144
 9    -3.078881    0.499940      0.011221
10    -3.091503    0.496365      0.009375
0.766207    1.215503    
0.553901    1.032302    1.106609    1.336532    
0.517685    0.909756    0.967869    1.034182    1.223222    1.362594    
0.475272    0.844973    0.903744    0.972988    1.020198    1.168318    1.267294    1.398725    
0.417583    0.780527    0.832494    0.905427    0.978157    1.024829    1.164366    1.232849    1.324808    1.445220    
0.381026    0.755922    0.805929    0.856828    0.944567    1.031007    1.000295    1.149032    1.217486    1.279916    1.380693    1.474415    
0.363297    0.721475    0.795660    0.830262    0.896956    1.003342    1.076737    1.003237    1.139631    1.204838    1.263300    1.336953    1.419586    1.491756    
0.338217    0.692109    0.771827    0.822436    0.852858    0.944575    1.048542    1.086238    0.999808    1.141846    1.198327    1.248296    1.317638    1.379419    1.446932    1.503952    
0.308282    0.641073    0.734428    0.791083    0.830388    0.875594    0.967307    1.053835    1.082720    0.998960    1.142797    1.203094    1.240046    1.296743    1.357576    1.411086    1.464838    1.515973    
0.289364    0.619247    0.710140    0.773277    0.813743    0.863485    0.906175    1.007134    1.080790    1.139468    0.987184    1.131908    1.199129    1.239681    1.282441    1.337043    1.389961    1.433230    1.482355    1.526666    
