 8    -5.400308    6.172140    0.726395
-1.416842  1.141139  -0.062071  0.221127  -1.024472  -0.338375  2.052339  -0.303012  -1.444028  -2.597116  -2.753540  -1.642764  0.524421  -0.364225  -0.637291  0.086793  -1.483513  1.732859  0.351637  0.585125  -0.091862  0.001853  0.595091  -0.665807  0.793773  -0.278339  0.412654  -2.365867  
 1    -1.207507    0.056826      0.362309
 2    -2.501514    0.070010      0.250491
 3    -3.939873    0.355295      0.126199
 4    -4.395682    0.510281      0.086812
 5    -4.729661    0.635642      0.057952
 6    -4.962989    0.726871      0.037790
 7    -5.105790    0.782986      0.025450
 8    -5.198167    0.827941      0.017467
 9    -5.254886    0.863678      0.012566
10    -5.295486    0.921446      0.009058
0.841609    1.284781    
0.413814    1.748312    1.209550    0.024381    
0.319654    0.575246    0.576943    1.048039    1.244656    1.369655    
0.312077    0.544276    0.563269    0.578317    1.032180    1.182884    1.319928    1.397687    
0.289077    0.533596    0.539195    0.582906    0.569787    1.020197    1.150936    1.238460    1.350892    1.409043    
0.264418    0.499277    0.524521    0.545893    0.583372    0.559806    1.016320    1.149937    1.208952    1.274248    1.372529    1.428516    
0.237341    0.463798    0.491186    0.524185    0.534696    0.578828    0.559769    1.008226    1.153297    1.212496    1.250061    1.303049    1.399844    1.451368    
0.223137    0.442192    0.473464    0.500884    0.518728    0.535654    0.585933    0.576896    0.988454    1.137670    1.209261    1.251225    1.278302    1.332034    1.430290    1.469451    
0.206430    0.412890    0.453946    0.487005    0.494075    0.521221    0.542901    0.599877    0.585657    0.989745    1.132128    1.199193    1.246866    1.279346    1.308162    1.363459    1.454087    1.485443    
0.203377    0.405883    0.445441    0.468251    0.478481    0.509837    0.516545    0.604468    0.592324    1.317084    0.988956    1.138345    1.209242    1.255087    1.275692    1.305089    1.357339    1.435377    1.418065    1.491374    
