 8    -4.822632    4.360647    0.364683
-0.387979  1.027428  -0.161652  -1.247563  0.865654  -0.059300  -0.902750  -0.009563  0.619805  0.494273  0.241427  -0.782034  -0.710795  0.554494  0.314347  0.665382  0.619601  0.789661  0.478173  -0.066191  0.159553  -1.213747  -1.279232  -1.144129  -0.167654  0.087212  -3.364413  -1.137771  
 1    -1.794872    0.063560      0.329704
 2    -3.097223    0.246937      0.187886
 3    -3.854473    0.400823      0.105426
 4    -4.323940    0.512964      0.054304
 5    -4.521072    0.575594      0.032838
 6    -4.608210    0.616085      0.023349
 7    -4.645332    0.648900      0.019307
 8    -4.675448    0.708634      0.016027
 9    -4.708080    0.813788      0.012474
10    -4.718452    0.842930      0.011345
0.696856    1.259737    
0.450941    0.750346    1.043254    1.248738    
0.420066    0.686341    0.689049    0.990457    1.131958    1.306604    
0.371666    0.647217    0.654446    0.686962    0.981945    1.081230    1.213391    1.367398    
0.313689    0.595081    0.610143    0.647217    0.687086    0.985168    1.089913    1.163654    1.290933    1.433862    
0.270861    0.546414    0.575786    0.595172    0.643234    0.689172    0.971624    1.093589    1.163857    1.232383    1.363286    1.471730    
0.245157    0.508134    0.553451    0.571666    0.606353    0.669162    0.728489    0.966135    1.089637    1.160887    1.220037    1.305695    1.418097    1.505546    
0.242745    0.502862    0.547256    0.565233    0.600576    0.681284    0.736147    0.814211    0.969030    1.092726    1.158724    1.214888    1.297363    1.377713    1.474938    1.516973    
0.256055    0.518062    0.561337    0.584355    0.613727    0.698078    0.809820    0.796408    0.827284    0.969603    1.087151    1.156474    1.219337    1.300791    1.382824    1.442517    1.486934    1.509774    
0.252928    0.511486    0.555046    0.581657    0.611695    0.686957    0.790438    0.829825    0.788074    3.086757    0.976449    1.093210    1.159712    1.217379    1.304274    1.379187    1.434378    1.474927    1.507309    1.541716    
