 8    -3.854516    5.500126    0.008374
0.425188  -0.032820  0.989448  -1.579437  0.454097  0.217572  -1.497999  1.743353  -0.600091  -0.362574  1.672800  -0.356083  0.579311  -1.287199  -0.941917  1.686668  0.022534  0.530166  0.436340  -0.059709  0.772730  0.727365  -0.111376  1.309072  0.569217  0.248014  -1.875047  -0.291692  
 1    -1.701156    0.044358      0.230192
 2    -2.726134    0.125128      0.120623
 3    -3.134332    0.206298      0.076987
 4    -3.384341    0.292770      0.050261
 5    -3.549733    0.377048      0.032581
 6    -3.653495    0.443844      0.021489
 7    -3.719094    0.487821      0.014476
 8    -3.763964    0.517971      0.009680
 9    -3.798058    0.542558      0.006035
10    -3.817540    0.554960      0.003953
0.371957    1.110785    
0.452441    0.845797    1.081227    1.313229    
0.404469    0.761562    0.869659    1.046660    1.209429    1.370452    
0.365679    0.718043    0.829374    0.923026    1.010671    1.158260    1.266376    1.402544    
0.339220    0.659213    0.763596    0.868120    0.929537    1.008614    1.141749    1.235882    1.322906    1.442271    
0.322286    0.635847    0.720828    0.823005    0.925967    1.025355    1.008478    1.138452    1.221021    1.300688    1.389253    1.477944    
0.285467    0.597890    0.696148    0.764849    0.861017    1.002732    1.034591    1.005481    1.131638    1.206565    1.271837    1.355920    1.432568    1.492634    
0.267671    0.555709    0.651303    0.728757    0.779545    0.906247    1.031928    1.027651    0.995901    1.135380    1.202646    1.256800    1.320437    1.400549    1.452044    1.502978    
0.260397    0.541923    0.625302    0.695256    0.749056    0.823520    0.960754    1.051504    1.049419    0.991584    1.128735    1.204870    1.249262    1.305763    1.367226    1.428430    1.469346    1.513130    
0.233435    0.506386    0.600351    0.661857    0.704032    0.768870    0.851049    0.965634    1.041544    1.026468    0.990263    1.123270    1.198100    1.248335    1.292107    1.347910    1.398997    1.446616    1.484012    1.523406    
