 8    -4.326518    5.397618    0.045276
-0.097940  0.250080  -0.162508  -1.448517  0.785906  0.469623  -1.460382  -0.626218  -1.518771  0.467329  -2.420600  -0.078978  1.112255  -0.476275  1.653748  -1.018355  0.993027  0.591649  -0.259676  0.909999  -0.662858  -0.516306  0.406795  0.262560  0.527482  -0.719168  -0.106058  -0.747889  
 1    -1.092338    0.058946      0.332593
 2    -2.910826    0.170216      0.145585
 3    -3.640947    0.226300      0.070502
 4    -3.964441    0.257139      0.037235
 5    -4.080185    0.274960      0.025332
 6    -4.132890    0.294001      0.019912
 7    -4.169640    0.338221      0.016133
 8    -4.213021    0.387276      0.011672
 9    -4.239022    0.410196      0.008998
10    -4.253764    0.432000      0.007482
0.675011    0.976296    
0.479592    0.833791    1.025582    1.244213    
0.444669    0.743674    0.790335    0.985892    1.087804    1.287348    
0.355239    0.673902    0.711134    0.777480    0.997759    1.074428    1.170927    1.366975    
0.301071    0.609565    0.653184    0.711255    0.809494    0.988313    1.090470    1.142205    1.258583    1.435700    
0.275510    0.577565    0.634237    0.680204    0.778253    0.891191    0.974412    1.081995    1.135582    1.206355    1.341978    1.482899    
0.282908    0.592940    0.640839    0.689435    0.825710    0.979753    1.063782    0.976478    1.084279    1.138892    1.212984    1.337967    1.445938    1.507198    
0.271093    0.572206    0.634129    0.671957    0.797022    1.000494    1.104469    1.039222    0.969741    1.079455    1.131565    1.203836    1.320918    1.433216    1.464755    1.501974    
0.242818    0.533537    0.609811    0.648007    0.712816    0.853857    1.065212    1.094876    1.024013    0.959152    1.069239    1.127023    1.176845    1.270819    1.380898    1.460347    1.470941    1.509646    
0.233094    0.518243    0.601642    0.640006    0.696919    0.787041    0.963002    1.147703    1.092717    1.054150    0.957590    1.063904    1.122813    1.167388    1.245089    1.337830    1.436510    1.477051    1.480396    1.522498    
