 8    -3.924043    3.813022    0.055793
1.348629  1.991068  1.393069  -0.686884  -0.095791  -0.756370  0.561199  0.751012  -1.191746  -1.487929  -0.625148  0.282211  -1.079033  -0.515311  0.327559  0.879111  0.555377  0.181936  0.944846  -1.306168  0.341810  -1.393622  -0.032307  0.388868  0.028718  0.022139  -0.033604  -0.468688  
 1    -1.183588    0.040944      0.354198
 2    -2.814543    0.159579      0.143401
 3    -3.205224    0.277518      0.092906
 4    -3.423849    0.363716      0.064649
 5    -3.587041    0.449815      0.043557
 6    -3.695296    0.494233      0.029565
 7    -3.779760    0.514873      0.018648
 8    -3.821440    0.525838      0.013261
 9    -3.845153    0.538766      0.010196
10    -3.864204    0.546045      0.007734
1.103451    1.144420    
0.494660    0.784602    1.075794    1.327435    
0.453650    0.758725    0.791468    1.017318    1.228312    1.375336    
0.401250    0.693740    0.765398    0.785839    1.000584    1.184628    1.291709    1.419822    
0.385239    0.660556    0.727319    0.816139    0.838629    0.995254    1.154048    1.247581    1.349075    1.440648    
0.355037    0.625268    0.685946    0.763531    0.872117    0.836694    0.991066    1.153165    1.212848    1.304027    1.386496    1.461375    
0.337620    0.589319    0.635682    0.699438    0.784382    0.878115    0.844152    0.988707    1.155798    1.225763    1.267708    1.348642    1.414945    1.471711    
0.296254    0.557205    0.604413    0.662560    0.726150    0.807126    0.901619    0.854615    0.977678    1.139764    1.214131    1.268260    1.309356    1.380135    1.436488    1.494011    
0.272667    0.527901    0.588980    0.641171    0.702735    0.775773    0.844138    0.936268    0.877659    0.964528    1.116932    1.196006    1.250008    1.303334    1.340039    1.408277    1.465524    1.509009    
0.271212    0.515219    0.557996    0.595410    0.592267    0.598563    0.674907    0.793391    0.928247    0.880123    0.967359    1.125916    1.206544    1.267997    1.335290    1.372261    1.376000    1.426456    1.477412    1.511479    
