 8    -3.391398    3.203281    0.087840
-0.934865  0.816632  0.671318  0.859880  0.640418  0.266168  -0.867070  -0.429947  0.784486  0.648298  -1.177462  -0.270474  0.982758  0.978122  -0.218039  -1.001104  0.680115  -0.061909  0.443576  -0.178919  -0.562895  -0.681361  1.251128  0.112286  -0.010073  -1.276786  0.717665  1.291600  
 1    -1.287744    0.058006      0.318993
 2    -2.454319    0.140920      0.142096
 3    -2.806421    0.255588      0.088704
 4    -3.023520    0.348242      0.055784
 5    -3.130198    0.414914      0.039608
 6    -3.191985    0.470977      0.030238
 7    -3.227387    0.506364      0.024870
 8    -3.255439    0.556543      0.020616
 9    -3.283603    0.605126      0.016346
10    -3.309348    0.632323      0.012442
0.862908    0.953110    
0.582493    0.980532    1.066741    1.325346    
0.533733    0.908483    0.937644    0.982892    1.200259    1.360022    
0.484289    0.804175    0.861774    0.918083    0.996899    1.165924    1.268910    1.408809    
0.425921    0.767907    0.810115    0.892693    0.963724    0.987890    1.150680    1.227282    1.332716    1.457409    
0.385073    0.717472    0.783849    0.851800    0.938579    0.998906    0.978783    1.140278    1.205792    1.278877    1.388788    1.482377    
0.353658    0.669533    0.735764    0.807384    0.875037    0.967191    1.006719    0.974644    1.137807    1.204378    1.260277    1.341386    1.430572    1.504539    
0.356185    0.669092    0.735059    0.798810    0.877104    0.969158    1.050844    1.087796    0.972600    1.126848    1.196786    1.253400    1.323399    1.393752    1.466829    1.512273    
0.352226    0.656171    0.716024    0.779657    0.836041    0.947816    1.037133    1.115876    1.062954    0.982575    1.140813    1.197145    1.256628    1.323035    1.379729    1.432806    1.472757    1.509840    
0.344232    0.649346    0.697404    0.731233    0.773114    0.858525    0.986619    1.085841    1.099073    1.060115    0.978151    1.142559    1.210472    1.262746    1.325318    1.373517    1.414354    1.443887    1.471492    1.511611    
