 8    -5.293840    7.126406    0.259857
1.736738  1.897914  -2.106773  -0.148912  0.583062  -2.259233  0.137240  -0.701213  -0.620780  -0.479620  1.209739  -1.075184  0.806919  -0.290783  -0.220948  -0.169156  1.100834  0.082511  -0.004376  -1.722558  1.057556  -2.517913  -1.910640  1.306455  0.424398  -0.469168  -1.006073  -0.921923  
 1    -2.346417    0.057620      0.237308
 2    -3.758484    0.172196      0.123617
 3    -4.316131    0.263297      0.078719
 4    -4.565650    0.330754      0.058629
 5    -4.722243    0.395111      0.046021
 6    -4.828469    0.444605      0.037469
 7    -4.912663    0.497728      0.030690
 8    -4.990168    0.542098      0.024450
 9    -5.056580    0.572723      0.019103
10    -5.105909    0.600636      0.015131
0.409452    1.285704    
0.356255    0.656971    1.086743    1.267064    
0.295247    0.568111    0.661125    1.054723    1.190009    1.365650    
0.242175    0.494946    0.580927    0.694199    1.039901    1.157277    1.269036    1.412052    
0.227385    0.448027    0.517858    0.633068    0.724553    1.023999    1.152148    1.228947    1.316264    1.444522    
0.209194    0.415622    0.458676    0.549070    0.642962    0.733565    1.023444    1.152206    1.229370    1.275899    1.353076    1.461064    
0.205557    0.401583    0.435776    0.494538    0.558622    0.669637    0.744320    1.010678    1.144452    1.220524    1.268341    1.298842    1.362605    1.465324    
0.204282    0.401002    0.428623    0.475976    0.505398    0.591428    0.683896    0.748720    1.009668    1.131663    1.210328    1.258107    1.288048    1.306412    1.369545    1.473024    
0.200007    0.396108    0.425390    0.463556    0.480354    0.527592    0.593174    0.673820    0.747409    1.011436    1.133727    1.199074    1.248139    1.279003    1.295903    1.312565    1.377017    1.479000    
0.193185    0.394637    0.426891    0.460759    0.465681    0.505277    0.547478    0.607795    0.691741    0.761817    0.998188    1.124843    1.196187    1.234243    1.268606    1.280175    1.292117    1.316266    1.389308    1.487475    
