 6    -2.687363    2.452757    0.058625
-1.121427  0.552710  -0.128515  -0.098978  0.525132  0.641744  1.041625  -0.042823  1.512432  -1.412685  -0.643521  0.264371  -1.049341  1.305647  0.713874  
 1    -1.401515    0.149397      0.250159
 2    -2.306648    0.290470      0.074067
 3    -2.417351    0.323064      0.052530
 4    -2.507320    0.366947      0.035027
 5    -2.567569    0.387850      0.023306
 6    -2.593859    0.388765      0.018191
 7    -2.608245    0.385946      0.015392
 8    -2.620792    0.380377      0.012951
 9    -2.628869    0.376301      0.011380
10    -2.632962    0.375180      0.010584
0.745622    1.304229    
0.544030    0.888993    1.066950    1.317008    
0.406532    0.780854    0.880038    1.040306    1.242520    1.431800    
0.427597    0.758802    0.914360    1.132745    1.025043    1.209857    1.378924    1.464628    
0.397607    0.737469    0.866151    1.119901    1.116628    1.016528    1.199722    1.338230    1.425279    1.486399    
0.348702    0.691688    0.811278    1.017158    1.128565    1.139040    0.993399    1.162920    1.295108    1.382747    1.451922    1.507887    
0.315287    0.639669    0.761351    0.926762    1.040620    1.125321    1.117730    0.985216    1.143453    1.253613    1.345556    1.414967    1.474164    1.520491    
0.332487    0.643626    0.748616    0.905056    0.970128    1.066317    1.147453    1.182928    0.989737    1.148203    1.243538    1.317525    1.384406    1.441496    1.490185    1.525107    
0.304611    0.631731    0.735675    0.877480    0.949840    0.999665    1.102796    1.197086    1.166691    0.978942    1.137867    1.234780    1.301159    1.358676    1.412700    1.462178    1.500618    1.532184    
0.274256    0.596715    0.720078    0.853659    0.939571    0.982311    1.048354    1.163070    1.203411    1.187983    0.975994    1.124051    1.222372    1.292347    1.345346    1.393861    1.440693    1.482053    1.512686    1.542805    
