 6    -2.934934    3.048118    1.262109
0.779165  0.433715  -0.868448  0.416689  -0.606075  0.537735  -1.068886  0.371192  -1.583441  0.551922  -1.085115  0.775944  0.416375  0.780529  0.033247  
 1    -0.516924    0.102047      0.404143
 2    -1.924696    0.505513      0.168850
 3    -2.512640    0.778921      0.070582
 4    -2.731034    0.897632      0.034080
 5    -2.770686    0.924786      0.027452
 6    -2.790239    0.938399      0.024184
 7    -2.811122    0.949982      0.020694
 8    -2.814525    0.951409      0.020125
 9    -2.819058    0.951804      0.019367
10    -2.845610    0.966214      0.014929
1.475322    1.257937    
0.598892    1.044560    1.060742    1.239680    
0.585659    0.887626    1.027804    1.054949    1.140606    1.287749    
0.456379    0.908312    0.882405    1.084339    0.998403    1.109333    1.175092    1.333620    
0.469917    0.918983    0.881648    1.073498    2.784540    1.003115    1.097701    1.167796    1.311642    0.064198    
0.489100    0.923476    0.869520    1.090930    2.865358    1.528438    0.995877    1.091087    1.179573    1.285303    0.142061    0.093781    
0.488985    0.920399    0.846915    1.096036    2.953656    1.533742    3.080587    0.991072    1.095816    1.175052    1.267911    0.170079    0.131344    1.518769    
0.492472    0.917678    0.893319    1.035663    2.946356    6.232729    2.876372    4.871600    0.981677    1.082999    1.162405    1.255363    0.124031    0.033978    1.514506    1.487409    
0.489369    0.930389    0.881509    1.012060    3.107318    6.283185    2.756411    4.965153    5.003077    0.975292    1.087566    1.165541    1.234007    0.096708    0.086963    1.480410    1.507065    0.060994    
0.466716    0.918317    0.816546    1.095471    3.047177    1.499275    3.186828    6.126488    6.246104    3.132577    1.005823    1.118508    1.158753    1.285793    0.207729    0.160025    1.470963    1.502771    1.521104    1.549738    
