 6    -2.295303    1.927414    0.255305
-0.470129  0.670906  -0.822153  0.503401  -0.184276  0.514476  -0.472338  -0.433457  0.480020  -0.085906  -1.356367  -0.635875  -1.624491  0.912932  0.715495  
 1    -1.311696    0.167766      0.232932
 2    -1.800179    0.263825      0.117253
 3    -1.950566    0.308767      0.081639
 4    -2.022972    0.357496      0.064492
 5    -2.081531    0.414034      0.050624
 6    -2.118145    0.455428      0.041953
 7    -2.138185    0.483183      0.037208
 8    -2.152148    0.524393      0.033901
 9    -2.172474    0.618247      0.029088
10    -2.200250    0.743790      0.022510
0.805503    1.070675    
0.680102    1.113464    1.056477    1.331333    
0.529202    0.970938    1.016358    1.040484    1.252036    1.406013    
0.491857    0.914570    1.017240    1.137545    0.986009    1.201267    1.336723    1.451464    
0.477526    0.876955    0.957190    1.140913    1.143311    0.973569    1.155118    1.274433    1.380057    1.461437    
0.465437    0.855352    0.956311    1.106941    1.169681    1.221584    0.979280    1.142173    1.244303    1.334807    1.410256    1.490101    
0.411803    0.789811    0.905151    1.054679    1.131527    1.197531    1.205618    0.991160    1.150515    1.222533    1.310056    1.372317    1.448372    1.508906    
0.390871    0.776601    0.887324    1.024689    1.108332    1.178484    1.239134    1.259928    0.960306    1.127466    1.211144    1.270283    1.337792    1.402458    1.468083    1.513653    
0.460283    0.850777    0.928205    1.066128    1.153106    1.197558    1.274515    1.316535    1.332513    0.956308    1.119916    1.209665    1.272979    1.311379    1.375873    1.429433    1.467412    1.501014    
0.457452    0.865769    0.970283    1.097570    1.149288    1.249536    1.237528    1.314808    1.332590    1.289355    0.994098    1.140482    1.218271    1.284321    1.319767    1.354922    1.398548    1.426687    1.445358    1.487606    
