 6    -4.058389    2.900322    1.799148
-1.485170  -0.260205  -1.424565  -0.891399  0.761163  -0.698757  -0.396650  1.243787  0.074518  -0.322948  1.461472  1.241821  0.259419  1.071688  -0.130218  
 1    -1.542896    0.208875      0.361488
 2    -2.954432    0.644896      0.158644
 3    -3.660646    0.873221      0.057158
 4    -3.952852    0.964141      0.015166
 5    -3.985753    0.977276      0.010438
 6    -3.991941    0.978858      0.009549
 7    -4.002412    0.982596      0.008044
 8    -4.007028    0.984896      0.007381
 9    -4.017522    0.988563      0.005873
10    -4.022858    0.990321      0.005106
0.439278    1.260143    
0.556599    0.906602    0.939054    1.200967    
0.502540    0.772911    0.836897    0.960913    1.055555    1.272729    
0.394758    0.718570    0.688312    0.824053    0.948192    1.065747    1.144963    1.336474    
0.383050    0.714180    0.688144    0.808616    2.085201    0.947728    1.058898    1.142412    1.293992    0.061391    
0.378620    0.704509    0.688580    0.794708    2.050706    2.161168    0.948783    1.060355    1.141172    1.290502    0.081671    1.543842    
0.375211    0.698661    0.693266    0.762105    2.030635    2.390187    2.421482    0.938364    1.057011    1.135863    1.281455    0.105792    1.515751    0.045206    
0.372647    0.701852    0.700950    0.742894    2.053943    2.490781    2.536788    3.541065    0.932909    1.049674    1.136364    1.262699    0.140351    1.511781    0.066675    0.035650    
0.383006    0.710144    0.691935    0.752656    2.072911    2.860795    2.394830    4.520072    4.250911    0.934490    1.049526    1.144411    1.241602    0.134459    1.533286    0.092066    1.502328    0.035615    
0.377649    0.700214    0.686617    0.750384    1.935449    2.231972    2.867273    3.294647    4.280325    6.283185    0.937617    1.059625    1.138604    1.259293    0.133355    1.547068    0.064544    0.061357    1.530822    0.032042    
