 6    -3.200350    3.827475    0.553109
-0.000432  -1.841434  -0.203556  -0.624784  -1.219408  -1.390574  -1.150531  0.491366  0.054424  0.097679  0.567014  -0.634688  -0.084317  2.237933  1.307675  
 1    -1.005512    0.074813      0.312307
 2    -2.380134    0.309196      0.116710
 3    -2.662220    0.450844      0.076571
 4    -2.827030    0.607399      0.053120
 5    -2.981158    0.773921      0.031189
 6    -3.058245    0.847838      0.020220
 7    -3.091321    0.887660      0.015514
 8    -3.121538    0.924664      0.011214
 9    -3.138641    0.946616      0.008781
10    -3.156095    0.973172      0.006297
0.823039    1.398016    
0.447684    0.813957    1.086197    1.348262    
0.437080    0.827390    0.946232    1.000726    1.231129    1.379917    
0.416739    0.818064    0.963986    0.992718    0.972637    1.137242    1.283276    1.409500    
0.398846    0.801493    0.936179    1.018790    0.963882    0.972434    1.104827    1.191993    1.316200    1.411489    
0.340650    0.732400    0.903821    0.963506    1.014851    0.969702    0.958902    1.093795    1.170105    1.250055    1.348193    1.447724    
0.308590    0.669605    0.839959    0.935486    0.970554    1.024057    0.976738    0.950066    1.073650    1.159527    1.223388    1.297613    1.396537    1.480973    
0.291527    0.650507    0.800019    0.884189    0.969552    0.991338    1.068634    1.033791    0.958481    1.067186    1.143102    1.206117    1.274314    1.345569    1.443780    1.491942    
0.264885    0.607267    0.765945    0.837940    0.904447    0.993702    1.008445    1.132166    1.011158    0.938890    1.063026    1.134812    1.183529    1.248328    1.311457    1.387980    1.463539    1.504534    
0.296166    0.652864    0.780649    0.821166    0.902524    0.941470    0.922075    1.115129    0.997362    2.417490    0.934027    1.059779    1.126417    1.174841    1.257392    1.300703    1.355275    1.447474    1.435125    1.491647    
