 6    -2.872487    2.716185    0.409291
1.319751  -0.169291  -0.060430  0.880154  0.440474  0.282055  -1.219574  -0.679306  -0.367388  -0.797539  0.622276  -0.818255  -0.316651  -2.039845  0.708758  
 1    -1.606259    0.150561      0.226571
 2    -2.387729    0.294376      0.086739
 3    -2.517376    0.368052      0.063541
 4    -2.584127    0.459262      0.051597
 5    -2.673831    0.626961      0.035546
 6    -2.728781    0.719744      0.025714
 7    -2.768043    0.791891      0.018688
 8    -2.795553    0.858939      0.013766
 9    -2.818579    0.911356      0.009646
10    -2.844459    0.962101      0.005015
0.856491    1.255251    
0.522255    0.909076    1.037379    1.306419    
0.447145    0.843949    1.025811    0.992998    1.204771    1.427222    
0.403716    0.799607    0.984795    1.142940    0.984348    1.153405    1.334270    1.466292    
0.429639    0.818229    0.999433    1.133357    1.149242    0.984964    1.149790    1.280955    1.354973    1.443225    
0.391157    0.793180    0.972115    1.141733    1.185816    1.165738    0.963601    1.129807    1.268406    1.330601    1.368431    1.467432    
0.372245    0.764259    0.931232    1.077467    1.211558    1.235645    1.172873    0.948439    1.084009    1.224769    1.302330    1.349907    1.393441    1.474104    
0.379630    0.760356    0.912723    1.008054    1.135334    1.302206    1.259491    1.191627    0.935174    1.049997    1.159837    1.237712    1.317071    1.380915    1.399806    1.480005    
0.362381    0.743918    0.863767    0.970203    1.036942    1.152841    1.305625    1.196575    1.127933    0.960443    1.066359    1.147082    1.178379    1.251449    1.362842    1.392622    1.405382    1.483463    
0.378318    0.775986    0.889286    0.948505    1.003218    1.072754    1.242799    1.250131    1.192866    1.167334    0.968042    1.081341    1.152213    1.167215    1.196436    1.322438    1.393195    1.397286    1.415426    1.486273    
