 6    -3.256121    4.572723    0.179238
0.363580  1.314545  -1.146046  -0.488436  0.720190  -0.065189  1.841201  0.129148  1.689050  0.924599  -0.364502  1.552866  0.687094  1.868193  -2.101154  
 1    -1.658769    0.122604      0.204034
 2    -2.446181    0.250032      0.103456
 3    -2.709071    0.290251      0.069876
 4    -2.812281    0.313714      0.056693
 5    -2.915472    0.351174      0.043512
 6    -3.006819    0.386124      0.031844
 7    -3.055795    0.400804      0.025588
 8    -3.089504    0.409035      0.021282
 9    -3.107456    0.414661      0.018989
10    -3.121312    0.420374      0.017219
0.308467    1.197120    
0.372047    0.702146    1.126308    1.335185    
0.308093    0.611521    0.668835    1.084616    1.287953    1.410853    
0.263445    0.531893    0.616843    0.700748    1.065693    1.250954    1.368060    1.464943    
0.291713    0.538597    0.585760    0.693662    0.812911    1.055248    1.244988    1.335573    1.433241    1.472858    
0.286863    0.567046    0.580374    0.682205    0.778620    0.866895    1.044286    1.228161    1.330005    1.385702    1.436508    1.470760    
0.238751    0.505005    0.584835    0.623221    0.721396    0.787806    0.817615    1.042134    1.203834    1.301644    1.370296    1.396767    1.441547    1.487483    
0.232713    0.473416    0.552777    0.627559    0.649869    0.747951    0.775773    0.887049    1.030170    1.194452    1.274541    1.351802    1.386302    1.407722    1.454353    1.504398    
0.222559    0.474387    0.540781    0.614160    0.639233    0.695109    0.785984    0.830029    0.967752    1.002283    1.172822    1.260012    1.322581    1.379098    1.387887    1.424007    1.475013    1.520442    
0.206212    0.452453    0.540339    0.597201    0.633896    0.660357    0.734046    0.834488    0.852567    0.972680    1.012375    1.159457    1.251636    1.311504    1.358082    1.385426    1.399665    1.447534    1.495620    1.525460    
