 6    -3.738639    2.929566    1.144224
-0.337545  -0.225671  -0.825266  -1.519911  0.236885  -0.567556  1.783642  0.438508  -0.234935  0.649691  0.120339  -1.428240  -0.086604  1.572401  0.256997  
 1    -1.909600    0.270659      0.274293
 2    -2.880764    0.557448      0.128652
 3    -3.292075    0.726719      0.066969
 4    -3.493389    0.849974      0.036779
 5    -3.552486    0.884196      0.027917
 6    -3.653874    0.945105      0.012712
 7    -3.595776    0.904262      0.021424
 8    -3.605707    0.910581      0.019935
 9    -3.613310    0.916165      0.018795
10    -3.621046    0.920928      0.017635
0.621130    1.177560    
0.563952    0.889807    1.006979    1.233871    
0.459404    0.793631    0.849345    0.967794    1.118845    1.334989    
0.414876    0.738717    0.795895    0.890970    0.936372    1.059205    1.206038    1.384176    
0.406685    0.722259    0.782380    0.903177    1.986300    0.943755    1.052294    1.178080    1.373533    0.073699    
0.357699    0.695985    0.739181    0.846587    0.953492    1.986645    0.939104    1.040196    1.128467    1.227954    1.405580    0.055806    
0.377155    0.713253    0.764289    0.938216    1.997437    2.024959    2.348105    0.946568    1.052714    1.157988    1.327975    0.070732    1.518071    0.041711    
0.358988    0.707848    0.763472    0.926731    2.037610    2.177241    2.020654    4.698792    0.944952    1.051663    1.151066    1.306415    0.072324    1.524132    0.058977    0.040409    
0.337777    0.691811    0.751577    0.896229    2.103536    2.089608    1.933717    4.763751    5.995522    0.940531    1.054077    1.144584    1.287014    0.076607    1.532764    0.078726    0.071191    1.524907    
0.325402    0.681107    0.739370    0.873287    2.202818    1.936187    1.940675    4.929296    5.583043    5.537458    0.942290    1.056989    1.143072    1.275375    0.092493    1.565184    0.086643    0.053339    1.530806    0.045644    
