 6    -3.177615    4.321667    0.009157
0.120886  0.610718  -0.940969  -1.296675  -0.444179  -1.381420  0.602617  -0.815498  1.472935  -0.054761  0.049716  -1.540904  -1.109380  -1.381756  3.932359  
 1    -1.621317    0.073823      0.207526
 2    -2.657175    0.149546      0.069399
 3    -2.896435    0.211031      0.037494
 4    -3.001754    0.258543      0.023450
 5    -3.049833    0.281903      0.017039
 6    -3.016563    0.274640      0.021476
 7    -3.108921    0.314370      0.009160
 8    -3.123786    0.323139      0.007178
 9    -3.136507    0.329876      0.005482
10    -3.142222    0.335202      0.004720
0.211282    1.106341    
0.323263    0.591560    1.098659    1.357943    
0.292589    0.555767    0.599174    1.083982    1.296901    1.431025    
0.263106    0.536313    0.603087    0.643364    1.045752    1.260507    1.382739    1.472636    
0.237846    0.492812    0.586272    0.654650    0.663936    1.031476    1.220840    1.352438    1.435222    1.500639    
0.267245    0.000000    0.535961    0.598608    0.642847    1.594001    0.777907    0.272545    1.270752    1.372628    1.467840    1.535183    
0.224898    0.471791    0.552990    0.614677    0.682391    0.713713    0.669446    1.042048    1.225235    1.327302    1.401950    1.466652    1.491463    1.521730    
0.224655    0.470079    0.559872    0.630904    0.671382    0.723581    0.755489    0.720852    1.026586    1.212446    1.326220    1.402043    1.448783    1.493187    1.513655    1.527852    
0.235197    0.489938    0.575712    0.641000    0.673370    0.691197    0.840418    0.691456    1.771126    1.017847    1.200824    1.329058    1.392089    1.445959    1.499386    1.498159    1.520783    1.531202    
0.222824    0.473845    0.572560    0.643244    0.665466    0.690793    0.836470    0.704996    1.773170    0.669084    1.013973    1.193142    1.318632    1.385986    1.434128    1.498012    1.500798    1.506493    1.523162    1.541517    
