 6    -2.186738    2.222201    0.240995
-1.271091  0.176137  -0.296216  0.326929  -0.973419  0.227681  -0.819328  0.107223  0.975278  0.081974  -0.476623  -1.492172  -0.403465  0.694778  0.212153  
 1    -1.107828    0.141922      0.244710
 2    -1.502025    0.272941      0.155301
 3    -1.734808    0.378567      0.102503
 4    -1.879283    0.464226      0.069734
 5    -1.992742    0.570740      0.044001
 6    -2.067246    0.654581      0.027102
 7    -2.092052    0.693150      0.021476
 8    -2.114853    0.754474      0.016304
 9    -2.130865    0.821676      0.012673
10    -2.150133    0.901604      0.008302
0.696856    1.262452    
0.605007    1.135013    1.088357    1.331917    
0.605456    1.057148    1.143289    1.046744    1.231940    1.358069    
0.545530    1.016303    1.068499    1.155145    1.009034    1.169853    1.257066    1.381660    
0.519306    0.971310    1.049057    1.106830    1.229047    1.004145    1.137446    1.216821    1.285584    1.413850    
0.488811    0.923885    1.021523    1.069085    1.160043    1.304823    1.009081    1.143832    1.202439    1.257834    1.332486    1.449954    
0.390617    0.848259    0.973431    1.054237    1.093167    1.215819    1.325550    0.993443    1.132847    1.196814    1.236406    1.300349    1.381653    1.488684    
0.412969    0.815249    0.949259    1.048164    1.096322    1.158591    1.292852    1.425767    0.984014    1.126925    1.194918    1.229849    1.285961    1.348707    1.425136    1.494098    
0.404627    0.832549    0.938222    1.050620    1.122630    1.157894    1.279177    1.464729    1.532673    0.984147    1.123061    1.185166    1.226494    1.286822    1.348439    1.401410    1.448994    1.507619    
0.405775    0.844533    0.955696    1.048369    1.130704    1.172856    1.222205    1.506459    1.609872    1.595847    0.988475    1.122823    1.190795    1.216819    1.287531    1.370961    1.405670    1.425001    1.457461    1.500565    
