 6    -3.235936    2.078334    0.404078
-0.217286  -0.915852  1.062431  0.444871  -0.375857  -1.325971  -0.652894  -0.842896  -0.447425  1.539325  0.027425  -0.777571  -1.614024  0.688196  -0.014051  
 1    -1.304907    0.145956      0.363367
 2    -2.441690    0.378580      0.149455
 3    -2.769071    0.542730      0.087851
 4    -3.007626    0.692659      0.042962
 5    -3.113899    0.779984      0.022964
 6    -3.146798    0.817816      0.016773
 7    -3.161024    0.846027      0.014096
 8    -3.183301    0.903433      0.009905
 9    -3.204221    0.951818      0.005968
10    -3.220535    0.983136      0.002898
0.424867    0.996457    
0.563512    0.856480    1.030105    1.301658    
0.487093    0.796294    0.824294    0.988239    1.186531    1.356518    
0.473921    0.758043    0.798238    0.867917    0.954464    1.148221    1.250145    1.391275    
0.400303    0.701075    0.763320    0.843106    0.899822    0.972085    1.123165    1.211352    1.300588    1.442703    
0.342037    0.651339    0.741248    0.812793    0.893590    0.968590    0.950903    1.107076    1.181185    1.257926    1.369259    1.489447    
0.309995    0.609560    0.708969    0.800877    0.865576    0.965042    1.031104    0.957476    1.096521    1.170117    1.238022    1.333022    1.442623    1.521250    
0.341792    0.632416    0.714584    0.793650    0.886932    0.972129    1.089123    1.056466    0.953223    1.106045    1.168504    1.227632    1.328446    1.419226    1.479550    1.508045    
0.343708    0.637968    0.710057    0.790103    0.879867    0.972611    1.085380    1.110163    1.102785    0.958346    1.113603    1.176716    1.232761    1.313924    1.417253    1.458309    1.471197    1.511695    
0.339621    0.639956    0.713091    0.784693    0.873941    0.982783    1.047515    1.119600    1.145511    1.147573    0.946624    1.105091    1.180338    1.231474    1.309852    1.397583    1.453003    1.450523    1.478343    1.516726    
