 6    -3.460574    5.207095    0.270769
2.630205  0.331635  -0.987540  1.196508  1.705176  0.144573  -0.224789  0.221373  2.062121  2.356455  2.345444  -0.973641  -0.211556  -0.499396  -1.075603  
 1    -2.066638    0.144374      0.160820
 2    -2.676861    0.204445      0.090418
 3    -2.846699    0.239744      0.070824
 4    -2.966085    0.302619      0.057050
 5    -3.072850    0.363885      0.044732
 6    -3.136600    0.411211      0.037377
 7    -3.209089    0.472381      0.029014
 8    -3.242783    0.500799      0.025127
 9    -3.267776    0.525653      0.022243
10    -3.292738    0.548876      0.019363
0.469204    1.175132    
0.351618    0.717633    1.087215    1.359647    
0.285108    0.614276    0.727318    1.068375    1.268849    1.434361    
0.304470    0.617353    0.747722    0.865719    1.028101    1.217402    1.339740    1.444347    
0.279477    0.588538    0.706560    0.824471    0.810229    1.046890    1.214838    1.316815    1.365615    1.451216    
0.264402    0.560526    0.671873    0.771484    0.805960    0.844253    1.012213    1.193878    1.298352    1.351027    1.387717    1.475189    
0.274597    0.576681    0.662570    0.741610    0.763431    0.891375    0.927294    1.037661    1.180963    1.284439    1.343278    1.376559    1.418906    1.470101    
0.234388    0.532628    0.644899    0.708996    0.720725    0.792179    0.917829    0.893185    1.016210    1.172569    1.252384    1.323144    1.363061    1.401076    1.427534    1.490307    
0.228770    0.510640    0.626990    0.704520    0.707439    0.736517    0.835199    0.914178    0.931888    0.997905    1.156592    1.241957    1.293545    1.346333    1.389421    1.418067    1.442501    1.502400    
0.226799    0.508806    0.616539    0.693480    0.709501    0.720040    0.770554    0.832720    0.929899    0.943433    0.979450    1.133699    1.222095    1.273357    1.314306    1.366384    1.407504    1.431042    1.451473    1.503547    
