 6    -3.186866    2.669093    0.050030
1.348629  1.991068  1.393069  -0.686884  -0.095791  -0.756370  0.561199  0.751012  -1.191746  -1.487929  -0.625148  0.282211  -1.079033  -0.515311  0.327559  
 1    -1.487035    0.118876      0.290274
 2    -2.564126    0.266441      0.106343
 3    -2.814945    0.337978      0.063511
 4    -2.964230    0.346531      0.038019
 5    -3.017134    0.345512      0.028984
 6    -3.081706    0.377991      0.017958
 7    -3.120500    0.423395      0.011333
 8    -3.138492    0.459185      0.008261
 9    -3.150343    0.516263      0.006237
10    -3.156586    0.544605      0.005171
0.713682    1.319339    
0.478577    0.799892    1.025960    1.312484    
0.450694    0.779622    0.892262    0.983118    1.195376    1.389562    
0.380087    0.697807    0.814926    0.874616    0.987382    1.157724    1.287974    1.421694    
0.341520    0.662725    0.781124    0.880438    0.943943    0.953984    1.114488    1.235709    1.334758    1.469132    
0.359998    0.668854    0.754570    0.862333    0.944735    0.954114    0.966017    1.096591    1.192573    1.268755    1.366750    1.455913    
0.314458    0.632761    0.730636    0.808084    0.880829    0.939762    0.909608    0.976292    1.108350    1.184488    1.236647    1.315372    1.374028    1.471237    
0.272103    0.575410    0.685117    0.770448    0.809043    0.881649    0.906311    0.902723    0.961585    1.108422    1.185774    1.231137    1.285024    1.339171    1.399123    1.493935    
0.283998    0.585796    0.684352    0.780476    0.829189    0.868462    0.917440    0.977787    1.010889    0.935936    1.077314    1.168827    1.216420    1.268856    1.300949    1.364283    1.438305    1.508821    
0.249505    0.536153    0.654989    0.749770    0.807981    0.856453    0.882692    0.943865    1.004485    0.964280    0.952845    1.076223    1.153919    1.206611    1.256473    1.290569    1.333801    1.404936    1.467224    1.526818    
