 6    -3.727309    4.320653    0.143524
-1.416842  1.141139  -0.062071  0.221127  -1.024472  -0.338375  2.052339  -0.303012  -1.444028  -2.597116  -2.753540  -1.642764  0.524421  -0.364225  -0.637291  
 1    -0.797357    0.088071      0.364061
 2    -3.038807    0.218299      0.085550
 3    -3.290021    0.288234      0.054335
 4    -3.406918    0.336183      0.039810
 5    -3.472925    0.376152      0.031609
 6    -3.535185    0.406662      0.023872
 7    -3.569610    0.423142      0.019595
 8    -3.584290    0.435779      0.017771
 9    -3.599409    0.463163      0.015892
10    -3.616610    0.497572      0.013755
0.864795    1.221123    
0.323179    0.587033    1.089013    1.339071    
0.276231    0.520508    0.588626    1.051000    1.265422    1.421322    
0.246874    0.495321    0.566085    0.658505    1.019865    1.215490    1.357471    1.468889    
0.242471    0.488051    0.579255    0.666941    0.751521    1.009063    1.196444    1.334531    1.434264    1.499919    
0.224582    0.447722    0.535614    0.650547    0.712216    0.720880    1.029127    1.195580    1.309859    1.406220    1.470462    1.499965    
0.203833    0.433211    0.497990    0.590436    0.681184    0.715281    0.701123    0.997641    1.180317    1.289505    1.375734    1.446253    1.477514    1.511809    
0.178053    0.396305    0.486084    0.551316    0.625494    0.699592    0.700206    0.728663    0.991250    1.147795    1.262579    1.345481    1.416497    1.458974    1.490144    1.526968    
0.198776    0.408091    0.491418    0.561439    0.598217    0.660507    0.701791    0.735658    0.786762    0.992367    1.153511    1.238825    1.330580    1.390066    1.426147    1.468222    1.503340    1.522094    
0.200786    0.431491    0.509819    0.588481    0.605094    0.632024    0.676139    0.750020    0.766505    0.782868    0.997681    1.153641    1.246060    1.315947    1.384160    1.402809    1.434515    1.480488    1.494689    1.519097    
