 6    -4.540918    3.845071    0.554561
0.158384  -2.469081  -1.367974  0.135415  1.363801  -0.059990  -0.573970  0.521582  -0.633190  -0.989024  -1.811767  -0.207563  0.278757  1.736000  1.327823  
 1    -1.680734    0.235070      0.341067
 2    -3.556915    0.480512      0.117339
 3    -4.184396    0.608292      0.042514
 4    -4.326008    0.677118      0.025627
 5    -4.362236    0.733231      0.021307
 6    -4.413110    0.839644      0.015241
 7    -4.457234    0.927119      0.009979
 8    -4.476621    0.957467      0.007667
 9    -4.460909    0.930040      0.009541
10    -4.500300    0.983738      0.004844
0.670694    1.052416    
0.468667    0.690250    0.956004    1.176747    
0.355635    0.625548    0.664472    0.987970    1.045625    1.293894    
0.271218    0.556747    0.600256    0.684774    0.956776    1.053285    1.150753    1.380581    
0.271182    0.559739    0.599674    0.738134    2.635639    0.958527    1.049655    1.139630    1.377938    1.514469    
0.254368    0.551682    0.609249    0.730631    2.726028    0.922444    0.936895    1.044998    1.116000    1.326398    1.452897    1.472463    
0.257835    0.548469    0.598991    0.662367    2.155627    0.818321    0.847109    0.953379    1.056360    1.144161    1.367314    1.459403    1.377988    1.456112    
0.272568    0.556713    0.608317    0.704339    2.168414    0.758139    0.981696    3.316696    0.955103    1.054134    1.148605    1.364688    1.451445    1.376431    1.458650    0.066175    
0.250070    0.551124    0.601820    0.740736    2.738146    0.867515    6.283185    1.770106    6.283185    0.952492    1.049742    1.123890    1.348015    1.432414    1.422270    0.066301    1.506748    0.056096    
0.258874    0.538842    0.584050    0.697076    2.407950    0.757387    0.857842    3.229758    4.611220    6.148542    0.975937    1.067646    1.149798    1.354681    1.441848    1.397514    1.440703    0.102083    1.496080    0.032743    
