 6    -3.485965    2.687768    0.804160
0.458901  1.173661  0.398716  1.044500  0.584015  0.653871  1.328473  -0.097377  -0.441175  -0.278228  -0.389714  -0.718051  -0.625707  -0.346769  -1.994583  
 1    -1.927321    0.274809      0.252464
 2    -2.671626    0.455284      0.131904
 3    -3.041253    0.596839      0.072033
 4    -3.201041    0.717384      0.046151
 5    -3.332883    0.876616      0.024796
 6    -3.422328    0.966247      0.010308
 7    -3.466132    0.990998      0.003213
 8    -3.470192    0.991966      0.002555
 9    -3.473399    0.993338      0.002035
10    -3.474805    0.993625      0.001808
0.671889    1.155827    
0.596450    0.922476    0.982708    1.247550    
0.496343    0.848188    0.923386    0.936601    1.079601    1.317705    
0.439199    0.770536    0.840133    0.975674    0.942151    1.061987    1.179646    1.390478    
0.437237    0.766629    0.826025    0.955728    1.100599    0.947207    1.066039    1.146753    1.249942    1.408350    
0.400832    0.745001    0.804925    0.914663    1.022031    1.067447    0.939442    1.068176    1.148560    1.220940    1.286886    1.426196    
0.333538    0.663298    0.753977    0.853542    0.938071    0.980854    1.046086    0.945449    1.064121    1.137045    1.210427    1.270093    1.319803    1.449576    
0.328864    0.654263    0.747008    0.845098    0.939993    0.983431    1.048478    2.252075    0.939310    1.063309    1.137765    1.209917    1.278559    1.318591    1.426084    0.027250    
0.320892    0.643762    0.737210    0.836772    0.935250    0.973395    1.045328    2.215711    3.403513    0.942948    1.065056    1.136000    1.209962    1.278466    1.318258    1.406063    0.047925    0.023702    
0.306154    0.624010    0.722599    0.825993    0.921393    0.971306    1.017781    2.236605    3.311309    4.709127    0.948724    1.069035    1.132432    1.206962    1.277902    1.315866    1.384511    0.071681    0.036863    1.548799    
