 6    -1.886911    2.649642    0.004332
-0.579335  -0.256799  -1.403429  0.787643  -0.286088  0.092368  0.611031  -0.920969  -0.368623  0.503275  -0.321653  -0.481067  0.552648  -0.557544  0.445270  
 1    -0.743866    0.097284      0.251963
 2    -1.497723    0.205221      0.085789
 3    -1.682921    0.271709      0.044966
 4    -1.772391    0.320111      0.025244
 5    -1.822465    0.360368      0.014206
 6    -1.851711    0.376176      0.007759
 7    -1.867838    0.381656      0.004204
 8    -1.875824    0.393127      0.002444
 9    -1.880125    0.406938      0.001496
10    -1.882093    0.415464      0.001062
1.378514    1.118966    
0.731441    1.195062    1.069701    1.267045    
0.627947    1.179695    1.291660    1.001711    1.152998    1.356162    
0.549993    1.060577    1.212480    1.277728    1.016172    1.133873    1.274161    1.424197    
0.518835    1.035732    1.197214    1.327115    1.437914    1.007106    1.127578    1.239630    1.357927    1.469064    
0.457879    0.923677    1.055610    1.222878    1.379948    1.401164    1.015660    1.151155    1.239836    1.315838    1.407468    1.486779    
0.426701    0.908134    0.973831    0.951571    1.157996    1.368956    1.386852    0.990508    1.138746    1.276969    1.337510    1.373245    1.428627    1.501387    
0.394304    0.860919    0.995060    0.925037    1.001685    1.332524    1.456645    1.499758    0.977462    1.106805    1.241975    1.351972    1.363631    1.400896    1.457845    1.518737    
0.356182    0.806219    0.972733    0.988108    0.882152    1.182571    1.437674    1.547700    1.504902    0.967171    1.089390    1.193865    1.321044    1.375159    1.380515    1.430097    1.477874    1.526661    
0.321865    0.743015    0.921234    1.004065    0.934446    0.993576    1.298459    1.496168    1.523821    1.477168    0.962536    1.084649    1.173032    1.267556    1.368685    1.383036    1.411678    1.455739    1.493071    1.538623    
