 6    -2.304822    2.650056    0.905734
-0.913186  0.596383  0.783402  -0.561723  -0.291456  1.049971  0.974512  -0.630528  -0.053466  1.690651  -0.015440  0.065761  -0.867256  -0.327027  -0.371583  
 1    -0.743018    0.165958      0.315205
 2    -1.465944    0.335276      0.169304
 3    -1.672471    0.483754      0.127622
 4    -1.946476    0.764219      0.072322
 5    -2.113855    0.850158      0.038541
 6    -2.185281    0.900629      0.024126
 7    -2.248572    0.958875      0.011352
 8    -2.279407    0.980325      0.005129
 9    -2.291753    0.990390      0.002638
10    -2.298278    0.994729      0.001321
0.766758    1.046415    
0.606967    1.115773    1.121087    1.324990    
0.534778    1.067926    1.179430    1.057684    1.217510    1.370289    
0.623867    1.073052    1.224678    1.347532    1.052503    1.114558    1.227378    1.332924    
0.492578    1.006104    1.049727    1.158925    1.189125    1.073902    1.156278    1.213453    1.268583    1.365694    
0.423094    0.901244    1.073212    1.081921    1.154196    1.262543    0.985618    1.141706    1.193312    1.221915    1.289995    1.404417    
0.438493    0.882776    1.004101    1.125044    1.110926    1.272556    1.388750    1.001559    1.110533    1.185576    1.204526    1.236184    1.336613    1.435363    
0.380555    0.809189    0.941993    1.041189    1.094544    1.130613    1.267484    1.316922    1.006876    1.123552    1.180416    1.207451    1.225617    1.290396    1.374771    1.465919    
0.343759    0.761543    0.909171    1.009818    1.068258    1.126484    1.185889    1.301495    1.394714    0.977559    1.107707    1.172709    1.201068    1.214561    1.260401    1.327644    1.410981    1.506218    
0.307889    0.689039    0.851239    0.958224    1.013543    1.054381    1.100815    1.148614    1.255002    1.382629    0.979414    1.104362    1.170428    1.203255    1.225496    1.255644    1.307722    1.370769    1.447737    1.519297    
