 6    -2.865383    3.561523    0.591522
-0.772544  -0.339930  -0.892330  0.660013  0.253680  1.573258  -0.578790  -1.557856  0.295479  -0.485479  -0.903351  1.664279  1.799863  -0.172902  0.933821  
 1    -1.558715    0.166966      0.203312
 2    -2.035266    0.271852      0.129163
 3    -2.191621    0.325974      0.104835
 4    -2.305650    0.384366      0.087092
 5    -2.419913    0.534015      0.069313
 6    -2.596170    0.773154      0.041888
 7    -2.670076    0.828301      0.030389
 8    -2.723723    0.871393      0.022042
 9    -2.761639    0.896369      0.016142
10    -2.804135    0.930170      0.009530
0.500221    1.182201    
0.420519    0.851288    1.147579    1.353753    
0.378484    0.763219    0.959207    1.077985    1.285069    1.421247    
0.355713    0.720430    0.823449    0.929776    1.066563    1.244532    1.371145    1.444529    
0.408700    0.758398    0.866411    0.831505    1.033635    1.042020    1.208200    1.306021    1.364618    1.424836    
0.411630    0.818344    0.858606    0.831184    0.851387    0.984109    1.085104    1.217974    1.268024    1.263965    1.296985    1.381315    
0.330241    0.743868    0.878335    0.848508    0.850184    0.872192    1.025986    1.015208    1.191129    1.265592    1.270773    1.278384    1.308542    1.413625    
0.313491    0.658756    0.822381    0.876558    0.865211    0.870017    0.890460    1.001253    0.989329    1.134720    1.244565    1.273537    1.277150    1.291648    1.334596    1.428313    
0.323855    0.729826    0.862423    0.875063    0.854514    0.850057    0.937275    1.181106    1.351103    1.007623    1.111779    1.192399    1.236356    1.303582    1.312350    1.318746    1.322956    1.445780    
0.313407    0.685314    0.787063    0.791674    0.808431    0.839927    0.815258    0.760748    0.792567    1.106646    1.009093    1.124606    1.209353    1.264057    1.297176    1.297802    1.336136    1.382410    1.366621    1.452152    
