 6    -2.382336    2.914723    0.747040
-0.253089  -0.637147  -1.909595  -0.106139  0.001714  -0.962448  0.254333  -1.112221  0.210460  1.389632  0.656688  -0.053128  0.415673  0.704063  -0.896223  
 1    -0.755818    0.075900      0.307061
 2    -1.566053    0.315845      0.154101
 3    -1.826579    0.545857      0.104918
 4    -2.014167    0.702495      0.069504
 5    -2.186953    0.839460      0.036885
 6    -2.290892    0.923328      0.017263
 7    -2.322041    0.948572      0.011383
 8    -2.349525    0.968966      0.006194
 9    -2.357752    0.979414      0.004641
10    -2.361107    0.983436      0.004008
0.606262    1.425890    
0.558405    1.140757    1.135675    1.360283    
0.564122    1.064617    1.137066    1.055231    1.267605    1.374585    
0.504504    1.022821    1.101904    1.098123    1.038846    1.173781    1.301050    1.384727    
0.513179    0.968792    1.054173    1.115943    1.101953    1.027795    1.157872    1.203309    1.328832    1.381066    
0.474115    0.952839    1.010244    1.084554    1.129387    1.134904    1.009788    1.137296    1.194560    1.239569    1.352345    1.419728    
0.396311    0.847471    0.968259    1.017423    1.063324    1.114297    1.098398    1.017197    1.141632    1.187143    1.237135    1.287927    1.400975    1.469364    
0.385646    0.825108    0.895180    0.931169    0.927282    0.982390    1.061461    1.206265    0.997956    1.147648    1.208785    1.247827    1.305151    1.329392    1.442763    1.472277    
0.377536    0.822176    0.884865    0.932173    0.925588    0.970133    1.020384    1.216585    4.865183    0.997517    1.142333    1.207892    1.250852    1.301499    1.321832    1.445647    1.444246    0.044410    
0.376079    0.822387    0.883277    0.934255    0.921489    0.958318    0.990625    1.243184    4.992696    5.511486    0.994490    1.140829    1.208133    1.254762    1.297689    1.318304    1.440315    1.429594    0.051613    1.542333    
