 6    -2.958631    4.594650    0.530898
-0.736260  0.440260  0.731900  0.254316  -1.807715  1.053235  -2.661686  -1.076339  0.484691  0.170791  0.129711  -0.386408  1.199626  -1.070269  -1.157811  
 1    -1.185842    0.122323      0.234705
 2    -1.986649    0.286777      0.128683
 3    -2.334976    0.420411      0.082567
 4    -2.552351    0.507003      0.053789
 5    -2.665092    0.579308      0.038862
 6    -2.719951    0.628886      0.031599
 7    -2.757887    0.687660      0.026577
 8    -2.801312    0.769542      0.020828
 9    -2.852063    0.864723      0.014109
10    -2.889664    0.914575      0.009131
0.401175    1.112952    
0.396282    0.871640    1.146181    1.337343    
0.320453    0.704520    0.866592    1.145184    1.280931    1.373717    
0.307910    0.588931    0.742981    0.921126    1.138813    1.286531    1.315009    1.406517    
0.296690    0.565699    0.617408    0.856011    0.970743    1.085020    1.281635    1.306073    1.348704    1.443089    
0.274441    0.569876    0.568955    0.752267    0.931083    1.002563    1.043877    1.231776    1.319098    1.316509    1.383370    1.475234    
0.267885    0.568806    0.567872    0.649862    0.879750    1.001277    1.043965    1.007059    1.175957    1.307862    1.296679    1.321973    1.405750    1.481450    
0.280650    0.591121    0.592242    0.577586    0.779709    0.965240    1.013766    1.056989    1.005761    1.134259    1.280243    1.288094    1.277793    1.321998    1.396291    1.472504    
0.302908    0.623448    0.646759    0.576069    0.679974    0.852247    0.944857    1.009165    1.015858    1.020623    1.139364    1.240483    1.293822    1.271525    1.276559    1.302250    1.385845    1.459596    
0.279752    0.621316    0.674696    0.621249    0.626718    0.782444    0.873775    0.960568    1.007504    1.017348    1.016230    1.138009    1.226902    1.286827    1.286864    1.272439    1.274901    1.315195    1.393956    1.481394    
