 6    -2.349652    2.314472    0.099094
0.522022  0.069947  0.869230  0.424554  -0.220960  -0.632086  -0.455699  -0.681874  0.387163  -0.009748  -1.344962  -0.010275  0.704485  -1.958639  0.153709  
 1    -0.258349    0.047461      0.448381
 2    -1.957964    0.282304      0.083979
 3    -2.120483    0.345834      0.049135
 4    -2.191540    0.412310      0.033900
 5    -2.238194    0.494750      0.023897
 6    -2.266799    0.559820      0.017764
 7    -2.283366    0.604812      0.014212
 8    -2.294298    0.646667      0.011868
 9    -2.304194    0.687483      0.009746
10    -2.313849    0.716544      0.007676
0.139379    0.961635    
0.655004    1.211012    1.058335    1.309697    
0.517528    1.055826    1.248602    1.007546    1.198978    1.393365    
0.466652    0.950970    1.145555    1.343685    0.979738    1.149525    1.288802    1.444546    
0.446767    0.902614    1.067569    1.284931    1.451321    0.986159    1.129261    1.237118    1.345488    1.467852    
0.414852    0.862958    1.004730    1.188184    1.378603    1.475883    0.981876    1.136419    1.225227    1.302238    1.388916    1.487067    
0.373872    0.801446    0.948154    1.043548    1.168643    1.340199    1.440514    0.978994    1.128986    1.227954    1.300049    1.353105    1.414448    1.499719    
0.363187    0.777579    0.932802    1.041779    1.087880    1.222291    1.396810    1.515545    0.973647    1.122344    1.213186    1.294468    1.349806    1.382892    1.442967    1.518479    
0.364289    0.770633    0.912033    1.034245    1.077983    1.133180    1.316013    1.497405    1.581076    0.970517    1.123185    1.210864    1.281907    1.351813    1.378448    1.405760    1.463911    1.519881    
0.358365    0.760906    0.882716    1.014569    1.061197    1.087978    1.304757    1.533418    1.631080    1.626163    0.970339    1.123062    1.208840    1.277221    1.348255    1.380994    1.393835    1.426055    1.467142    1.519220    
