 6    -2.506018    3.203484    0.257475
-0.016842  1.193143  0.399772  -1.002405  -1.181365  -0.378506  -0.714387  -0.865035  1.730648  -0.959349  -0.173111  -1.518304  0.611202  0.386043  0.675178  
 1    -1.082127    0.161218      0.249390
 2    -1.860384    0.270875      0.113081
 3    -2.054888    0.329904      0.079014
 4    -2.178015    0.373111      0.057449
 5    -2.256884    0.418177      0.043635
 6    -2.300701    0.446063      0.035961
 7    -2.327808    0.470254      0.031213
 8    -2.343514    0.486325      0.028462
 9    -2.353934    0.501299      0.026637
10    -2.360710    0.516929      0.025450
0.678294    1.059347    
0.482900    0.957823    1.134244    1.333712    
0.408543    0.810493    0.969765    1.079862    1.269224    1.399651    
0.380474    0.745029    0.832787    1.030970    1.055969    1.236607    1.346187    1.438654    
0.364524    0.726374    0.804096    0.941588    1.207578    1.037460    1.204975    1.320743    1.382224    1.468238    
0.325046    0.670123    0.770379    0.858633    1.002168    1.179074    1.033951    1.195110    1.292314    1.366398    1.419115    1.485631    
0.301561    0.640145    0.745333    0.844410    0.897924    1.070262    1.279996    1.012055    1.173856    1.268045    1.341165    1.399263    1.431532    1.499145    
0.272369    0.583670    0.699380    0.801335    0.872604    0.903561    1.067064    1.228202    1.010309    1.164140    1.249513    1.311143    1.375271    1.417078    1.450577    1.508165    
0.264359    0.569861    0.672944    0.774934    0.843064    0.886436    0.921869    1.093956    1.258645    0.989829    1.152022    1.236065    1.294968    1.347972    1.398274    1.433402    1.461099    1.518958    
0.261459    0.581866    0.675730    0.768659    0.837211    0.880729    0.900287    0.972525    1.206174    1.370820    0.972139    1.121903    1.220023    1.273206    1.325833    1.370586    1.415384    1.433848    1.470410    1.525184    
