 6    -3.560477    1.990232    0.316832
-1.708201  -0.685090  0.474089  1.287810  -0.074869  0.118065  0.501762  1.971941  -1.543012  1.101359  0.513531  1.303107  -0.039411  -0.404673  0.646122  
 1    -1.669633    0.125978      0.340649
 2    -3.014299    0.301088      0.098398
 3    -3.199955    0.426310      0.064951
 4    -3.314270    0.543255      0.044356
 5    -3.377411    0.650878      0.032981
 6    -3.419671    0.719012      0.025367
 7    -3.457971    0.776731      0.018467
 8    -3.477415    0.802374      0.014964
 9    -3.492140    0.824551      0.012311
10    -3.502771    0.838604      0.010396
0.324423    1.199497    
0.485659    0.704081    1.032969    1.324448    
0.420026    0.666836    0.771278    0.979306    1.216571    1.405399    
0.376010    0.628165    0.742636    0.856467    0.978597    1.176926    1.316208    1.455380    
0.387273    0.643089    0.757687    0.909753    0.972994    0.948721    1.154395    1.285363    1.402059    1.485905    
0.346423    0.621096    0.726500    0.877180    0.989498    0.926418    0.957516    1.127888    1.247165    1.363158    1.438610    1.495742    
0.335661    0.592979    0.715947    0.841928    0.947453    0.997644    0.927211    0.969694    1.137156    1.235496    1.329762    1.415345    1.449007    1.496165    
0.307291    0.572261    0.694248    0.837233    0.929404    0.986964    1.033583    0.943580    0.950133    1.125198    1.221314    1.322344    1.387692    1.442774    1.467104    1.510872    
0.297878    0.561003    0.666994    0.816986    0.919601    0.969875    1.009097    1.080851    0.928489    0.939391    1.105503    1.195546    1.298854    1.375152    1.408469    1.461590    1.480492    1.512977    
0.260306    0.524050    0.631576    0.755508    0.863984    0.950303    0.968735    1.026815    1.069642    0.905372    0.944490    1.086222    1.167988    1.252033    1.343730    1.392898    1.423081    1.477017    1.480239    1.514211    
