 6    -2.062817    1.934422    0.022761
-0.923498  -0.196534  0.260503  -0.102614  -0.289689  0.713549  1.119250  -0.355867  -0.124338  0.141519  0.018409  -0.366028  0.248184  -0.044728  -1.645756  
 1    -1.244079    0.190042      0.204826
 2    -1.643725    0.309345      0.104845
 3    -1.826463    0.395401      0.059129
 4    -1.921133    0.456576      0.035446
 5    -1.987968    0.503921      0.018725
 6    -2.021976    0.523516      0.010217
 7    -2.031346    0.527237      0.007873
 8    -2.035205    0.532719      0.006908
 9    -2.037368    0.545216      0.006367
10    -2.037867    0.579251      0.006242
1.224252    1.098327    
0.821444    1.483111    1.033126    1.300479    
0.707528    1.295903    1.361373    0.974226    1.172964    1.354362    
0.633598    1.259879    1.309805    1.413399    0.908138    1.064855    1.205954    1.367499    
0.625433    1.200996    1.325710    1.402668    1.505752    0.915971    1.008409    1.105329    1.211924    1.386938    
0.572986    1.075075    1.065650    1.163487    1.235302    1.366487    0.943388    1.079495    1.159075    1.204277    1.293692    1.422593    
0.588918    1.118073    1.077567    1.145822    1.249026    1.371006    3.247104    0.920498    1.072849    1.156746    1.183037    1.265187    1.401253    0.045424    
0.575127    1.117136    1.098517    1.135193    1.230481    1.380952    3.125397    3.363444    0.924203    1.067199    1.151654    1.192677    1.252713    1.396248    0.050572    1.542984    
0.570946    1.102894    1.075816    1.113258    1.179193    1.297696    3.059601    2.886874    1.538581    0.931610    1.079113    1.160834    1.194785    1.265432    1.381951    0.058114    1.515989    1.520400    
0.561922    1.115947    1.096723    1.095229    1.182873    1.298490    2.961856    3.722495    5.919418    1.998619    0.916808    1.061490    1.160585    1.203331    1.255150    1.397422    0.093383    1.501142    1.498737    1.510669    
