 6    -3.306703    2.031307    1.028050
-1.005836  0.503446  1.199233  1.483479  -0.592821  -0.667869  -0.277927  -0.746122  -1.144461  -0.517024  -1.065586  0.040723  -0.927408  0.138031  -1.344592  
 1    -1.344612    0.209717      0.367570
 2    -2.415621    0.458416      0.166932
 3    -2.734688    0.601683      0.107159
 4    -2.963318    0.788018      0.064328
 5    -3.170082    0.921578      0.025594
 6    -3.233753    0.952188      0.013666
 7    -3.262946    0.968727      0.008197
 8    -3.274023    0.977427      0.006122
 9    -3.278536    0.981512      0.005277
10    -3.285802    0.986704      0.003916
0.998345    1.157708    
0.564803    0.877595    1.058355    1.307090    
0.475667    0.821720    0.824359    1.003163    1.227242    1.377944    
0.479435    0.786014    0.835780    0.908202    0.959311    1.135468    1.284897    1.379572    
0.454916    0.753554    0.767250    0.905534    0.855207    0.980646    1.129637    1.198489    1.302868    1.400258    
0.376340    0.679420    0.724007    0.797774    0.846685    0.823184    0.986559    1.138911    1.191028    1.257136    1.344504    1.455635    
0.338374    0.633299    0.692879    0.773027    0.792497    0.847270    0.907539    0.966863    1.124378    1.182736    1.240065    1.287822    1.400506    1.485363    
0.336365    0.619938    0.680025    0.764040    0.776749    0.839867    0.947609    2.940466    0.960347    1.115943    1.176968    1.226020    1.267521    1.379148    1.448646    0.042285    
0.328350    0.609234    0.675405    0.762697    0.788272    0.839885    0.991626    2.892671    1.574505    0.962023    1.114150    1.173123    1.219712    1.258952    1.346945    1.426499    0.069655    0.038537    
0.316138    0.593994    0.666361    0.751224    0.780860    0.819533    1.049506    2.962948    1.918877    4.812291    0.972813    1.128957    1.181110    1.226043    1.262184    1.355624    1.426992    0.105795    0.032837    0.059161    
