 6    -3.182031    3.090433    0.291947
-0.944526  -0.876067  0.826348  -0.320301  -1.080067  1.307439  -0.072256  1.633084  1.209046  -0.966583  -1.493422  -0.523997  0.003965  -0.293546  0.062105  
 1    -1.530588    0.151719      0.263285
 2    -2.496693    0.368286      0.109261
 3    -2.841698    0.470017      0.054258
 4    -2.967812    0.575754      0.034152
 5    -3.040129    0.692997      0.022623
 6    -3.075539    0.765478      0.016978
 7    -3.107429    0.846373      0.011894
 8    -3.137865    0.913265      0.007041
 9    -3.151707    0.945385      0.004834
10    -3.160815    0.956156      0.003382
0.478405    1.092827    
0.527427    0.837241    1.009243    1.229184    
0.425493    0.732114    0.759551    1.008619    1.160273    1.357206    
0.371419    0.697546    0.739267    0.881257    0.992475    1.115544    1.253527    1.425918    
0.350694    0.665669    0.732603    0.861656    0.941385    0.995094    1.113937    1.202557    1.334107    1.461090    
0.305225    0.605289    0.660787    0.781309    0.871451    0.901048    1.010577    1.142381    1.210014    1.297230    1.389084    1.482511    
0.318367    0.596167    0.636511    0.732514    0.859902    0.936945    0.984860    0.990866    1.147460    1.228380    1.313519    1.364195    1.420222    1.490228    
0.314307    0.617189    0.617308    0.685909    0.811743    1.020289    1.040199    0.997521    0.984140    1.128006    1.237702    1.324792    1.383240    1.414222    1.433785    1.488810    
0.290668    0.599153    0.616528    0.643846    0.778602    0.988341    1.198024    1.051926    1.058640    0.970046    1.111283    1.233489    1.303959    1.365450    1.424027    1.442609    1.448057    1.502980    
0.264954    0.549883    0.621694    0.675769    0.696013    0.859432    1.048553    1.132369    1.012705    0.995705    0.979971    1.112790    1.190552    1.296805    1.363589    1.418158    1.457917    1.448557    1.464963    1.511386    
