 6    -3.194714    2.862646    0.235454
-1.105140  -1.607770  -1.264305  -0.061869  -0.944557  -1.679209  -0.822992  -0.049193  -0.700455  0.428230  -1.542561  0.340174  1.443574  -0.181025  0.498420  
 1    -1.426609    0.111346      0.291894
 2    -2.562797    0.251302      0.104322
 3    -2.742321    0.328412      0.074685
 4    -2.854359    0.386174      0.056189
 5    -2.955002    0.448404      0.039574
 6    -3.029842    0.511168      0.027218
 7    -3.058566    0.544065      0.022476
 8    -3.074110    0.585231      0.019910
 9    -3.091961    0.652886      0.016963
10    -3.108139    0.749209      0.014293
0.316158    1.050560    
0.472758    0.768716    1.038990    1.334186    
0.436413    0.756512    0.893752    1.006539    1.219276    1.412950    
0.378069    0.668482    0.803988    0.863725    1.010241    1.188273    1.307034    1.434969    
0.372518    0.657357    0.755548    0.861529    0.903066    0.968058    1.162063    1.263002    1.323713    1.433593    
0.355184    0.628374    0.729438    0.825078    0.899266    0.888153    0.973340    1.149089    1.254203    1.310231    1.349932    1.455821    
0.300242    0.572909    0.682233    0.779599    0.841126    0.890451    0.910695    0.981808    1.135903    1.229079    1.290037    1.339359    1.394026    1.491482    
0.288720    0.565028    0.667735    0.760730    0.820199    0.883157    0.989283    1.011991    0.957508    1.116831    1.207082    1.266391    1.319780    1.378747    1.446075    1.511126    
0.293888    0.580949    0.676357    0.760259    0.808571    0.864623    0.984341    1.141825    1.031211    0.962953    1.109638    1.198676    1.253395    1.306623    1.362407    1.433286    1.471787    1.509082    
0.312120    0.581622    0.671424    0.772539    0.828485    0.816469    1.071456    1.101931    2.781395    2.684760    0.980614    1.120989    1.227179    1.275614    1.309725    1.388769    1.454211    1.453979    1.486846    1.506021    
