 6    -3.356745    2.038275    0.363140
0.865590  -0.505806  0.978056  0.089766  -0.313105  -0.997138  -0.062213  -0.719255  0.387988  0.285235  -2.107092  1.542011  -0.122495  -0.217374  1.046019  
 1    -1.982613    0.242614      0.254704
 2    -2.767326    0.325058      0.109253
 3    -2.948389    0.362489      0.075691
 4    -3.046140    0.410019      0.057573
 5    -3.104755    0.463209      0.046708
 6    -3.137105    0.532212      0.040712
 7    -3.190119    0.714288      0.030885
 8    -3.255996    0.861218      0.018674
 9    -3.290922    0.893190      0.012201
10    -3.309206    0.907592      0.008812
0.685557    1.191268    
0.569826    0.766014    1.017895    1.293955    
0.407705    0.700707    0.774849    0.972429    1.169104    1.372571    
0.406792    0.692595    0.774248    0.942650    0.946751    1.126444    1.271694    1.443902    
0.359755    0.669013    0.760488    0.911883    0.990886    0.944420    1.098475    1.222229    1.356790    1.477215    
0.343332    0.647569    0.747922    0.886876    0.991015    1.077555    0.915505    1.060446    1.168890    1.287929    1.400963    1.492511    
0.444650    0.735418    0.819626    0.964580    0.996661    1.116926    1.109097    0.932085    1.069449    1.160436    1.241373    1.331676    1.379899    1.455410    
0.394614    0.697330    0.847983    1.036775    1.026039    1.019766    1.006651    0.982765    0.981112    1.109385    1.232297    1.282640    1.289024    1.296475    1.314463    1.431216    
0.365280    0.667566    0.784936    0.984558    1.055675    1.061329    1.010526    0.992001    1.037231    0.961582    1.098996    1.201661    1.298596    1.318760    1.314839    1.314859    1.355932    1.474827    
0.321590    0.640748    0.745876    0.906927    1.015153    1.052226    1.016390    0.964579    0.989158    1.036521    0.960727    1.088747    1.181037    1.282182    1.336940    1.341345    1.329397    1.342031    1.399907    1.493071    
