 6    -2.068765    3.431131    0.286500
1.011944  0.346745  -0.230357  -0.433349  -0.627075  0.791468  -0.598915  -0.869797  -0.788798  -0.724587  -0.092965  -1.456969  0.201143  -0.592222  0.822629  
 1    -0.850318    0.163275      0.221540
 2    -1.424707    0.307970      0.117104
 3    -1.634312    0.381310      0.078993
 4    -1.783782    0.489459      0.051816
 5    -1.858110    0.546101      0.038302
 6    -1.892666    0.583818      0.032019
 7    -1.926752    0.643990      0.025821
 8    -1.955440    0.716134      0.020605
 9    -1.980760    0.780031      0.016001
10    -2.000183    0.852857      0.012470
1.001283    1.210320    
0.614427    1.241303    1.122719    1.281704    
0.452925    0.913059    1.086758    1.132840    1.269478    1.363781    
0.499522    0.856276    0.935453    1.388887    1.083423    1.254118    1.314672    1.404907    
0.462876    0.898831    0.862574    1.205598    1.474898    1.057425    1.201389    1.307461    1.349647    1.442318    
0.417841    0.891414    0.899698    1.012995    1.389676    1.610436    1.023496    1.159765    1.289605    1.321573    1.373641    1.476047    
0.425647    0.861938    0.943542    1.014494    1.126929    1.429669    1.593850    1.029259    1.146112    1.253174    1.307042    1.341343    1.395570    1.468567    
0.414047    0.894784    0.969848    1.026415    1.092932    1.224120    1.467278    1.578447    1.018315    1.126124    1.238289    1.293085    1.309602    1.351749    1.389979    1.472294    
0.383005    0.849390    1.001843    1.077221    1.054453    1.147762    1.285164    1.490117    1.621694    1.028804    1.125117    1.207862    1.285962    1.314953    1.324356    1.346731    1.393986    1.476718    
0.387380    0.858245    1.032073    1.125558    1.043085    1.118171    1.248359    1.328782    1.545388    1.600225    1.013580    1.104727    1.192840    1.274735    1.319576    1.315965    1.306650    1.334534    1.386695    1.474694    
