 9    -6.337609    4.675609    0.216753
-1.347907  0.938718  1.021825  0.788287  -2.600565  0.373243  -1.052956  0.132503  0.415469  -0.735163  2.955965  1.631560  -0.638114  -1.002116  -0.091526  -0.602506  -0.684845  -0.295842  0.911793  0.673155  0.771728  0.885360  -0.357356  0.310439  -0.297568  0.015547  -0.755597  1.064481  1.147830  -0.308416  0.280121  -0.869412  -0.171759  -3.018073  -0.884095  -0.436185  
-0.300000  1.000000  1.000000  1.000000  1.000000  1.000000  1.000000  1.000000  1.000000  
 1    -0.521870    0.003476      0.471931   2850.000000      0.625540
 2    -0.826613    0.002133      0.499602   5373.000000      1.543917
 3    -0.916355    0.002874      0.507750   8770.000000      2.822019
 4    -1.155806    0.013196      0.529492   12928.000000      4.777338
 5    -1.261385    0.029019      0.539079   18479.000000      8.214710
 6    -1.299005    0.027053      0.542495   24905.000000     11.806656
 7    -1.378363    0.012131      0.549701   32646.000000     17.222950
 8    -1.599196    0.025476      0.569752   43373.000000     26.602661
 9    -1.508166    0.003187      0.561487   55164.000000     38.534617
10    -1.627979    0.013868      0.572366   73283.000000     59.956908
1.381724    0.856431    
1.243371    1.621549    0.792666    1.211344    
1.289643    1.604332    1.521051    0.810004    1.239883    0.160723    
1.177907    1.599979    5.250660    2.943009    0.801818    1.262609    1.505247    0.312753    
1.196647    1.636693    1.854889    6.283185    0.963150    0.768921    1.258435    0.045132    0.333381    0.202382    
1.190595    1.629557    1.585173    3.631867    2.936015    0.987155    0.770299    1.257954    0.050144    1.524025    0.327170    0.198328    
1.211998    1.641821    1.607148    3.555726    2.982699    0.993914    1.998439    0.759996    1.262533    0.055925    1.512513    0.301501    0.225891    0.131955    
1.218606    1.782663    0.384147    1.386849    4.473883    1.764640    1.046476    1.573447    0.750544    1.212890    0.195283    0.081251    1.505019    0.309325    0.172255    0.123789    
1.121295    1.664642    1.347716    1.238352    5.885520    4.283943    4.996400    4.509762    2.145008    0.795416    1.187513    0.191700    1.481629    0.092940    1.527445    1.442471    0.300366    1.480433    
1.112478    1.600995    1.535752    1.149683    5.437748    4.442786    5.269042    4.432494    1.561450    0.523938    0.802887    1.206780    0.153454    1.538962    0.117073    1.502078    1.456845    0.284475    0.159580    1.394893    
