 9    -5.708878    5.266662    0.239176
0.120886  0.610718  -0.940969  -1.296675  -0.444179  -1.381420  0.602617  -0.815498  1.472935  -0.054761  0.049716  -1.540904  -1.109380  -1.381756  3.932359  -0.255963  1.355360  -0.172457  -0.880102  0.905413  0.530236  0.473998  -0.589417  -0.877020  0.452247  -2.293872  0.450996  -0.950069  1.582639  -1.208071  0.558386  -0.141408  -1.126877  -0.168347  1.173746  0.844190  
-0.300000  1.000000  1.000000  1.000000  1.000000  1.000000  1.000000  1.000000  1.000000  
 1    -0.229103    0.004612      0.500728   2670.000000      0.596937
 2    -0.469833    0.006999      0.522662   5813.000000      1.625939
 3    -0.652288    0.007016      0.539285   9685.000000      3.022488
 4    -0.657465    0.007910      0.539757   14611.000000      4.978391
 5    -0.891461    0.009631      0.561077   20195.000000      7.859951
 6    -0.972112    0.006716      0.568425   29241.000000     14.110348
 7    -1.073432    0.004439      0.577657   36609.000000     19.558557
 8    -1.137576    0.040790      0.583501   49405.000000     30.797745
 9    -1.298549    0.002202      0.598167   57971.000000     39.080760
10    -1.314611    0.014328      0.599631   75133.000000     60.468803
0.331177    1.261614    
0.289137    0.676231    1.191301    1.322398    
4.855868    5.142529    2.989697    0.681342    0.185332    0.427818    
0.256933    0.569623    0.531390    2.673587    1.202859    1.328700    1.381514    0.133405    
4.918098    5.185416    2.824213    5.165958    2.325166    0.538745    0.386567    0.256026    0.280123    1.279842    
0.287379    0.675712    0.633291    3.074831    5.241318    2.952461    1.205025    1.328999    1.337925    0.036866    0.105213    1.249470    
0.287590    0.646469    0.639517    3.021678    6.166610    1.991081    1.678488    1.227117    1.325507    1.360232    0.076740    1.426034    1.286742    1.438485    
4.754469    3.502065    3.375059    5.296763    4.524400    5.644079    3.997439    5.451068    0.229805    1.248438    0.294154    0.369767    0.264653    0.314147    1.182163    0.191475    
4.916674    5.194332    2.875742    3.438462    4.791467    3.576791    1.189971    2.089530    4.258274    0.615975    0.242347    0.505773    0.390141    1.161896    1.357697    1.269028    1.296906    0.168360    
0.349475    0.649198    0.618575    3.534400    5.652370    2.080140    5.929927    2.527543    3.465435    3.673583    1.199533    1.247552    1.307126    0.083107    0.099660    1.200747    0.087088    1.305846    0.159977    0.430968    
