 9    -4.584447    4.876279    0.263283
0.659883  0.275174  0.023310  -0.031400  -0.488760  1.769949  -1.057899  0.536744  0.252211  -0.359362  -1.231819  -1.621168  -1.835555  -0.398626  -1.042137  -1.006256  -0.611754  -0.682057  2.505280  1.717893  -0.361545  -1.074668  0.387961  -0.375003  1.636920  -0.270384  0.058092  1.352443  0.595227  1.041111  0.006024  0.096811  -0.832191  1.264057  1.087144  -0.365222  
-0.300000  1.000000  1.000000  1.000000  1.000000  1.000000  1.000000  1.000000  1.000000  
 1    -0.488698    0.014982      0.567079   3009.000000      0.658141
 2    -0.595396    0.029137      0.578357   6518.000000      1.868036
 3    -0.787852    0.035002      0.598699   9590.000000      3.035587
 4    -0.941730    0.016056      0.614964   13300.000000      4.826223
 5    -1.071627    0.048113      0.628694   19562.000000      7.915959
 6    -1.156959    0.041337      0.637714   25917.000000     11.720991
 7    -1.302743    0.021498      0.653123   32824.000000     17.407121
 8    -1.240650    0.077855      0.646560   41486.000000     24.674909
 9    -1.305361    0.139292      0.653400   53059.000000     37.591100
10    -1.518881    0.007929      0.675969   65503.000000     52.965911
1.349899    0.693211    
1.345588    2.688620    0.698203    0.223457    
1.338972    2.087553    0.714649    0.590491    1.305803    0.264869    
1.331174    1.496895    4.117982    4.559163    0.785156    1.299961    1.465194    0.244424    
1.350264    1.325034    4.607193    4.154359    3.518963    0.777308    1.250828    1.368039    0.148275    1.339059    
1.353145    1.324110    4.608044    4.128023    3.552783    0.971551    0.779735    1.222500    1.349699    0.148798    1.360122    1.432448    
1.346391    1.284981    0.282770    3.843033    3.015166    5.494401    3.753420    0.699031    1.029196    0.445304    1.478106    0.173806    1.350750    0.228060    
1.388905    1.240086    4.643083    4.071580    3.656266    5.804790    5.512566    5.531241    0.728386    1.274387    1.357357    0.142779    1.306659    0.221872    0.151987    1.488402    
1.346785    4.020072    5.600911    3.963732    1.056892    2.708297    3.291271    1.836605    2.414834    0.756744    0.053905    0.299409    1.356998    1.319202    0.227138    0.062010    1.458872    0.153740    
0.486981    2.720121    0.741939    2.627253    6.100726    2.580244    5.871759    5.430709    0.868384    1.204009    0.594742    0.000000    0.090199    0.199055    1.426917    1.454677    1.462613    0.171871    0.138548    1.348886    
