 9    -5.021029    5.999711    0.028052
-0.337545  -0.225671  -0.825266  -1.519911  0.236885  -0.567556  1.783642  0.438508  -0.234935  0.649691  0.120339  -1.428240  -0.086604  1.572401  0.256997  0.257998  0.610064  -0.238371  -0.607507  0.311573  1.282436  2.512872  -0.260945  0.680088  -0.107376  -0.015426  1.702213  -0.941800  -0.734058  -0.195777  0.768347  0.857076  -1.473879  -1.988438  -0.563131  1.071466  
0.321102  -0.143084  0.097700  -0.682779  0.232803  -0.222744  0.239655  0.233577  -0.264692  
 1    -2.514713    0.234908      0.772582   3282.000000      0.662599
 2    -3.839632    0.553478      0.892802   6963.000000      1.807430
 3    -4.454527    0.735030      0.948597   11615.000000      3.466308
 4    -4.800037    0.853585      0.979948   18380.000000      6.137051
 5    -4.909858    0.911496      0.989913   27886.000000     10.892289
 6    -4.955916    0.935251      0.994092   44285.000000     21.376539
 7    -4.981939    0.975101      0.996453   66274.000000     38.128088
 8    -5.007954    0.991359      0.998814   97562.000000     65.897170
 9    -5.014958    0.995139      0.999449   130245.000000     97.529146
10    -5.017208    0.996971      0.999653   215492.000000    190.786920
5.282944    0.605307    
3.222197    4.154640    0.633053    0.404198    
2.815801    3.161533    3.753813    0.633384    0.457795    0.269050    
2.477217    3.170186    2.982090    3.810762    0.657263    0.518309    0.341804    0.222672    
2.192231    2.729994    2.534712    2.932184    3.228604    0.619882    0.466089    0.383961    0.245844    0.160430    
1.489260    2.732506    2.606519    2.596103    2.925631    3.374467    0.652420    0.506752    0.419434    0.337863    0.223517    0.122601    
1.669280    2.613798    2.599807    2.683988    3.025448    3.226796    4.377911    0.615825    0.492651    0.422010    0.319803    0.259604    0.139416    0.069242    
1.417810    2.543089    2.484472    2.525502    2.755395    3.123180    3.327770    3.962815    0.645306    0.491380    0.423816    0.357682    0.275391    0.223717    0.105111    0.074835    
1.320777    2.310826    2.267919    2.308001    2.466835    2.780030    2.867471    3.398101    3.385949    0.632518    0.464242    0.405795    0.353874    0.295518    0.228358    0.175577    0.087978    0.063942    
1.218679    2.149398    2.211839    2.232012    2.329627    2.538625    2.732761    3.009193    3.476531    3.418022    0.623042    0.460284    0.409636    0.354290    0.307291    0.244618    0.196329    0.135619    0.084261    0.037972    
