 9    -6.678900    4.517292    0.894520
-0.277191  -1.145218  1.062622  -0.870811  -1.755050  -1.015249  1.560385  0.481436  -1.006437  1.485005  -0.585905  -0.851112  0.591227  1.385524  1.787364  0.401825  0.404999  0.073697  0.025266  0.675647  1.116530  0.599057  1.417557  -0.488025  0.220577  -0.609157  0.015882  1.153928  0.627370  0.311363  1.364681  -0.776396  0.551247  0.156636  1.109462  0.377343  
-0.300000  1.000000  1.000000  1.000000  1.000000  1.000000  1.000000  1.000000  1.000000  
 1    -0.391071    0.005766      0.438396   2676.000000      0.588813
 2    -0.415841    0.009352      0.440608   5559.000000      1.564316
 3    -0.505399    0.009637      0.448607   9382.000000      3.088185
 4    -0.611115    0.002581      0.458049   13773.000000      4.827677
 5    -0.697516    0.009893      0.465766   17935.000000      7.377095
 6    -0.822440    0.047827      0.476924   24646.000000     11.326236
 7    -0.873289    0.064968      0.481466   34289.000000     19.013317
 8    -1.008534    0.022085      0.493545   41360.000000     25.010431
 9    -1.134659    0.014438      0.504810   53887.000000     37.450840
10    -1.240041    0.038863      0.514222   75938.000000     64.945854
0.271589    1.339703    
0.259507    6.283185    1.338627    0.121364    
5.889620    2.937714    4.701735    0.270398    1.211773    0.343507    
5.189294    1.915687    5.183997    0.629437    0.905806    0.278854    1.164892    1.333667    
5.182796    2.064103    2.139367    2.882148    0.777956    0.887529    0.294139    1.416087    1.142061    1.375225    
5.129676    1.786457    5.334137    0.717204    0.882072    3.018394    0.952539    0.301411    1.154475    1.344384    1.253957    1.373739    
5.133875    1.793515    5.423440    0.723799    0.784278    3.174996    5.593235    0.906597    0.285103    1.156872    1.366641    1.198382    1.310454    0.188189    
5.233602    1.861788    0.887713    4.317571    3.125221    0.406463    2.065431    3.552239    0.885831    0.331414    1.280437    1.023573    1.053871    0.473624    0.121990    0.250086    
5.123958    4.057425    5.773010    5.130172    1.339388    3.953227    3.033506    4.703472    3.693089    0.750543    1.444244    0.493481    1.312411    1.280312    0.461690    0.146526    1.425482    0.152903    
5.133103    1.658464    5.431878    0.744798    1.030680    2.854246    5.905076    1.497743    5.173302    4.990993    0.952144    0.184476    1.269229    1.345236    1.252383    1.256608    0.106183    1.289261    0.129486    0.257822    
