 9    -4.669465    5.944687    0.217433
0.441145  -0.576500  -1.269955  -2.450535  1.899251  -0.074970  -0.255748  -0.274553  -0.856710  0.858997  0.574482  0.136117  -0.110739  0.963468  0.789986  -0.354507  0.655454  -1.442845  0.516226  1.165711  -0.683643  -0.198090  0.540971  0.441133  0.138034  -0.057272  -1.105156  0.767905  0.516581  -0.796075  -0.164653  -1.025493  -0.558958  1.935090  1.185729  0.401918  
0.247835  -0.188547  -0.807774  0.193817  0.257959  -0.083389  -0.273373  0.251016  0.287942  
 1    -2.358356    0.214468      0.782262   3435.000000      0.697808
 2    -3.449450    0.515173      0.885058   7017.000000      1.773751
 3    -3.980319    0.666649      0.935073   12367.000000      3.607344
 4    -4.364356    0.792960      0.971255   18931.000000      6.239073
 5    -4.491251    0.857682      0.983210   28489.000000     11.502258
 6    -4.559996    0.890540      0.989687   41844.000000     19.711908
 7    -4.590715    0.926833      0.992581   63616.000000     36.231262
 8    -4.630759    0.970946      0.996353   88581.000000     59.585343
 9    -4.646728    0.984468      0.997858   129333.000000    102.082318
10    -4.658816    0.995393      0.998997   176213.000000    148.918871
4.922183    0.666736    
2.721011    3.398087    0.558413    0.416586    
2.364985    2.702993    3.340036    0.603103    0.438819    0.267252    
2.106046    2.698160    2.507078    3.408707    0.642081    0.505988    0.320819    0.247946    
1.760946    2.370051    2.291761    2.632888    2.803429    0.612283    0.473092    0.395670    0.239803    0.179724    
1.346462    2.375862    2.279933    2.314592    2.576680    2.913794    0.647801    0.497554    0.415593    0.337312    0.209842    0.137802    
1.368732    2.282305    2.256221    2.330448    2.509748    2.778262    3.380878    0.626980    0.494093    0.420581    0.335987    0.271297    0.156773    0.080321    
1.307070    2.304936    2.254660    2.312654    2.487902    2.815356    2.923188    3.480454    0.652341    0.489639    0.421482    0.351956    0.260172    0.231013    0.092749    0.095408    
1.242667    2.118399    2.115670    2.191723    2.324077    2.684503    2.692300    3.313422    2.849868    0.639114    0.469588    0.412933    0.351735    0.283279    0.228709    0.168382    0.091465    0.073987    
1.222756    2.146931    2.098185    2.144848    2.285908    2.647589    2.565884    3.467800    2.547497    4.108130    0.643840    0.470268    0.409286    0.353655    0.279918    0.237383    0.160794    0.131666    0.080720    0.053947    
