 9    -4.084453    4.714117    0.297318
0.222694  0.208597  0.246924  0.946107  -0.909334  0.788368  -0.080894  1.422173  0.389988  0.123607  -1.079835  -0.395403  -0.699981  0.098276  0.313446  -0.796713  -0.589850  0.162628  -1.607047  -0.144173  0.291914  0.891598  0.976966  0.342951  -0.024824  0.176076  1.167915  2.243864  0.088625  0.392199  -1.642576  -0.350080  0.797930  -0.704644  1.104562  0.065223  
-0.361490  0.177514  -0.232416  -0.162732  0.298568  -0.297189  -0.307845  -0.181139  0.321946  
 1    -2.177757    0.333180      0.783295   3489.000000      0.700055
 2    -3.291098    0.672277      0.909831   7170.000000      1.863643
 3    -3.880857    0.899661      0.976860   12394.000000      3.664947
 4    -4.020121    0.950884      0.992688   19835.000000      6.977569
 5    -4.051584    0.966928      0.996264   36916.000000     16.086831
 6    -4.073288    0.994802      0.998731   49357.000000     24.570648
 7    -4.081291    0.998276      0.999641   90680.000000     56.788022
 8    -4.082965    0.998830      0.999831   139415.000000    100.388242
 9    -4.083370    0.999439      0.999877   189463.000000    150.288832
10    -4.083485    0.999533      0.999890   188538.000000    151.910570
5.515973    0.560786    
4.366713    5.368270    0.788036    0.409765    
3.945775    3.981657    4.405194    0.733133    0.531574    0.300819    
2.738164    3.545296    3.585413    3.970839    0.646185    0.560982    0.416544    0.217131    
1.811859    3.559893    3.203659    3.456721    3.925073    0.690491    0.560317    0.473029    0.364865    0.170189    
1.868321    3.357835    3.168057    3.483020    3.883981    4.990747    0.664242    0.544540    0.482391    0.385094    0.253820    0.083703    
1.555311    2.993869    2.944136    2.999474    3.286273    3.718382    4.738585    0.670491    0.523145    0.470449    0.404032    0.319149    0.207346    0.081293    
1.448796    2.733356    2.680738    2.576590    2.583920    2.814474    3.399539    4.455808    0.658705    0.497942    0.433750    0.369006    0.300626    0.247147    0.172049    0.073777    
1.499503    2.800496    2.723596    2.613060    2.618067    2.825818    3.399909    4.319877    5.057989    0.664146    0.502941    0.438915    0.371022    0.304123    0.256971    0.187777    0.107608    0.021654    
1.476496    2.744793    2.700435    2.627094    2.680367    2.889935    3.441032    4.666217    4.768661    6.215386    0.658205    0.500030    0.437162    0.377982    0.308754    0.249897    0.176003    0.073538    1.551359    1.551806    
