 9    -5.246688    6.573189    0.005203
0.238444  0.083739  -0.285309  0.820320  2.772535  1.922071  0.717749  0.194126  -1.362224  1.075911  0.656403  0.149734  0.320614  0.914567  -1.547847  2.150050  0.871377  -0.892210  0.312259  0.446726  -0.424200  1.268882  -0.513329  0.799139  1.440468  0.658850  0.837964  -0.497161  0.986576  -0.773761  -0.411618  -0.228449  -0.773643  1.023479  0.746771  -2.181157  
-0.164665  0.110572  0.799962  -0.134963  0.129484  0.168289  0.153074  0.132918  0.254603  
 1    -2.441314    0.237867      0.762656   3132.000000      0.620207
 2    -3.995807    0.617796      0.894171   6991.000000      1.754658
 3    -4.532373    0.796522      0.939567   11825.000000      3.348430
 4    -4.886316    0.877830      0.969511   19397.000000      6.595351
 5    -5.110725    0.955098      0.988497   29010.000000     11.778769
 6    -5.194105    0.979591      0.995551   45586.000000     22.519978
 7    -5.226539    0.990417      0.998295   65514.000000     36.289875
 8    -5.235735    0.994090      0.999073   102953.000000     69.741808
 9    -5.242188    0.998505      0.999619   148732.000000    113.541609
10    -5.244803    0.999329      0.999841   234478.000000    208.062332
6.283185    0.607932    
4.608009    5.170742    0.464201    0.418096    
3.514851    4.619925    4.136282    0.501055    0.364822    0.245132    
3.289368    4.389428    4.102590    5.270551    0.616970    0.480188    0.262789    0.243992    
3.026172    3.842783    3.641418    4.576199    4.074909    0.591660    0.456802    0.353934    0.200581    0.188506    
2.142448    3.666980    3.610301    3.753814    4.308506    4.252152    0.590901    0.470690    0.396007    0.302558    0.188255    0.146986    
1.934765    3.365770    3.340454    3.524453    3.661601    4.432708    4.111237    0.610307    0.449984    0.391009    0.335657    0.261762    0.159837    0.107665    
1.813483    3.051179    3.098701    3.222195    3.379546    3.657408    4.225985    4.009953    0.592618    0.431339    0.380661    0.324678    0.285472    0.205370    0.131492    0.075713    
1.755010    3.096241    3.153489    3.230453    3.350738    3.726416    3.952124    4.179037    5.039744    0.602238    0.438761    0.386105    0.335059    0.290809    0.217117    0.188512    0.074390    0.060213    
1.606067    2.771889    2.911248    3.003535    3.138584    3.328253    3.712925    3.831516    4.604370    4.526129    0.586881    0.417844    0.373554    0.330661    0.298754    0.239529    0.197859    0.156860    0.060918    0.053485    
