 9    -5.971557    6.923384    0.486260
-0.452566  0.701203  -1.493780  -1.275922  1.342529  -2.134132  -1.496720  -1.305306  0.828734  0.154989  0.275923  1.852512  -0.828546  0.056397  0.562527  0.047985  0.905175  1.409930  -0.323823  -0.165668  -0.018118  0.307362  -0.945166  -2.021812  -0.190764  -1.968996  0.411619  -1.887392  -0.508471  -1.421473  1.122714  -1.617291  -0.288227  1.458641  0.854792  -0.048910  
-0.300000  1.000000  1.000000  1.000000  1.000000  1.000000  1.000000  1.000000  1.000000  
 1    -0.187571    0.007355      0.551453   2598.000000      0.571780
 2    -0.412520    0.003322      0.568898   5281.000000      1.487200
 3    -0.622188    0.009221      0.585158   8838.000000      2.817506
 4    -0.607862    0.005161      0.584047   13615.000000      4.733426
 5    -0.929695    0.025071      0.609005   18742.000000      7.575736
 6    -0.977045    0.030005      0.612677   26572.000000     12.343847
 7    -2.065271    0.003000      0.697068   32557.000000     17.554189
 8    -1.298495    0.008127      0.637605   42997.000000     25.748456
 9    -1.406342    0.000379      0.645969   58184.000000     40.600469
10    -1.255337    0.031050      0.634258   70046.000000     57.498416
0.327692    1.187717    
3.639680    0.452064    1.029586    0.876006    
3.792291    1.325023    4.492710    1.172771    0.571807    0.390030    
0.309845    0.624254    3.995081    3.500043    1.236141    1.277753    1.306368    0.126547    
0.451075    3.970961    3.724149    1.845803    4.287265    1.031953    1.230862    0.437233    0.286482    1.286866    
0.452059    3.966673    3.718239    1.855805    4.126327    0.469612    1.034663    1.238310    0.452298    0.280262    1.387906    1.392546    
0.428896    0.835539    6.147444    1.255969    0.872675    1.698821    5.643486    0.760979    1.265822    1.360514    1.378233    0.137253    1.345334    1.336767    
4.685356    2.121154    3.466334    1.830023    2.943835    3.110725    2.164766    0.800017    0.317947    0.328206    0.370307    1.386685    1.248745    0.329334    0.208770    1.445814    
4.723257    2.110049    3.536355    1.903330    2.844300    3.029865    2.244960    1.149902    3.073608    0.331117    0.298596    0.406752    1.400624    1.266812    0.191225    0.213078    1.438117    1.337537    
0.725074    0.411012    3.806375    5.208810    4.004238    2.648528    3.982702    4.368857    5.771521    6.073060    1.368195    1.231358    1.318541    1.433196    1.278557    0.512125    0.145144    1.322871    0.157327    1.396174    
