 9    -5.115162    6.708566    0.058519
-0.000432  -1.841434  -0.203556  -0.624784  -1.219408  -1.390574  -1.150531  0.491366  0.054424  0.097679  0.567014  -0.634688  -0.084317  2.237933  1.307675  -0.653678  0.796986  0.879571  1.715826  -0.195418  -0.504751  1.175331  -1.889992  0.104471  -0.910703  -0.366799  -3.151341  0.559314  1.007451  0.443932  -0.758146  -1.414866  1.207394  -0.785814  -1.332247  -1.326884  
-0.281292  0.215415  -0.288284  -0.177657  0.331382  0.425675  -0.175158  -0.213729  -0.337006  
 1    -2.593894    0.293176      0.786762   3153.000000      0.634047
 2    -4.099193    0.654453      0.914074   6909.000000      1.742002
 3    -4.838660    0.894447      0.976615   11484.000000      3.313993
 4    -5.001391    0.944910      0.990378   18866.000000      6.274518
 5    -5.052640    0.978782      0.994712   28006.000000     10.921187
 6    -5.092119    0.990922      0.998051   50066.000000     25.033635
 7    -5.107229    0.995059      0.999329   79054.000000     47.425604
 8    -5.110827    0.996978      0.999633   144515.000000    107.465401
 9    -5.112780    0.998864      0.999799   217711.000000    184.692152
10    -5.114215    0.999529      0.999920   299114.000000    273.972867
5.478744    0.578470    
3.955514    5.262705    0.800775    0.452739    
3.401429    3.498617    4.118764    0.709708    0.523692    0.309054    
2.531526    3.023532    3.134881    3.686578    0.629882    0.528232    0.392752    0.213205    
2.353984    3.083199    3.029664    3.439766    4.290013    0.641505    0.542127    0.418961    0.298705    0.096287    
1.561236    2.971050    2.893685    2.995609    3.451786    4.303654    0.676972    0.552138    0.482431    0.382558    0.269339    0.093335    
1.406563    2.664665    2.641519    2.634708    2.898419    3.309018    4.182483    0.677779    0.529509    0.461949    0.401076    0.319975    0.217256    0.085748    
1.300598    2.380712    2.417430    2.394398    2.407101    2.636645    3.094041    3.919889    0.661177    0.504008    0.443276    0.383517    0.319151    0.257197    0.177729    0.074972    
1.204842    2.237078    2.392858    2.373639    2.355354    2.423442    2.719734    3.248026    3.871148    0.657381    0.519218    0.456928    0.395620    0.341478    0.284807    0.231491    0.152459    0.055386    
1.115565    2.117319    2.337296    2.343514    2.346269    2.382296    2.536097    2.933487    3.543091    4.173620    0.645305    0.517835    0.457978    0.404271    0.355707    0.299246    0.255400    0.201064    0.122980    0.036099    
