 9    -7.727360    5.682574    1.160774
-0.994205  -0.671251  -0.887883  0.195603  1.382997  0.888781  -0.060407  -0.573972  0.071070  -1.079800  1.842317  -1.375264  1.536962  1.111330  0.582643  0.988356  0.304395  -0.174480  0.961648  -1.968457  2.608949  1.927321  -0.187514  1.218037  -2.363810  1.078523  1.704040  -1.534157  1.152590  -0.030215  -0.203973  -0.700638  -0.231525  0.013304  0.164172  -0.133719  
-0.300000  1.000000  1.000000  1.000000  1.000000  1.000000  1.000000  1.000000  1.000000  
 1    -0.319440    0.000487      0.447580   2838.000000      0.621278
 2    -0.413076    0.004454      0.454562   5445.000000      1.545838
 3    -0.617739    0.014621      0.469824   9386.000000      3.018806
 4    -0.811931    0.004817      0.484306   14020.000000      4.948660
 5    -0.935147    0.004043      0.493494   18962.000000      7.418638
 6    -0.963322    0.006193      0.495595   24716.000000     10.932318
 7    -1.042244    0.032854      0.501480   32580.000000     17.010444
 8    -1.260322    0.040302      0.517743   40814.000000     24.260860
 9    -1.330269    0.015093      0.522959   49593.000000     32.570380
10    -1.509755    0.064545      0.536343   59578.000000     46.969587
4.271564    0.673625    
4.206976    4.855162    0.729890    1.304646    
4.716866    1.899823    6.073915    0.536753    0.290815    0.309261    
0.362201    0.857598    0.636761    4.019900    1.291118    1.305074    1.335371    1.297014    
0.344439    0.797116    0.661647    4.054824    3.400022    1.265035    1.307753    1.354799    1.305274    0.169418    
0.350028    0.807267    0.664319    4.031796    3.437789    3.570157    1.261297    1.316971    1.362108    1.292219    0.192463    1.480127    
4.210660    4.123238    3.861746    5.750001    4.312030    4.610040    2.070434    0.849137    0.062166    1.180171    0.115134    1.198376    1.322647    1.374451    
4.152178    4.702642    0.648062    2.779107    3.981967    0.669094    3.414465    4.877105    0.855755    1.144057    0.285360    1.051813    1.346982    1.341146    1.104309    0.393880    
0.154830    0.605436    0.919247    4.011203    3.604581    3.078597    5.122225    0.926166    2.721901    1.192556    1.431043    1.202371    1.232937    0.171552    1.465603    1.433134    0.265096    1.318304    
4.311615    2.334758    0.233697    5.646004    5.379304    3.954296    3.908822    5.804672    5.659127    4.442338    0.917526    0.711275    0.838603    1.108916    0.138807    1.204880    1.485424    0.198393    0.410344    0.167156    
