 9    -5.708878    5.266662    0.239176
0.120886  0.610718  -0.940969  -1.296675  -0.444179  -1.381420  0.602617  -0.815498  1.472935  -0.054761  0.049716  -1.540904  -1.109380  -1.381756  3.932359  -0.255963  1.355360  -0.172457  -0.880102  0.905413  0.530236  0.473998  -0.589417  -0.877020  0.452247  -2.293872  0.450996  -0.950069  1.582639  -1.208071  0.558386  -0.141408  -1.126877  -0.168347  1.173746  0.844190  
-0.272251  0.241576  -0.147937  -0.219648  -0.204362  0.866365  -0.164965  0.207561  -0.263661  
 1    -2.933115    0.252891      0.747095   3666.000000      0.742686
 2    -4.370991    0.573829      0.878103   6947.000000      1.813418
 3    -5.085105    0.669889      0.943167   12240.000000      3.566319
 4    -5.099873    0.650151      0.944513   17552.000000      5.685436
 5    -5.529980    0.855658      0.983700   25835.000000      9.790638
 6    -5.584278    0.865836      0.988647   39560.000000     18.851304
 7    -5.592730    0.920712      0.989418   59954.000000     34.138792
 8    -5.593287    0.922466      0.989468   92336.000000     62.921911
 9    -5.627545    0.975793      0.992590   143115.000000    112.831804
10    -5.443826    0.899326      0.975851   214695.000000    198.523132
5.310233    0.711212    
2.705718    3.836318    0.574618    0.459134    
2.385769    2.663069    4.016688    0.587441    0.491181    0.297544    
2.334894    2.680032    4.011244    6.283185    0.581751    0.499192    0.283272    1.538835    
2.090274    2.564021    2.239285    4.335490    4.220925    0.609940    0.471711    0.364552    0.269908    1.529937    
1.954898    2.603328    2.212542    4.581117    4.795120    0.845810    0.615570    0.474525    0.416265    0.390145    0.928099    0.641230    
1.938479    2.614846    2.236060    4.587706    4.659385    0.993791    3.885928    0.621246    0.480887    0.414017    0.398231    1.007154    0.543040    1.520463    
1.943219    2.615724    2.237039    4.593788    4.642712    0.962538    3.822301    4.102257    0.622230    0.480498    0.413925    0.396644    0.996821    0.547559    1.518978    1.560125    
1.843840    2.478956    2.238240    4.655625    3.739474    1.091678    4.063784    1.997379    1.517039    0.609288    0.465191    0.441351    0.299876    0.463242    1.063389    1.513120    0.214567    1.347997    
1.843768    2.539261    2.739638    5.811285    3.386968    6.283185    3.546079    2.878697    3.995949    2.164975    0.533661    0.488157    0.360176    1.570796    1.258385    1.311934    0.204178    1.406790    0.148076    1.500043    
