 9    -2.893217    4.726528    0.102938
0.439265  0.438488  1.147810  -0.067318  1.282502  1.203008  1.135877  -0.804010  -0.355338  1.115535  0.416017  0.281031  0.602493  -0.502367  -0.360674  -0.046913  -0.271253  1.007771  0.968143  0.644780  0.042835  0.213668  0.719655  -0.648750  -0.936063  -0.101636  -0.105031  1.266631  -0.238285  0.066615  1.651279  0.144377  0.129436  1.300680  -0.440049  0.095592  
-0.230952  0.292862  0.227949  -0.371744  0.263921  0.290921  -0.286878  0.221833  -0.286159  
 1    -1.541843    0.351491      0.822648   3324.000000      0.664203
 2    -2.314000    0.694719      0.923985   7232.000000      1.828192
 3    -2.745154    0.918955      0.980569   11871.000000      3.446504
 4    -2.847385    0.964581      0.993985   19998.000000      6.857142
 5    -2.870272    0.982161      0.996989   35483.000000     14.975858
 6    -2.884760    0.995056      0.998890   52315.000000     26.254883
 7    -2.890334    0.997325      0.999622   88684.000000     53.885589
 8    -2.891706    0.998062      0.999802   161361.000000    121.907506
 9    -2.892629    0.999527      0.999923   237283.000000    196.597198
10    -2.892668    0.999552      0.999928   267010.000000    232.128976
5.337710    0.566237    
3.918858    5.057389    0.819047    0.445557    
3.442483    3.401665    3.999685    0.732343    0.537204    0.317857    
2.432348    3.125753    3.160687    3.670259    0.659853    0.567856    0.423219    0.224618    
1.841887    2.976518    2.812179    3.125266    3.661913    0.654369    0.555480    0.460893    0.352330    0.151902    
1.534065    2.903706    2.772544    3.021304    3.357590    4.257096    0.675657    0.551373    0.494873    0.395599    0.267742    0.086006    
1.378251    2.624075    2.558670    2.569016    2.837199    3.208392    4.207126    0.680067    0.526704    0.469505    0.400241    0.317281    0.206807    0.076525    
1.315031    2.430639    2.362556    2.233920    2.207320    2.465845    3.057906    4.028829    0.667944    0.505374    0.437024    0.363374    0.293242    0.249998    0.168232    0.066664    
1.293214    2.419455    2.332968    2.246479    2.225123    2.357868    2.850608    3.541677    4.203784    0.665408    0.505903    0.439419    0.374395    0.305615    0.264755    0.205431    0.130678    0.041782    
1.265372    2.350938    2.301172    2.225901    2.191262    2.331749    2.823990    3.490632    3.820622    5.980944    0.660041    0.499660    0.437338    0.374231    0.305408    0.266512    0.205223    0.120362    0.029455    1.562767    
