 9    -6.423142    7.720864    0.189729
1.736738  1.897914  -2.106773  -0.148912  0.583062  -2.259233  0.137240  -0.701213  -0.620780  -0.479620  1.209739  -1.075184  0.806919  -0.290783  -0.220948  -0.169156  1.100834  0.082511  -0.004376  -1.722558  1.057556  -2.517913  -1.910640  1.306455  0.424398  -0.469168  -1.006073  -0.921923  0.626405  0.357177  -0.018719  0.221171  0.698604  0.834510  -1.665638  -2.901440  
-0.356396  0.231489  0.268386  -0.295179  -0.287819  -0.289120  -0.155132  0.293414  0.405151  
 1    -3.638082    0.345157      0.803093   3339.000000      0.675616
 2    -5.055806    0.678820      0.903328   7115.000000      1.786443
 3    -6.076118    0.896450      0.975465   11779.000000      3.489093
 4    -6.331797    0.958406      0.993542   19631.000000      6.570827
 5    -6.382628    0.976479      0.997136   33704.000000     14.332738
 6    -6.408986    0.995500      0.998999   48880.000000     23.756875
 7    -6.419344    0.998646      0.999731   75161.000000     44.881439
 8    -6.421530    0.999198      0.999886   134240.000000     99.062866
 9    -6.422243    0.999704      0.999936   213167.000000    179.090401
10    -6.422273    0.999725      0.999939   255601.000000    226.215788
5.101436    0.546201    
3.641742    4.980673    0.832769    0.454149    
3.155855    3.226972    3.964189    0.724865    0.560632    0.336068    
2.193841    3.176447    3.058998    3.540304    0.675826    0.594648    0.434762    0.239944    
1.611772    2.951482    2.713119    3.027372    3.495105    0.690268    0.565376    0.490298    0.382283    0.177452    
1.563768    2.930068    2.742934    3.082977    3.412624    4.549332    0.688206    0.565621    0.504152    0.401420    0.263899    0.088223    
1.378270    2.587114    2.486318    2.585029    2.841670    3.195079    4.225957    0.678558    0.527796    0.479880    0.404854    0.317597    0.203872    0.086209    
1.296567    2.363200    2.229931    2.116470    2.140792    2.401112    2.966330    4.002322    0.662838    0.495096    0.432122    0.356289    0.293192    0.248600    0.171252    0.077937    
1.294574    2.369778    2.240593    2.188109    2.171469    2.249442    2.811024    3.647429    4.152531    0.666584    0.498102    0.440254    0.371978    0.293564    0.251004    0.192975    0.118488    0.029892    
1.292819    2.371229    2.237639    2.187395    2.195644    2.283558    2.812909    3.599780    4.092984    4.482517    0.666513    0.498643    0.439824    0.374182    0.300055    0.254484    0.196737    0.126755    0.040606    0.005400    
