 9    -5.930882    5.172409    0.318855
0.678844  0.916339  -0.121169  -1.154417  -0.271141  0.472377  1.269233  0.984344  -1.327064  -1.593114  -2.256591  -0.017827  -1.976864  1.137158  -0.490799  1.221608  -1.529330  1.045777  -0.322531  -0.944890  0.158779  0.166864  1.468873  0.158110  -0.907787  0.187829  -1.010326  -2.628436  1.190634  0.133431  -0.956012  1.028075  -1.682459  -0.402121  0.227379  0.154679  
-0.300000  1.000000  1.000000  1.000000  1.000000  1.000000  1.000000  1.000000  1.000000  
 1    -1.826801    0.002004      0.630372   3249.000000      0.702717
 2    -2.982897    0.001671      0.734494   6323.000000      1.754084
 3    -3.064244    0.001230      0.741821   9219.000000      2.841102
 4    -3.497807    0.002075      0.780869   12985.000000      4.510663
 5    -3.584801    0.001442      0.788704   17321.000000      6.860548
 6    -3.896333    0.000073      0.816762   24528.000000     11.024571
 7    -3.628994    0.000356      0.792684   31870.000000     16.444142
 8    -4.107634    0.000022      0.835792   40017.000000     23.699662
 9    -3.738115    0.001824      0.802512   53711.000000     38.006023
10    -3.753768    0.001964      0.803922   65477.000000     54.997594
0.438469    0.577194    
0.326157    0.430304    0.822734    0.452211    
0.324079    0.418245    1.650030    0.808618    0.477106    1.479690    
0.324096    0.388797    1.176685    6.130205    0.802031    0.518761    0.204547    0.126480    
0.328796    0.385542    1.154455    6.163886    2.817451    0.802922    0.515321    0.220155    0.136925    0.085701    
0.257604    0.260731    0.317191    5.641181    4.879388    6.194337    0.677709    0.547661    0.377048    1.437837    0.118036    0.066288    
0.332957    0.381939    1.172389    4.643970    2.887651    6.152744    3.233365    0.800793    0.513126    0.170773    1.460581    1.513554    1.489702    1.485992    
0.192708    0.267398    0.264730    0.328025    3.815898    6.122132    0.386670    4.666090    0.658626    0.574546    0.418022    0.230067    0.065408    0.150500    0.145744    1.523213    
0.321975    0.382837    1.200429    6.250123    1.585713    2.539374    3.559168    2.816969    4.797920    0.794171    0.512615    0.202115    0.108990    1.544691    1.431977    1.502030    1.490072    0.054389    
0.325623    0.379284    1.176662    6.283185    4.103396    4.984364    6.004954    3.997071    5.517792    5.631182    0.792258    0.507384    0.211298    0.109231    1.437045    0.102260    1.543170    0.053205    0.077342    1.537595    
