 9    -6.337609    4.675609    0.216753
-1.347907  0.938718  1.021825  0.788287  -2.600565  0.373243  -1.052956  0.132503  0.415469  -0.735163  2.955965  1.631560  -0.638114  -1.002116  -0.091526  -0.602506  -0.684845  -0.295842  0.911793  0.673155  0.771728  0.885360  -0.357356  0.310439  -0.297568  0.015547  -0.755597  1.064481  1.147830  -0.308416  0.280121  -0.869412  -0.171759  -3.018073  -0.884095  -0.436185  
-0.314782  -0.285593  0.279619  -0.041300  0.355369  -0.066733  -0.317128  -0.352632  -0.165083  
 1    -3.223889    0.167321      0.717274   3000.000000      0.600794
 2    -5.073300    0.368939      0.885201   6738.000000      1.707066
 3    -5.875795    0.506288      0.958067   12230.000000      3.562505
 4    -6.081632    0.567580      0.976757   19343.000000      6.644776
 5    -6.160056    0.714356      0.983878   28186.000000     10.590395
 6    -6.238503    0.779414      0.991001   43915.000000     20.836118
 7    -6.265308    0.825463      0.993435   79305.000000     48.376730
 8    -6.294952    0.900871      0.996127   105701.000000     72.693760
 9    -6.312652    0.946451      0.997734   152935.000000    119.378819
10    -6.323644    0.963162      0.998732   221224.000000    195.262135
5.111652    0.539975    
4.303204    5.494150    0.767718    0.414723    
3.367827    4.045743    4.634452    0.674071    0.539042    0.297565    
2.531361    3.709284    3.628160    4.208654    0.642218    0.529146    0.398668    0.200287    
2.765140    3.694030    3.732574    4.332225    5.860066    0.644267    0.524948    0.399439    0.271815    0.105035    
2.060236    3.553430    3.403150    3.738240    4.466311    5.562691    0.643297    0.527601    0.432479    0.330721    0.225037    0.113681    
1.855255    3.315203    3.245096    3.490680    4.065407    4.803977    4.941762    0.647190    0.511680    0.443119    0.356522    0.261177    0.175486    0.084509    
1.895112    3.284535    3.181084    3.469626    3.999764    4.639718    5.111118    5.947564    0.642244    0.503790    0.442857    0.366389    0.277210    0.190165    0.147878    0.068788    
1.812694    3.310363    3.138549    3.401415    3.906971    4.522864    4.910099    5.880880    5.717181    0.647701    0.508296    0.437771    0.372214    0.290974    0.206909    0.161833    0.114959    0.054264    
1.663023    3.039424    3.032422    3.153998    3.587488    4.133347    4.670848    4.824318    5.517189    5.775442    0.639157    0.491166    0.437126    0.370535    0.306138    0.234245    0.183949    0.127209    0.106619    0.047839    
