 9    -4.253713    4.721036    0.054610
-0.470129  0.670906  -0.822153  0.503401  -0.184276  0.514476  -0.472338  -0.433457  0.480020  -0.085906  -1.356367  -0.635875  -1.624491  0.912932  0.715495  -1.484308  -1.404396  0.367661  0.657626  -0.521781  1.926133  1.801852  0.194682  -0.105917  -0.523406  1.297764  1.918718  -1.313695  -0.787289  0.224448  -1.280910  0.661970  0.792979  0.234494  1.811687  -0.289991  
-0.300000  1.000000  1.000000  1.000000  1.000000  1.000000  1.000000  1.000000  1.000000  
 1    -0.215382    0.000079      0.550034   2967.000000      0.646684
 2    -0.346930    0.004493      0.564692   6566.000000      1.808732
 3    -0.466844    0.006004      0.578053   9954.000000      3.132063
 4    -0.626569    0.005961      0.595850   13116.000000      4.565956
 5    -0.720834    0.018970      0.606353   18279.000000      7.122472
 6    -0.858252    0.009554      0.621665   24425.000000     10.741755
 7    -0.978478    0.002330      0.635061   30880.000000     15.615994
 8    -1.029673    0.001564      0.640765   39395.000000     23.311913
 9    -1.002649    0.022845      0.637754   50695.000000     35.019387
10    -1.171251    0.018079      0.656541   60916.000000     46.899889
4.893038    0.811605    
4.879516    0.887974    0.832999    0.292752    
4.826385    2.673405    1.175749    0.761795    1.136303    0.286624    
4.839925    0.735153    4.932567    1.478298    0.987503    0.220131    0.322261    1.198409    
4.824526    0.753809    4.907548    1.474545    4.050858    1.019132    0.198581    0.382218    1.213624    1.356448    
4.853802    0.603636    5.056787    1.490202    4.056857    3.831194    0.962765    0.216129    0.362819    1.186661    1.409885    0.234370    
4.728898    0.891596    3.301841    6.174041    1.953500    5.734338    3.343035    1.019500    0.296759    0.345910    0.372452    1.109865    1.334117    1.319124    
4.697672    0.899914    3.318554    6.186383    1.874259    5.763355    3.253585    5.179206    1.002732    0.312451    0.280879    0.390113    1.099972    1.325466    1.282422    0.173487    
4.755337    0.891185    3.069536    2.982632    2.146394    4.662897    2.744311    3.676525    5.340615    0.983419    0.317040    0.389297    1.290015    0.503205    1.232700    0.216539    1.464941    0.182943    
4.815553    0.926273    3.472782    2.840035    2.428367    4.534617    2.174110    4.529481    5.987196    3.295492    1.105744    0.407835    0.374071    1.482223    0.358548    1.330315    0.598754    1.466853    0.272480    0.133190    
