 9    -5.249128    5.741694    0.037833
-0.374470  1.163536  1.171028  0.762805  -1.399164  -0.805286  -0.567384  0.003154  0.933997  -1.232669  0.347803  0.644465  0.018927  -0.473181  -1.407803  -1.970348  0.821106  0.569608  -1.868063  0.428322  2.014901  -0.007186  0.598445  0.461798  -1.053029  0.552033  -0.613530  0.955068  1.682189  0.854499  2.816151  0.037141  -0.240715  -0.597208  -0.573777  -0.062244  
0.331057  -0.133760  -0.316007  -0.273453  0.243143  0.291226  -0.299995  -0.263327  -0.050164  
 1    -2.829633    0.240732      0.779862   3252.000000      0.699059
 2    -4.357357    0.472129      0.918862   6904.000000      1.706424
 3    -4.991801    0.620007      0.976587   12151.000000      3.575301
 4    -5.147203    0.673756      0.990726   20416.000000      7.065912
 5    -5.190555    0.742751      0.994671   30803.000000     12.752792
 6    -5.222782    0.777647      0.997603   54748.000000     28.098716
 7    -5.232303    0.794419      0.998469   87566.000000     53.388775
 8    -5.236005    0.829479      0.998806   130850.000000     92.167399
 9    -5.238269    0.853422      0.999012   195244.000000    158.090046
10    -5.242000    0.949344      0.999351   294632.000000    267.463805
5.616970    0.564045    
4.483071    5.558725    0.802166    0.425211    
3.758475    3.664250    4.386525    0.687986    0.504758    0.298028    
2.677845    3.564485    3.494170    4.055845    0.644924    0.540961    0.392347    0.205051    
2.654556    3.539637    3.470004    3.873292    5.100383    0.647334    0.544398    0.408685    0.297147    0.099032    
1.845821    3.349370    3.170724    3.553009    4.068319    5.314177    0.653430    0.533269    0.459156    0.365430    0.242030    0.094457    
1.586175    3.009517    2.928396    3.082675    3.486192    3.987892    4.934475    0.662853    0.509055    0.452771    0.387044    0.298488    0.188872    0.083083    
1.580601    3.013527    2.934123    3.076454    3.452780    3.922599    4.745709    5.514259    0.662367    0.512900    0.455401    0.395195    0.317974    0.213686    0.131826    0.038415    
1.460488    2.756253    2.824795    2.921480    3.242699    3.620646    4.133846    4.663924    5.598971    0.652038    0.505473    0.450715    0.405597    0.342271    0.261391    0.175577    0.106657    0.037030    
1.615274    3.091147    2.985479    3.124063    3.549576    4.025633    4.776167    4.999704    5.594458    6.067880    0.667429    0.517369    0.454918    0.391017    0.316236    0.226602    0.172477    0.109809    0.092021    0.046495    
