 9    -3.871679    5.359048    0.407319
-0.835604  0.665364  0.481271  -0.938764  -0.122347  -1.126123  -0.846273  -1.317148  -1.813608  -0.155595  0.611860  0.014949  0.795852  0.011985  0.922505  0.349768  0.002359  -0.999109  0.421646  -0.261758  0.127665  0.056907  -0.229472  -0.957703  -0.424170  0.020671  -0.415321  0.213133  0.117778  1.360823  -0.434741  -0.066807  0.645877  -1.553138  -2.486736  1.837397  
-0.168132  -0.293773  -0.279868  0.067643  -0.202871  -0.165791  0.862459  -0.156661  0.265076  
 1    -1.951877    0.002970      0.792020   3252.000000      0.657295
 2    -2.649666    0.002232      0.867615   6842.000000      1.755576
 3    -2.922666    0.001322      0.897190   12950.000000      3.799034
 4    -3.168768    0.000807      0.923851   20059.000000      6.741593
 5    -3.261487    0.000162      0.933896   29558.000000     11.908397
 6    -3.308794    0.000045      0.939020   43327.000000     20.309556
 7    -3.359074    0.000206      0.944468   56844.000000     31.159249
 8    -3.386682    0.000068      0.947458   73982.000000     45.798681
 9    -3.400657    0.000106      0.948972   100682.000000     70.476312
10    -3.412388    0.000047      0.950243   152618.000000    130.856688
5.110588    0.629348    
2.806367    3.480412    0.506804    0.393851    
2.239438    2.924997    3.132593    0.550757    0.401012    0.240866    
2.103505    2.856909    2.715135    3.531203    0.629293    0.486738    0.308541    0.232433    
1.805864    2.505488    2.455011    2.846481    2.944413    0.598068    0.456715    0.378407    0.230973    0.164057    
1.501006    2.522224    2.438352    2.537678    2.780654    3.169472    0.631746    0.472574    0.392832    0.319649    0.192195    0.121065    
1.431458    2.595337    2.465477    2.493526    3.037544    2.799865    6.283185    0.651434    0.473043    0.398482    0.323009    0.171676    0.213903    0.121359    
1.356155    2.599746    2.469953    2.450597    2.854674    2.828250    6.283185    6.283185    0.662145    0.479323    0.400696    0.337167    0.179842    0.229954    0.180255    0.083512    
1.367694    2.494991    2.457725    2.514565    2.760870    2.953326    3.592571    2.903160    6.283185    0.639372    0.477703    0.406175    0.334630    0.237547    0.228651    0.064994    0.167820    0.082582    
1.316447    2.218498    2.232727    2.333657    2.439780    2.884769    2.722588    3.854509    2.471278    6.283185    0.631001    0.447146    0.391128    0.335797    0.269938    0.213065    0.178473    0.077830    0.145553    0.075410    
