 9    -5.020621    5.339981    0.414625
-1.271091  0.176137  -0.296216  0.326929  -0.973419  0.227681  -0.819328  0.107223  0.975278  0.081974  -0.476623  -1.492172  -0.403465  0.694778  0.212153  0.090990  -1.548855  -0.044827  1.556763  1.947111  -0.785140  -2.139212  -1.264259  0.294987  0.806489  0.277670  -1.243845  0.787274  0.752030  0.172980  -0.737836  0.969191  -0.646371  1.811095  -0.990445  -1.369113  
-0.300000  1.000000  1.000000  1.000000  1.000000  1.000000  1.000000  1.000000  1.000000  
 1    -0.868771    0.055320      0.599266   3387.000000      0.743425
 2    -1.052937    0.053780      0.617041   5813.000000      1.595489
 3    -1.140289    0.074281      0.625472   9388.000000      2.843670
 4    -1.225355    0.096781      0.633683   14767.000000      5.062746
 5    -1.314993    0.066573      0.642335   20340.000000      7.954914
 6    -1.445224    0.118085      0.654904   27375.000000     13.131491
 7    -1.520524    0.134786      0.662172   35031.000000     18.682143
 8    -1.577382    0.132576      0.667660   48278.000000     29.893041
 9    -1.674231    0.095892      0.677008   60314.000000     43.709288
10    -1.715431    0.209414      0.680985   81400.000000     68.769427
1.317872    0.863544    
1.273433    1.445015    0.786696    1.326438    
1.284039    1.468249    4.023996    0.789639    1.324750    1.429453    
1.318264    1.517462    4.002779    4.631565    0.787736    1.324037    1.465611    0.151809    
1.299130    1.354393    3.780748    5.037055    6.226552    0.792205    1.324548    1.474828    0.080399    0.177318    
1.308612    1.386885    4.266950    4.617025    6.283185    1.557046    0.784211    1.307823    1.443705    0.046274    0.169894    1.386420    
1.310119    1.343994    4.328245    4.584384    6.283185    1.629534    3.076775    0.781157    1.301537    1.485973    0.039774    0.137522    1.398935    1.438329    
1.316209    1.319173    4.332843    4.625765    6.283185    1.656139    3.097270    5.488558    0.778375    1.305007    1.494838    0.030094    0.139580    1.398181    1.424430    0.104305    
1.360130    1.306507    3.858323    5.087999    6.260425    1.929756    1.558014    1.233268    4.290825    0.787824    1.320787    1.513558    0.058852    0.126045    1.390570    1.451559    1.343270    1.467041    
1.309577    1.372217    4.312211    4.808236    6.041886    1.529508    3.205196    5.409242    5.815347    1.370679    0.789041    1.318087    1.491638    0.026680    0.187583    1.383276    1.470647    0.063097    1.420973    1.470776    
