 9    -4.368688    6.315182    0.014019
1.044560  -1.449536  0.588023  1.842537  1.549008  -0.023531  -0.878637  1.253610  1.377716  0.376270  -0.124098  0.904463  -0.398546  0.898816  -0.822881  -1.367960  -0.748894  0.512918  0.068307  0.592726  -0.537103  0.225458  1.405063  0.255229  2.156938  -0.267134  0.162833  1.164157  -0.475942  0.694334  -0.167675  0.151874  1.628564  1.952197  1.432127  0.866104  
0.369554  -0.255791  0.287465  0.265432  -0.256128  -0.243070  0.309293  -0.348953  0.181300  
 1    -2.548264    0.006098      0.829610   3264.000000      0.651567
 2    -3.449852    0.003201      0.913998   7050.000000      1.773075
 3    -4.075129    0.000530      0.972523   12005.000000      3.467877
 4    -4.248547    0.000676      0.988755   20336.000000      6.964744
 5    -4.282630    0.000353      0.991945   30518.000000     12.198877
 6    -4.292193    0.000031      0.992840   53109.000000     27.054754
 7    -4.297531    0.000003      0.993340   90216.000000     55.877864
 8    -4.298965    0.000006      0.993474   196882.000000    155.148305
 9    -4.299851    0.000021      0.993557   261819.000000    226.030222
10    -4.300354    0.000025      0.993604   311861.000000    281.028634
5.202357    0.554733    
3.731619    4.876739    0.811180    0.428284    
3.307573    3.154375    4.003773    0.715173    0.548662    0.336154    
2.218971    3.314985    3.119450    3.591838    0.686533    0.603686    0.435687    0.242392    
1.712267    2.964728    2.746370    3.065087    3.534509    0.687670    0.559847    0.486071    0.378879    0.174898    
1.534671    2.865288    2.736057    2.993981    3.251441    4.027794    0.684563    0.558483    0.503512    0.410865    0.275961    0.090943    
1.405736    2.598294    2.519700    2.623896    2.863952    3.216632    4.114702    0.682186    0.526170    0.480343    0.412287    0.327743    0.209712    0.082004    
1.338642    2.405399    2.275258    2.122331    2.090148    2.419503    3.014612    3.960262    0.668436    0.497537    0.430970    0.347824    0.294809    0.259481    0.177942    0.074492    
1.333510    2.450537    2.337294    2.263587    2.199214    2.308785    2.909032    3.682534    4.529996    0.670387    0.507981    0.448874    0.370468    0.296230    0.256975    0.196491    0.125539    0.036186    
1.129289    2.084332    2.225050    2.240593    2.249414    2.240177    2.513201    3.042859    3.578869    4.386019    0.642037    0.493819    0.451379    0.402591    0.334684    0.277091    0.234801    0.175062    0.110286    0.036765    
