 9    -3.935117    4.223063    0.649997
0.108446  0.858697  -0.303699  -1.112064  2.308893  -1.048867  0.947621  0.883204  0.070424  0.041427  -0.289262  -0.204524  -0.044850  -0.477368  -1.277278  -0.027820  0.445678  0.686520  0.828148  0.253911  1.334424  -0.953863  -1.115720  -0.769460  0.716565  0.511641  -1.385294  -0.167641  0.823762  0.012481  -0.696414  -0.512203  0.856974  -0.204107  0.094714  0.067776  
0.214774  -0.128147  -0.895660  0.171887  0.214948  0.208479  0.238788  -0.171859  -0.275872  
 1    -1.989087    0.278943      0.761463   3225.000000      0.653804
 2    -2.940801    0.589438      0.878120   7236.000000      1.836805
 3    -3.395152    0.746861      0.933813   13009.000000      3.784226
 4    -3.732152    0.862321      0.975121   18901.000000      6.267122
 5    -3.843613    0.952376      0.988784   29748.000000     11.793469
 6    -3.895823    0.976615      0.995183   42660.000000     19.635515
 7    -3.916710    0.987644      0.997744   60736.000000     33.466468
 8    -3.925254    0.994577      0.998791   89929.000000     58.225550
 9    -3.931873    0.998249      0.999602   131957.000000    102.559511
10    -3.933542    0.999074      0.999807   193796.000000    167.658730
5.579589    0.666077    
2.864705    3.823305    0.535806    0.441200    
2.468757    2.891358    3.580262    0.574340    0.426341    0.275259    
2.256314    2.832813    2.502047    4.016658    0.612431    0.491480    0.314249    0.267445    
1.982943    2.523755    2.352378    2.788419    2.954725    0.593497    0.456001    0.377047    0.209022    0.200040    
1.373024    2.459136    2.392146    2.428436    2.732358    3.008450    0.615581    0.483665    0.405890    0.325688    0.199285    0.153904    
1.288866    2.236075    2.211939    2.295127    2.400837    2.881293    2.834851    0.624396    0.460898    0.399661    0.343171    0.271575    0.168360    0.101659    
1.246793    2.211782    2.211789    2.285056    2.421856    2.796967    2.751003    3.674652    0.616238    0.463019    0.406226    0.349863    0.274676    0.219787    0.108109    0.057894    
1.193132    2.065261    2.061139    2.110169    2.200141    2.462082    2.590883    2.809745    3.417564    0.612630    0.444480    0.389994    0.340346    0.293575    0.217906    0.189148    0.072611    0.061705    
1.056928    1.806776    1.916649    1.973913    2.058817    2.187337    2.438846    2.552665    3.087220    3.041804    0.590600    0.424276    0.383825    0.338795    0.303165    0.243692    0.200222    0.153088    0.063799    0.049634    
