 9    -4.445631    5.816324    0.285879
1.852027  1.201873  -0.549276  0.219038  -0.016983  0.671893  0.333167  -1.771524  1.975094  0.418604  -0.558470  0.925971  -0.505698  -0.325270  -1.075545  0.446122  -0.836724  0.162329  0.281473  0.505949  -0.553527  -0.866120  0.327513  1.036986  0.348084  -1.708354  1.127971  -0.092168  -0.439503  0.169916  -0.861601  0.219753  -0.153007  1.006797  0.498850  -1.179203  
-0.300000  1.000000  1.000000  1.000000  1.000000  1.000000  1.000000  1.000000  1.000000  
 1    -0.144341    0.001869      0.580851   3096.000000      0.678239
 2    -0.366910    0.000105      0.602540   5703.000000      1.616667
 3    -0.708467    0.012165      0.635823   10354.000000      3.322880
 4    -0.608833    0.003264      0.626114   14417.000000      5.055783
 5    -0.678383    0.003628      0.632892   19227.000000      7.793300
 6    -0.708516    0.007620      0.635828   26182.000000     11.777640
 7    -0.773278    0.006378      0.642139   32335.000000     16.747094
 8    -0.964562    0.021195      0.660779   41742.000000     24.898377
 9    -0.925795    0.011074      0.657001   52405.000000     35.930413
10    -1.000029    0.008449      0.664235   65841.000000     52.186344
3.042111    0.621327    
2.821759    4.311500    0.718338    0.376202    
2.960348    1.840853    4.221456    0.318376    0.209535    0.600278    
2.854840    4.283636    2.121536    5.292567    0.650236    0.448340    0.261426    1.359222    
2.850766    4.262726    2.155628    5.340481    1.812012    0.642615    0.475513    0.246740    1.305295    0.190340    
3.160661    4.017313    4.856069    0.706770    1.726398    3.090386    0.545270    0.234218    0.355582    1.138963    1.370114    1.304974    
2.896287    4.212464    2.186729    5.351064    1.833333    4.178944    2.304992    0.634498    0.537604    0.230573    1.316266    0.276782    0.000000    1.307313    
2.790027    4.333503    2.166135    4.338719    0.129412    4.496716    2.820523    0.606598    0.584620    0.464551    0.631590    0.443779    1.161375    1.214645    1.361351    0.051538    
3.025034    1.756568    4.237549    3.278602    1.583019    5.536744    5.937582    4.994898    2.454122    0.310053    0.252731    0.593025    1.254418    0.112658    1.441691    1.423335    0.063726    0.079978    
3.193328    4.013071    4.666346    1.855798    2.419817    4.067089    2.364204    4.625671    4.321761    3.110654    0.689080    0.391916    0.345966    1.417470    0.220214    1.481442    0.310254    1.328177    0.185765    0.328525    
