 9    -6.732469    5.300516    0.872224
0.779165  0.433715  -0.868448  0.416689  -0.606075  0.537735  -1.068886  0.371192  -1.583441  0.551922  -1.085115  0.775944  0.416375  0.780529  0.033247  1.286144  2.901189  0.521076  1.021167  -0.454762  -1.219863  -2.057769  0.471433  -0.316541  -0.748170  0.918634  -0.860999  -3.374013  -0.444010  -0.478795  -0.889080  0.608275  0.344794  0.236290  -0.185461  -0.433932  
-0.276497  0.244413  0.295054  -0.271054  -0.319568  -0.251537  -0.355854  -0.093696  0.220864  
 1    -3.450276    0.284378      0.727234   3273.000000      0.656357
 2    -5.401039    0.569373      0.889352   6888.000000      1.773082
 3    -6.298208    0.772030      0.963911   11904.000000      3.403020
 4    -6.525598    0.843554      0.982808   19476.000000      6.475071
 5    -6.620139    0.935984      0.990665   27898.000000     11.106303
 6    -6.677167    0.961055      0.995404   48111.000000     24.346699
 7    -6.698023    0.982651      0.997137   72813.000000     42.375905
 8    -6.718445    0.992196      0.998835   111765.000000     76.919354
 9    -6.724932    0.995640      0.999374   166852.000000    132.187361
10    -6.728092    0.998476      0.999636   230501.000000    202.161180
5.205302    0.566267    
4.140343    5.127392    0.800568    0.423816    
3.565788    3.592644    4.093609    0.709842    0.515815    0.295021    
2.645511    3.321327    3.330847    3.811959    0.652976    0.540489    0.401333    0.201527    
2.727034    3.347574    3.396884    3.831898    5.109342    0.657321    0.545243    0.410762    0.285936    0.105693    
2.046065    3.085884    2.958917    3.366803    3.855806    4.846384    0.635906    0.523189    0.445017    0.352498    0.231920    0.105814    
1.985486    3.076112    2.946180    3.312476    3.766149    4.620957    4.874666    0.635971    0.527117    0.450379    0.369787    0.255739    0.165055    0.057804    
1.551366    2.951074    2.843421    3.010675    3.383474    3.837719    4.449735    5.169411    0.664029    0.525843    0.466141    0.394508    0.312333    0.208915    0.152465    0.056467    
1.433139    2.693767    2.673872    2.750232    3.045635    3.389848    3.861868    4.102457    4.875356    0.658178    0.508607    0.452531    0.398209    0.329485    0.250854    0.176649    0.122074    0.051155    
1.407935    2.674098    2.638899    2.710039    2.945349    3.238165    3.676196    3.911256    4.633569    4.999146    0.657341    0.507579    0.451526    0.398964    0.334593    0.261301    0.194210    0.142923    0.087260    0.028851    
