 9    -9.574943    5.530223    1.310304
2.630205  0.331635  -0.987540  1.196508  1.705176  0.144573  -0.224789  0.221373  2.062121  2.356455  2.345444  -0.973641  -0.211556  -0.499396  -1.075603  -1.606699  1.315930  1.240364  2.464476  -1.954646  1.271019  0.863438  0.072479  1.632104  -0.754646  0.547447  -0.965586  -1.436375  1.354380  -1.247308  -0.210762  -0.761023  -0.015116  0.345782  -0.982598  -1.408368  
-0.319085  0.165150  -0.178131  -0.169622  0.155062  0.799998  0.149082  -0.136914  0.193719  
 1    -4.863616    0.283299      0.688098   2976.000000      0.597343
 2    -7.283194    0.629508      0.848280   6860.000000      1.767947
 3    -8.315636    0.813008      0.916631   11475.000000      3.338878
 4    -9.015051    0.878109      0.962934   19385.000000      6.767364
 5    -9.362647    0.959429      0.985945   29250.000000     11.763371
 6    -9.486723    0.980147      0.994160   46943.000000     22.799897
 7    -9.539053    0.989829      0.997624   68570.000000     39.175961
 8    -9.555451    0.994809      0.998710   103445.000000     69.699952
 9    -9.569495    0.998684      0.999639   148037.000000    114.978906
10    -9.572542    0.999301      0.999841   236520.000000    218.428560
6.283185    0.649115    
3.709053    4.487492    0.504435    0.435932    
3.051703    3.641509    3.641325    0.537088    0.383358    0.257772    
2.864064    3.572301    3.204577    4.662522    0.630937    0.491371    0.293364    0.253872    
2.628380    3.153149    2.906499    3.569534    3.425797    0.610309    0.455532    0.361553    0.200948    0.190025    
1.772197    2.984732    2.943436    3.006686    3.416217    3.544269    0.605984    0.481262    0.400688    0.309413    0.195929    0.143840    
1.618772    2.765272    2.717548    2.834582    2.947830    3.539501    3.409751    0.627437    0.461877    0.396180    0.336329    0.265765    0.162711    0.099635    
1.536714    2.601302    2.621835    2.725711    2.881928    3.206855    3.455881    3.742222    0.608897    0.452263    0.398315    0.338212    0.282229    0.210869    0.117114    0.056989    
1.482510    2.514641    2.518337    2.570974    2.674293    2.953671    3.171153    3.436568    4.052982    0.614313    0.441815    0.387592    0.335106    0.294104    0.220029    0.185259    0.078449    0.058074    
1.354936    2.233844    2.307838    2.355085    2.462383    2.590000    2.914064    3.079631    3.663518    3.616431    0.593508    0.417563    0.372193    0.327537    0.295764    0.243027    0.198508    0.153214    0.067110    0.048371    
