 9    -3.505273    5.339034    0.626512
0.127319  -0.882520  0.047507  0.623834  -1.852717  -1.683985  -0.291250  -0.089777  -0.375991  -0.228138  -0.523171  0.493229  0.219159  -0.422662  0.446305  0.129420  -0.183992  0.532464  1.174072  1.075326  -0.561457  0.901522  0.167580  0.698459  2.200299  0.211476  -0.973711  -0.796937  0.727615  -0.328917  1.172802  0.238197  0.252913  0.827345  -1.377560  -0.768047  
-0.290171  0.151906  0.161682  0.191304  -0.799962  -0.173522  -0.209225  -0.199115  -0.268795  
 1    -1.785406    0.272210      0.805540   3435.000000      0.700240
 2    -2.706787    0.610243      0.909718   7275.000000      1.855376
 3    -3.074803    0.772167      0.951328   12426.000000      3.575933
 4    -3.358727    0.872143      0.983431   18840.000000      6.218484
 5    -3.447059    0.962509      0.993418   30137.000000     12.448798
 6    -3.479704    0.980233      0.997109   48023.000000     23.237637
 7    -3.494494    0.989986      0.998781   67970.000000     38.490626
 8    -3.498598    0.995156      0.999245   104587.000000     70.115226
 9    -3.503452    0.999113      0.999794   156508.000000    121.466969
10    -3.504568    0.999691      0.999920   225126.000000    198.704282
5.872279    0.670421    
3.097818    4.045411    0.554392    0.440871    
2.651231    2.993988    3.658118    0.574924    0.424540    0.266315    
2.473863    2.978162    2.613163    4.211688    0.630106    0.490666    0.317917    0.266868    
2.231672    2.606503    2.409856    2.884273    3.043127    0.604434    0.448714    0.371314    0.203712    0.200653    
1.406490    2.528462    2.490745    2.495679    2.836151    3.099154    0.606996    0.489076    0.406225    0.323147    0.203321    0.151841    
1.342756    2.325747    2.260885    2.358172    2.464633    2.974364    2.895438    0.633331    0.458275    0.397291    0.345377    0.274263    0.169834    0.103139    
1.295922    2.260589    2.256364    2.339364    2.479073    2.821921    2.901258    3.555880    0.617559    0.459285    0.404144    0.349221    0.282229    0.215776    0.114589    0.051324    
1.285820    2.175270    2.138339    2.193623    2.280025    2.552550    2.684545    2.903837    3.601537    0.624886    0.442347    0.389049    0.339873    0.294676    0.215519    0.189133    0.071738    0.061337    
1.183858    1.929448    1.971701    2.017728    2.104183    2.225649    2.528272    2.621195    3.243960    3.092284    0.602835    0.417821    0.375627    0.330916    0.297606    0.239167    0.198848    0.152771    0.062015    0.050646    
