 9    -4.893380    4.525589    0.522311
0.458901  1.173661  0.398716  1.044500  0.584015  0.653871  1.328473  -0.097377  -0.441175  -0.278228  -0.389714  -0.718051  -0.625707  -0.346769  -1.994583  -0.832022  -1.447044  0.816843  0.281185  0.968107  0.519780  0.659102  -0.532252  -0.200280  0.512809  -0.394196  -0.439878  0.036976  0.693787  -1.913152  0.520066  1.505534  -0.868628  -0.236787  -0.378622  0.076066  
-0.203378  0.216875  0.191217  0.169196  0.176514  0.148930  0.799983  -0.140646  0.180622  
 1    -2.649302    0.266587      0.761749   3048.000000      0.607313
 2    -3.735060    0.607182      0.877023   7258.000000      1.843579
 3    -4.246170    0.719370      0.931287   13446.000000      4.087881
 4    -4.667386    0.847195      0.976007   19692.000000      6.909926
 5    -4.789052    0.943060      0.988924   32792.000000     13.365941
 6    -4.856763    0.979724      0.996112   47706.000000     23.206945
 7    -4.880420    0.995006      0.998624   71307.000000     40.393017
 8    -4.886307    0.997150      0.999249   116157.000000     80.277658
 9    -4.890577    0.999019      0.999702   154714.000000    118.599910
10    -4.892060    0.999545      0.999860   239734.000000    213.879794
6.283185    0.684311    
3.577697    4.977626    0.504300    0.459921    
3.166547    3.632615    5.035131    0.565125    0.447945    0.285826    
2.871850    3.540114    3.086369    5.467530    0.611122    0.485568    0.337243    0.292246    
2.399178    3.177775    3.014505    3.342830    4.141420    0.597584    0.456970    0.390551    0.220666    0.228498    
1.773891    3.145892    3.037215    3.086019    3.311538    4.049252    0.631618    0.488798    0.404686    0.334968    0.201847    0.177305    
1.650475    2.833780    2.783827    2.911055    3.015259    3.623666    3.571610    0.628042    0.460758    0.400621    0.345296    0.277294    0.169304    0.115976    
1.531693    2.549602    2.577271    2.666178    2.788474    3.036636    3.465795    3.492050    0.606200    0.437674    0.389909    0.335315    0.295246    0.213527    0.141318    0.076065    
1.480944    2.564576    2.596731    2.643294    2.738097    3.009084    3.244502    3.474594    4.235309    0.611697    0.444177    0.392194    0.341318    0.301148    0.228480    0.192221    0.088610    0.058191    
1.337590    2.279173    2.407435    2.479556    2.584735    2.718632    3.014747    3.187061    3.749827    3.855887    0.591968    0.423777    0.381929    0.339064    0.306997    0.250917    0.205136    0.159844    0.070346    0.048522    
