 9    -4.618027    4.788334    0.306121
-0.894779  0.121654  -0.763285  -0.481901  1.059032  0.356689  -0.392180  1.515508  -0.183340  -0.140353  -1.015118  -1.061475  -0.607602  1.142866  0.181214  0.037874  0.814313  -0.188506  0.959805  -0.357926  -1.180893  -0.575264  -0.207069  -0.544600  1.494800  -0.153919  -1.374320  0.848533  0.426362  0.235991  0.583620  0.009888  0.773765  -0.970134  0.187788  -0.565258  
-0.178922  -0.191710  0.146621  -0.158733  -0.155766  -0.130900  0.799962  0.121985  0.153058  
 1    -2.266141    0.226743      0.749969   3108.000000      0.609237
 2    -3.611311    0.584566      0.892975   7257.000000      1.841750
 3    -4.037256    0.680370      0.938258   12659.000000      3.660793
 4    -4.408519    0.846511      0.977727   19184.000000      6.411469
 5    -4.520024    0.914828      0.989581   32378.000000     13.578435
 6    -4.578922    0.963653      0.995843   52858.000000     26.601964
 7    -4.602557    0.992442      0.998355   77537.000000     44.773568
 8    -4.609763    0.996278      0.999121   125014.000000     87.280719
 9    -4.614589    0.998635      0.999634   164017.000000    125.798255
10    -4.616487    0.999456      0.999836   252583.000000    230.542804
6.283185    0.662622    
4.022444    6.121667    0.467442    0.483516    
3.643270    4.341447    6.283185    0.546592    0.450393    0.290053    
3.293492    4.145718    3.624050    6.283185    0.597290    0.472205    0.302370    0.296865    
2.690175    3.655063    3.510919    3.774871    5.395490    0.568636    0.442135    0.385463    0.211043    0.253437    
2.020482    3.641564    3.539400    3.631000    3.780468    5.166715    0.616220    0.471577    0.390967    0.328699    0.195694    0.196815    
1.918988    3.320444    3.286789    3.454107    3.574008    4.256433    4.326901    0.614532    0.448362    0.389828    0.335268    0.269853    0.158733    0.130711    
1.790772    3.018750    3.079542    3.188566    3.338290    3.639365    4.154013    4.235499    0.595995    0.431649    0.381924    0.327070    0.288017    0.208353    0.137880    0.084178    
1.737019    3.040158    3.098775    3.169041    3.286291    3.640801    3.908253    3.992903    5.243155    0.602852    0.436799    0.384101    0.334598    0.293751    0.218045    0.190516    0.082571    0.062992    
1.572764    2.711391    2.881232    2.969171    3.108330    3.294097    3.681807    3.831532    4.464613    4.665246    0.584823    0.418742    0.374873    0.331974    0.301274    0.243817    0.198215    0.159321    0.062351    0.052980    
