 9    -3.994421    5.218435    0.053273
0.820438  1.229717  -0.763083  1.311323  -0.551206  2.015658  0.939756  -0.160168  -0.856489  0.569047  -0.021903  0.634637  0.393135  0.478060  2.245525  -1.140656  1.852895  -0.015412  -1.308539  -0.218185  0.112809  -1.249093  0.224914  0.503418  0.092632  -0.864026  -0.516825  -0.704061  -0.588868  1.260356  0.002991  2.394856  0.965658  1.259467  -1.286387  -0.172135  
-0.300000  1.000000  1.000000  1.000000  1.000000  1.000000  1.000000  1.000000  1.000000  
 1    -0.431674    0.002301      0.613285   2907.000000      0.650891
 2    -0.559121    0.000877      0.627119   6105.000000      1.721365
 3    -0.628366    0.001904      0.634635   9982.000000      3.159310
 4    -0.695045    0.006062      0.641873   13785.000000      4.858188
 5    -0.803095    0.000005      0.653601   18887.000000      7.306695
 6    -0.969156    0.002720      0.671626   24682.000000     10.942945
 7    -1.081359    0.008130      0.683805   30744.000000     15.995468
 8    -1.103976    0.006943      0.686260   40212.000000     24.046300
 9    -1.202783    0.005778      0.696984   51858.000000     35.714122
10    -1.257614    0.012024      0.702936   69079.000000     55.347623
1.908061    0.630989    
2.097590    0.905417    0.723998    0.318389    
2.112301    0.927632    2.178309    0.737385    0.315265    0.172161    
2.104812    0.935881    2.217983    6.283185    0.733301    0.313618    0.207851    1.409106    
2.164033    0.935574    2.303636    6.011853    2.135916    0.750392    0.366933    0.289751    1.496442    0.268867    
1.958695    1.011347    2.025377    6.221358    5.353685    4.145325    0.664465    0.313971    0.358036    1.480437    1.478021    0.339862    
2.026315    0.967390    2.160088    6.214648    2.260662    2.800603    4.387309    0.687879    0.344712    0.292514    1.501558    0.155196    1.465894    0.273884    
2.023505    1.028878    2.046788    3.060154    4.482794    2.980953    4.183587    3.478209    0.721113    0.298271    0.250984    0.136683    1.480920    0.108764    1.432100    0.247137    
2.069207    0.987241    2.175113    4.207172    4.237546    2.712420    4.499287    2.407183    2.548320    0.693459    0.334296    0.255597    0.080956    0.120436    1.437129    0.266937    0.126946    1.465721    
2.078829    0.964868    2.239718    6.096617    2.316475    2.691167    4.444050    2.634219    5.166497    4.256688    0.701231    0.328610    0.282470    1.531063    0.096732    1.431841    0.231654    0.127431    1.424046    0.134172    
