 9    -4.914289    4.836203    0.022408
-1.708201  -0.685090  0.474089  1.287810  -0.074869  0.118065  0.501762  1.971941  -1.543012  1.101359  0.513531  1.303107  -0.039411  -0.404673  0.646122  0.367776  0.305231  -1.148064  -0.678943  -0.668388  -0.482080  0.743054  -0.008128  -1.277238  -2.272334  -0.698613  -0.453450  0.203009  -2.375496  -0.205393  -0.246886  0.350648  0.547968  -0.331325  -1.254338  1.786278  
-0.291359  -0.231149  -0.800000  0.201750  0.231854  0.210830  0.228711  0.230420  0.308738  
 1    -2.505355    0.016375      0.752942   3438.000000      0.696957
 2    -3.704286    0.014293      0.875903   6848.000000      1.751904
 3    -4.384124    0.003366      0.945627   11781.000000      3.436240
 4    -4.706577    0.001095      0.978697   16599.000000      5.510428
 5    -4.504758    0.004453      0.957999   23129.000000      8.532432
 6    -4.547441    0.003045      0.962376   31800.000000     13.773324
 7    -4.558741    0.002266      0.963535   40786.000000     20.137293
 8    -4.561374    0.001993      0.963805   67361.000000     43.389298
 9    -4.587887    0.000009      0.966525   91186.000000     65.292916
10    -4.779394    0.001317      0.986165   156349.000000    134.516243
4.358326    0.690425    
2.478879    3.565751    0.630808    0.426215    
2.167437    2.531823    3.874286    0.631036    0.528632    0.322688    
1.828005    2.313670    2.095145    3.541141    0.613547    0.488357    0.374149    0.292915    
1.957201    2.434949    2.653309    6.250485    2.399184    0.609114    0.490844    0.352572    1.570796    1.386309    
1.860818    2.348363    2.418778    6.107224    2.255912    4.413028    0.584665    0.469226    0.370909    1.570796    1.269544    1.437558    
1.802672    2.349603    2.546772    2.318007    6.226646    3.965675    6.283185    0.583972    0.480977    0.384204    1.570796    1.272997    1.517704    0.078779    
1.799561    2.328020    2.482856    6.172247    2.320727    3.960355    6.283185    6.283185    0.578323    0.473800    0.385350    1.570796    1.264841    1.485187    0.048978    1.549163    
1.764745    2.336668    2.723950    6.226551    2.375192    3.616290    6.156122    5.753206    4.459353    0.582128    0.494198    0.402181    1.570796    1.279998    1.570796    0.165879    1.539196    1.482100    
1.776553    2.351083    2.226338    3.258837    4.814585    5.729367    1.587799    2.707008    1.295039    5.709744    0.635167    0.500376    0.393913    0.266965    1.433665    1.205022    0.349317    1.204098    0.241582    1.549668    
