 9    -4.214233    5.748454    0.106205
1.415251  0.219463  -0.718165  -0.944054  -0.116164  0.462922  0.910378  -0.360768  -0.283324  0.908532  -2.179756  0.817572  -0.543350  -0.058177  -0.193823  -1.548497  1.024911  -1.174386  1.714655  -0.665776  -0.677361  -2.201595  -0.396134  0.140625  -0.952711  -0.290926  -1.226109  0.732937  -0.346134  1.466360  0.202895  2.018910  -0.173823  0.958717  -0.066130  0.927002  
-0.300000  1.000000  1.000000  1.000000  1.000000  1.000000  1.000000  1.000000  1.000000  
 1    -0.398799    0.000801      0.617028   2751.000000      0.599133
 2    -0.532963    0.001925      0.630494   6399.000000      1.796900
 3    -0.641324    0.001830      0.641371   9766.000000      3.122046
 4    -0.715081    0.002851      0.648774   13677.000000      4.794190
 5    -0.871235    0.000329      0.664448   18657.000000      7.435861
 6    -0.935448    0.006125      0.670893   23609.000000     10.608835
 7    -0.921061    0.000207      0.669449   33751.000000     18.339796
 8    -1.037128    0.001445      0.681100   41618.000000     25.420252
 9    -1.134798    0.015387      0.690903   49290.000000     33.964977
10    -1.184764    0.001529      0.695919   67121.000000     55.925859
0.468701    0.558545    
0.479650    5.407528    0.562558    1.231522    
0.524949    5.458891    3.950397    0.584122    1.255120    1.317836    
0.342966    3.832871    4.195034    3.249968    0.688976    0.290545    0.318616    1.333258    
0.352429    0.429042    3.659923    1.879204    3.328553    0.875668    0.435229    0.237883    1.402243    0.161448    
0.472779    5.522686    3.999407    2.880024    2.508173    5.410869    0.615269    1.257185    1.277628    1.383611    1.278534    0.291449    
0.401371    3.811124    4.176984    3.783384    6.218891    4.652972    4.034507    0.675956    0.296805    0.136160    0.143957    0.289269    1.420238    1.375417    
0.503213    5.587258    3.808934    5.288708    2.391680    3.489678    5.085028    2.936230    0.527030    1.376876    1.439614    1.333064    0.227868    1.384542    1.445093    1.385811    
0.488420    5.345735    2.044556    3.766912    0.481458    5.658548    5.107691    6.283185    5.938804    0.486436    0.812077    0.290904    0.373002    1.377270    0.198561    0.062142    0.299675    0.144827    
0.393603    3.835891    3.970673    1.643692    5.801768    2.706606    5.887035    0.902646    6.039719    4.569718    0.546104    0.113672    0.251659    1.440591    1.413623    0.248372    0.226961    1.433172    0.104773    0.216060    
