 9    -5.691604    5.042029    0.512324
0.430938  -0.542637  0.194046  0.385938  -0.267642  0.217277  -0.090503  -1.006812  0.651659  0.164604  -0.647003  0.385322  1.784355  -0.112984  1.501999  0.249831  0.201717  -0.118379  -2.445190  -0.479024  -0.094391  0.396033  -0.461941  -0.823301  -1.196468  -0.730448  -0.438865  -1.367512  -0.588236  -0.004564  -0.043706  1.223881  -1.818261  -0.360588  -2.257409  -0.648768  
-0.132549  0.161893  -0.133943  -0.116059  -0.800000  -0.112351  -0.156714  -0.059888  -0.218001  
 1    -2.695747    0.158394      0.720891   3168.000000      0.619832
 2    -4.538892    0.504992      0.892607   7022.000000      1.763936
 3    -4.872212    0.608333      0.923661   12253.000000      3.535907
 4    -5.264583    0.750813      0.960217   19389.000000      6.461169
 5    -5.444883    0.828766      0.977014   34715.000000     14.273650
 6    -5.509502    0.867214      0.983034   57670.000000     29.829176
 7    -5.564349    0.919226      0.988144   79487.000000     46.781714
 8    -5.615481    0.958335      0.992908   122828.000000     84.130000
 9    -5.653134    0.976788      0.996416   185290.000000    147.858821
10    -5.669387    0.985808      0.997930   249127.000000    222.706075
6.283185    0.681868    
4.406227    6.283185    0.400480    0.507074    
4.032184    4.850464    6.283185    0.487484    0.428344    0.234401    
3.720663    4.630705    4.166525    6.283185    0.600775    0.456777    0.249771    0.279413    
3.318004    4.030577    3.791238    4.298995    5.696500    0.545040    0.426889    0.358819    0.161039    0.247556    
2.354854    4.069912    3.960462    4.151423    4.300750    5.892860    0.598536    0.452383    0.370811    0.302385    0.184451    0.169530    
2.654881    3.907755    3.887778    4.273210    4.374163    4.505640    6.283185    0.583207    0.448499    0.371923    0.280252    0.263763    0.122531    0.111097    
2.386625    3.924119    3.922180    4.174140    4.587032    4.654273    4.979683    6.283185    0.571148    0.448390    0.379809    0.288785    0.238283    0.212076    0.059472    0.110169    
2.250521    3.823916    3.819197    3.986406    4.038249    5.022103    4.436020    6.283185    4.713031    0.626821    0.440984    0.370563    0.321489    0.251853    0.195743    0.181739    0.042114    0.108708    
2.161715    3.641936    3.731699    3.844253    4.006794    4.566221    4.634105    5.297700    4.799261    6.283185    0.602831    0.441565    0.378882    0.316901    0.267018    0.211454    0.168785    0.122952    0.066337    0.077681    
