 9    -6.386597    5.461960    0.836484
1.228264  -0.961592  -1.375194  -0.666736  -0.408250  -0.159367  -1.010143  -0.272901  1.148510  0.304371  0.659412  1.625798  -1.085026  -0.277913  0.463255  -0.990108  0.434097  -0.866149  1.488676  -0.134554  0.149314  0.151039  -1.374282  -0.378194  0.792847  -1.594435  -0.553262  -1.656346  -0.175900  1.068554  -0.328559  -1.447383  1.133899  1.159811  1.071022  -1.115433  
-0.323749  0.251601  -0.282356  -0.282153  0.233152  -0.255162  0.276448  -0.256272  -0.322125  
 1    -3.212776    0.398227      0.732134   3165.000000      0.639839
 2    -4.978341    0.724191      0.881145   6635.000000      1.726537
 3    -6.058538    0.938533      0.972312   12261.000000      3.624089
 4    -6.319907    0.985571      0.994371   20595.000000      7.159144
 5    -6.372684    0.996444      0.998826   33540.000000     14.506825
 6    -6.380974    0.998473      0.999525   59449.000000     32.475380
 7    -6.384832    0.999681      0.999851   115867.000000     78.913487
 8    -6.386203    0.999910      0.999967   132730.000000     96.115206
 9    -6.386231    0.999915      0.999969   203048.000000    166.215140
10    -6.386361    0.999937      0.999980   229417.000000    201.000734
5.330652    0.566753    
3.945773    5.225743    0.826304    0.446844    
3.532279    3.489144    4.224277    0.737275    0.559797    0.338888    
2.316346    3.469665    3.332565    3.847921    0.682153    0.611014    0.452514    0.249332    
1.662573    3.199749    2.957052    3.277551    3.725117    0.715984    0.572608    0.517510    0.399410    0.195822    
1.524499    2.836901    2.760826    2.869274    3.060961    3.591321    0.693434    0.541267    0.500052    0.409427    0.291399    0.116496    
1.451995    2.708337    2.624424    2.679686    2.882041    3.218114    4.144670    0.684535    0.527123    0.482030    0.412091    0.332565    0.215155    0.079060    
1.381085    2.472197    2.306894    2.238441    2.307355    2.389597    2.907633    4.015162    0.668350    0.486765    0.429413    0.373224    0.306859    0.251075    0.181953    0.076639    
1.386489    2.519171    2.335018    2.200403    2.214641    2.383571    2.937306    3.841318    3.156414    0.672476    0.494764    0.429048    0.360821    0.302186    0.261114    0.190325    0.085261    0.008713    
1.275108    2.341254    2.263692    2.140678    2.086069    2.208063    2.662181    3.339243    5.366123    3.399647    0.662815    0.495053    0.427945    0.364283    0.311956    0.281919    0.226552    0.126444    1.570796    1.543031    
