 9    -5.805392    4.290402    0.214569
1.280115  -0.016914  1.288989  -1.524326  0.398734  0.280433  -0.312277  -1.152803  0.120756  -0.404666  1.486642  0.080295  -1.019572  -0.430669  0.541674  1.054699  1.378783  -1.434888  0.590506  0.855630  1.783113  -0.286104  0.756642  -0.847527  -0.569789  -0.195802  1.186094  1.019666  -2.608798  -0.137581  -0.439699  -0.423520  -0.612113  0.225944  -0.175011  -0.477333  
-0.300000  1.000000  1.000000  1.000000  1.000000  1.000000  1.000000  1.000000  1.000000  
 1    -0.230028    0.004991      0.447754   2502.000000      0.694915
 2    -0.483910    0.001984      0.472901   5612.000000      1.670784
 3    -0.617397    0.012698      0.486123   10607.000000      3.772043
 4    -0.609599    0.020815      0.485351   15947.000000      6.033909
 5    -0.743880    0.013340      0.498651   19772.000000      8.039059
 6    -0.848661    0.010167      0.509030   27218.000000     12.639410
 7    -0.854921    0.031594      0.509650   34351.000000     17.969606
 8    -0.930147    0.014577      0.517101   41407.000000     24.537853
 9    -1.150176    0.048367      0.538896   51642.000000     34.669109
10    -1.245243    0.042596      0.548312   65256.000000     50.197966
5.313821    0.429494    
2.856062    6.136617    0.478028    1.003899    
2.572364    4.360734    4.887939    0.473824    1.193229    0.611626    
4.914854    2.100826    1.343456    1.913432    0.207157    0.884592    0.314428    0.349597    
4.771084    2.193618    1.507180    1.319831    1.792149    0.179064    0.972406    0.339463    0.296410    1.310928    
5.149460    1.840589    1.413611    3.448829    3.218480    5.585005    0.094380    1.052510    0.497761    0.287759    1.318861    1.205144    
4.831314    1.864778    1.673327    4.851959    1.504112    4.934015    5.088044    0.306647    1.511990    0.279191    0.549669    1.377070    0.093620    1.331524    
4.873870    2.174783    1.301832    1.916418    3.477874    0.962099    2.985803    1.710636    0.162827    0.873431    0.262938    0.191454    0.219648    1.421311    0.154258    0.219456    
5.488090    1.487273    1.441845    3.386967    3.423958    5.672646    4.214691    3.134009    3.555059    0.101990    1.117143    0.427729    0.345979    1.380485    1.194630    1.368481    1.482422    1.339284    
2.558384    6.154038    2.462649    6.001174    5.961078    0.257509    3.808343    3.523666    3.231475    1.633218    0.335980    1.102256    0.294548    0.190776    0.415515    1.173614    0.261152    0.212946    0.260097    1.370718    
