 9    -4.414467    4.608296    0.009048
-0.913186  0.596383  0.783402  -0.561723  -0.291456  1.049971  0.974512  -0.630528  -0.053466  1.690651  -0.015440  0.065761  -0.867256  -0.327027  -0.371583  -0.194330  -0.448940  -1.491343  1.642849  0.599594  -0.460096  -2.010617  0.502082  1.134824  -1.005218  -1.249696  -0.871701  0.020682  -0.788147  -0.522394  0.775097  0.634871  -0.673511  0.471438  -0.921861  0.449032  
-0.300000  1.000000  1.000000  1.000000  1.000000  1.000000  1.000000  1.000000  1.000000  
 1    -0.644015    0.001347      0.582118   3240.000000      0.725991
 2    -1.265406    0.001182      0.650987   5736.000000      1.748223
 3    -1.547274    0.000071      0.682227   8765.000000      2.848808
 4    -1.417781    0.004230      0.667875   12896.000000      4.385598
 5    -1.533912    0.003443      0.680746   15969.000000      6.046687
 6    -1.511779    0.009163      0.678293   22627.000000      9.988348
 7    -1.698006    0.000339      0.698933   29536.000000     14.751494
 8    -1.665297    0.043385      0.695307   36118.000000     21.162683
 9    -1.784854    0.008751      0.708558   46779.000000     31.277314
10    -1.806248    0.099223      0.710929   60341.000000     46.717902
0.404930    0.628413    
0.316620    0.418458    0.817820    0.448664    
0.281004    0.282778    0.334895    0.717251    0.526242    0.314696    
0.321664    0.365683    3.465828    2.316819    0.801323    0.489344    0.168963    1.428168    
0.330327    0.387211    1.175809    5.425975    3.701646    0.800502    0.500440    0.217945    0.133346    0.114890    
0.331843    0.374824    3.512587    2.284875    2.001286    0.779843    0.808937    0.501503    0.171085    1.415710    1.542174    1.445291    
0.199490    0.260460    0.264518    0.315647    3.754079    1.660655    4.875066    0.649984    0.558763    0.411211    0.221476    0.104028    1.468709    0.088461    
0.322544    0.378675    3.543031    2.388003    3.224859    0.959233    2.439827    4.244252    0.806932    0.515973    0.188333    1.405768    0.110403    0.059030    1.435705    0.118314    
0.190468    0.280594    0.253627    0.283370    3.599049    3.727652    1.187739    6.130278    3.712396    0.690021    0.574355    0.438366    0.277270    0.123960    0.082643    1.536978    1.468020    1.455424    
0.315029    0.359436    4.384335    1.967667    6.283185    4.239325    2.904250    3.718538    1.967653    5.693776    0.779687    0.484340    0.170326    0.114974    1.468607    0.148340    0.173630    0.168585    0.104973    0.161205    
