 9    -4.735405    4.970444    0.409822
0.277660  1.805239  -0.840097  -0.895218  0.561813  -0.478703  0.312600  -1.203183  -1.609399  -0.798519  -0.206177  -0.118149  0.223079  0.612972  1.086046  0.936871  -0.778794  1.019699  0.968641  1.117000  -0.644645  -0.159126  -1.731727  2.054992  -1.788954  -1.960834  0.559302  -0.342946  -0.961238  -0.595871  -0.255397  -0.446996  0.118446  -0.238217  -0.162742  1.358204  
0.308736  -0.190292  -0.242625  0.233185  0.169444  0.181197  0.885895  0.166436  0.183199  
 1    -2.416929    0.281199      0.761126   3474.000000      0.695832
 2    -3.540187    0.583760      0.876856   7574.000000      1.936745
 3    -4.154602    0.700434      0.940160   11771.000000      3.444918
 4    -4.522102    0.850316      0.978023   20054.000000      6.664680
 5    -4.627709    0.936184      0.988904   31059.000000     12.485442
 6    -4.690995    0.972793      0.995424   45308.000000     21.620784
 7    -4.713543    0.989888      0.997748   66807.000000     37.817750
 8    -4.725184    0.993699      0.998947   100459.000000     68.584190
 9    -4.732008    0.998691      0.999650   158649.000000    124.908561
10    -4.733822    0.999400      0.999837   214972.000000    189.778388
5.575987    0.673465    
2.807907    4.023137    0.576374    0.449044    
2.470206    2.788715    4.008861    0.585420    0.477842    0.298081    
2.143119    2.764700    2.394611    4.031957    0.615758    0.488233    0.346259    0.277996    
1.794860    2.442436    2.301515    2.498584    3.241788    0.601913    0.455498    0.393788    0.237723    0.219120    
1.357041    2.436472    2.336415    2.343605    2.483315    3.202343    0.645688    0.495459    0.404698    0.338964    0.214510    0.171013    
1.288595    2.206202    2.171438    2.244861    2.330671    2.755864    2.936035    0.632989    0.470281    0.405725    0.344618    0.277116    0.176659    0.101719    
1.242504    2.182041    2.172546    2.228532    2.323062    2.706483    2.614659    3.888313    0.628819    0.470082    0.411121    0.354434    0.281737    0.221922    0.123417    0.065327    
1.180531    2.025921    2.018373    2.059562    2.134775    2.366736    2.490562    2.710969    3.348703    0.618393    0.449892    0.395326    0.344137    0.299192    0.223905    0.189641    0.081996    0.063709    
1.060848    1.789874    1.867747    1.914425    1.988763    2.099611    2.328058    2.456872    2.946238    2.964865    0.597255    0.427280    0.385705    0.339504    0.305247    0.247025    0.203022    0.154733    0.070659    0.049506    
