 9    -5.330190    5.470925    0.250207
-0.275434  0.009924  0.464788  0.342611  1.134445  -1.210976  -1.443573  -0.759583  0.937481  0.102493  0.591607  -0.425419  0.755324  -1.678499  -0.895253  0.458548  0.258016  -1.155983  0.649192  0.046318  0.348382  -0.652745  -1.665788  -0.809513  -0.563146  -1.429917  1.575949  0.753774  1.515370  1.255785  2.439973  -1.200436  1.098150  -1.406748  -0.390113  0.508771  
0.195280  0.141852  -0.135543  0.799962  -0.119984  -0.154928  0.186940  0.158494  0.206209  
 1    -2.586606    0.233651      0.745991   3402.000000      0.664757
 2    -4.108079    0.596384      0.886853   7201.000000      1.829172
 3    -4.680986    0.673207      0.939895   12620.000000      3.655545
 4    -4.696893    0.696589      0.941367   18509.000000      5.799637
 5    -5.228169    0.906690      0.990555   25867.000000      9.632944
 6    -5.291009    0.947817      0.996373   39130.000000     17.455720
 7    -5.071840    0.907747      0.976081   61909.000000     35.793874
 8    -5.322642    0.996362      0.999301   112912.000000     80.358726
 9    -5.327434    0.998887      0.999745   151746.000000    119.794741
10    -5.329127    0.999639      0.999902   224203.000000    201.593352
6.283185    0.703522    
3.857239    5.903777    0.499052    0.494306    
3.585015    4.020849    6.183702    0.550368    0.472474    0.290307    
3.531837    4.039817    6.283185    6.283185    0.533204    0.470445    0.282029    1.534853    
2.595876    3.391553    3.229240    3.398664    5.253062    0.571240    0.432592    0.384244    0.220121    0.256666    
1.898035    3.436929    3.299257    3.352638    3.341322    5.202587    0.641701    0.475966    0.385695    0.335134    0.212429    0.206338    
2.708883    3.437272    3.747266    6.283185    6.283185    3.554263    6.018989    0.478496    0.414523    0.326249    1.570796    1.323638    1.452521    1.342132    
1.739052    2.820647    2.852117    2.949298    3.085045    3.338080    3.846148    3.978047    0.604991    0.428876    0.378877    0.321811    0.287588    0.205434    0.137732    0.082578    
1.673916    2.831118    2.858225    2.920013    3.036304    3.333730    3.636785    3.682209    4.882991    0.607390    0.433632    0.380051    0.329088    0.293096    0.215946    0.185924    0.082240    0.060307    
1.555420    2.539653    2.627399    2.710604    2.864827    3.006147    3.401458    3.525620    4.128911    4.273829    0.588567    0.409843    0.365701    0.324757    0.296628    0.241029    0.192777    0.155847    0.059248    0.052047    
