 9    -5.754971    4.367644    0.981280
-0.217286  -0.915852  1.062431  0.444871  -0.375857  -1.325971  -0.652894  -0.842896  -0.447425  1.539325  0.027425  -0.777571  -1.614024  0.688196  -0.014051  0.026840  0.549220  0.855711  0.291851  -0.626174  -2.124388  0.198757  0.726640  -0.387585  0.110386  2.242068  -0.104016  0.801473  1.070724  0.797388  0.451471  1.084119  0.856671  -0.268014  0.219906  0.141838  
-0.300000  1.000000  1.000000  1.000000  1.000000  1.000000  1.000000  1.000000  1.000000  
 1    -0.274813    0.004619      0.458622   2736.000000      0.608005
 2    -0.304609    0.001444      0.461566   5473.000000      1.552330
 3    -0.498662    0.014117      0.480736   9939.000000      3.243423
 4    -0.661738    0.029837      0.496846   14560.000000      5.187300
 5    -0.779532    0.018094      0.508483   19318.000000      7.695923
 6    -0.824959    0.031749      0.512970   25400.000000     11.399117
 7    -0.944042    0.053986      0.524735   31849.000000     15.911335
 8    -1.042223    0.044240      0.534434   40368.000000     23.585571
 9    -1.178305    0.105866      0.547877   52143.000000     34.790323
10    -1.231273    0.098799      0.553110   61259.000000     46.235253
0.267672    1.333571    
0.250302    3.499186    1.345651    0.155241    
0.321815    3.906966    3.107102    1.251182    0.326652    0.517515    
0.293257    3.830251    3.078530    1.707913    1.267402    0.362305    0.566890    1.280981    
5.162110    2.122599    4.887869    5.356966    2.905774    0.666590    1.248999    1.240918    1.243487    1.234885    
5.162952    2.106149    4.909084    5.355082    2.933055    5.341645    0.660672    1.247951    1.238171    1.223915    1.253979    0.113051    
0.349216    3.751910    3.146651    1.637727    3.010200    5.598298    2.289643    1.274710    0.323186    0.636251    1.341460    0.139824    1.350723    1.218766    
0.338689    3.691093    3.168126    1.559664    3.031939    5.664418    2.286897    2.918588    1.300641    0.288346    0.629980    1.293791    0.134835    1.366384    1.244936    1.382565    
0.273347    3.755745    3.492163    1.503934    2.949442    0.410183    2.850363    2.959214    3.205068    1.299048    0.352217    0.565604    1.208406    1.156707    0.534860    1.372738    1.499485    1.403802    
0.653040    3.529031    2.997290    1.692489    3.336539    4.155750    5.158588    5.234283    4.817339    5.542181    1.452687    0.497370    0.678227    1.389696    0.218739    0.203100    1.434069    1.327464    0.206339    0.178777    
