 9    -4.618027    4.788334    0.306121
-0.894779  0.121654  -0.763285  -0.481901  1.059032  0.356689  -0.392180  1.515508  -0.183340  -0.140353  -1.015118  -1.061475  -0.607602  1.142866  0.181214  0.037874  0.814313  -0.188506  0.959805  -0.357926  -1.180893  -0.575264  -0.207069  -0.544600  1.494800  -0.153919  -1.374320  0.848533  0.426362  0.235991  0.583620  0.009888  0.773765  -0.970134  0.187788  -0.565258  
-0.300000  1.000000  1.000000  1.000000  1.000000  1.000000  1.000000  1.000000  1.000000  
 1    -0.363930    0.001487      0.547743   3273.000000      0.708969
 2    -0.673478    0.004612      0.580651   6868.000000      1.884369
 3    -0.704261    0.004732      0.583923   10167.000000      3.188648
 4    -0.748891    0.001679      0.588668   13918.000000      4.834092
 5    -1.039999    0.033848      0.619616   19987.000000      7.860810
 6    -1.042543    0.033516      0.619887   25792.000000     11.613321
 7    -1.087764    0.057099      0.624694   34218.000000     18.165372
 8    -1.124537    0.035883      0.628603   45376.000000     27.682716
 9    -1.174696    0.037856      0.633936   57029.000000     39.202704
10    -1.240720    0.035521      0.640955   73095.000000     62.025504
0.492674    0.555910    
1.327770    1.450231    0.810948    1.173778    
1.319909    1.374746    1.182035    0.800094    1.193345    1.463313    
1.346136    1.436283    3.921282    1.462754    0.802253    1.183834    1.391182    1.428515    
1.379947    1.389684    5.319167    4.790793    3.445884    0.793873    1.068370    1.450670    1.445610    0.309205    
1.381419    1.383239    3.880866    1.445011    4.785389    3.450933    0.793140    1.067734    1.547876    1.451181    1.448072    0.307017    
1.339811    1.413446    1.591323    4.057196    6.172295    1.939389    3.245415    0.800293    1.166518    1.570796    1.446700    0.091464    0.177318    1.358358    
1.390636    1.375781    3.871595    1.456677    4.759893    3.513882    5.090462    2.018956    0.801243    1.059252    1.520885    1.453577    1.488419    0.267172    0.076886    1.430846    
1.393120    1.390107    3.882759    1.455245    4.726630    3.538675    5.105273    1.909483    5.656616    0.797633    1.069804    1.532340    1.461232    1.486229    0.253590    0.067389    1.448376    0.101633    
1.378997    1.401450    3.965595    1.402815    4.644503    3.594875    2.291381    4.481351    5.814530    6.075442    0.796884    1.080975    1.543680    1.459886    1.484299    0.263537    1.445645    1.410921    0.107990    0.093570    
