 9    -6.885279    6.134120    0.621905
-0.772544  -0.339930  -0.892330  0.660013  0.253680  1.573258  -0.578790  -1.557856  0.295479  -0.485479  -0.903351  1.664279  1.799863  -0.172902  0.933821  1.747385  0.371031  0.012570  -1.686818  -0.572064  2.587576  0.465445  2.027005  -0.111384  2.192230  0.297053  0.082519  -0.149784  -1.221516  -0.206999  -1.227459  -0.603719  -0.310550  -0.132111  0.180602  0.228241  
-0.300000  1.000000  1.000000  1.000000  1.000000  1.000000  1.000000  1.000000  1.000000  
 1    -0.262654    0.000866      0.491326   2502.000000      0.548980
 2    -0.842358    0.002279      0.535853   5706.000000      1.628375
 3    -0.886283    0.000977      0.539226   9053.000000      2.877717
 4    -0.950774    0.002560      0.544180   13651.000000      4.915584
 5    -1.037173    0.005051      0.550816   19017.000000      7.410746
 6    -0.983400    0.029836      0.546686   24456.000000     11.303202
 7    -1.000940    0.042776      0.548033   32518.000000     16.777881
 8    -1.458386    0.009132      0.583169   41575.000000     25.203943
 9    -1.360547    0.006693      0.575654   55112.000000     38.085233
10    -1.395384    0.007811      0.578330   70619.000000     58.935127
6.283185    0.750220    
1.374847    1.464575    0.777054    1.023524    
1.374152    1.479024    4.243619    0.774533    1.044264    0.115375    
1.342154    1.446543    4.862693    5.037206    0.786202    1.051859    0.141055    1.402599    
1.317536    1.454792    4.938283    4.986985    5.000802    0.780740    1.101333    0.164726    1.408709    1.409358    
0.382312    1.559705    1.858107    4.524916    3.370550    1.763975    1.238770    1.356230    1.362426    1.196288    0.361808    1.397311    
1.280387    6.283185    3.534870    0.394682    2.339367    1.057127    2.992537    1.354858    1.123378    0.482635    1.246624    1.192701    0.299283    0.104575    
1.402085    1.321897    1.978144    4.128990    4.040981    6.148631    1.443251    3.567827    0.800485    1.060751    1.390532    0.136128    1.511716    1.461452    0.079926    1.267321    
1.315332    1.285590    5.273139    4.761402    2.122056    2.260446    3.488701    4.153370    5.321997    0.786288    1.137625    0.231364    1.505819    0.190461    0.149976    0.099668    1.283384    0.160946    
1.363612    1.499481    4.948494    5.223298    2.016306    1.658523    4.163866    2.968357    5.496506    2.716069    0.790402    1.160420    0.283484    1.488080    0.104041    0.164885    0.106332    1.449589    0.166475    1.380657    
