 9    -4.928407    4.961309    0.148013
-0.564163  -0.238681  -0.774429  0.260315  -1.294135  1.222583  -0.293067  -0.331231  -0.351750  0.464535  1.249793  2.165466  1.597250  0.090560  -0.645840  -0.492307  -1.035561  -1.291473  0.005765  -0.351684  -0.950603  -1.362077  -0.202985  0.794999  -1.815096  1.199073  -0.102739  0.222348  -0.070067  0.926698  -0.427322  -0.369258  -0.512363  -1.928618  0.161842  -0.549214  
-0.049034  0.303244  -0.153306  -0.220032  -0.210558  -0.175102  -0.167494  -0.118097  0.799962  
 1    -2.392355    0.185831      0.743567   3150.000000      0.624559
 2    -3.812137    0.430615      0.887128   7036.000000      1.817848
 3    -4.426184    0.550671      0.949218   12370.000000      3.590644
 4    -4.741875    0.660194      0.981139   20812.000000      7.102396
 5    -4.821494    0.708140      0.989189   34230.000000     14.146233
 6    -4.866209    0.745348      0.993711   48283.000000     23.182463
 7    -4.883460    0.780671      0.995455   76675.000000     45.318440
 8    -4.897119    0.819623      0.996836   124833.000000     87.659686
 9    -4.901123    0.835969      0.997241   218921.000000    184.728317
10    -4.909071    0.921903      0.998045   283962.000000    262.033286
6.283185    0.651615    
4.263627    5.693961    0.634550    0.419317    
3.594812    4.176179    5.498571    0.616065    0.490170    0.286012    
3.033527    4.139563    3.799798    5.406495    0.642101    0.511556    0.361326    0.246030    
2.348179    3.573988    3.549644    3.876428    4.811929    0.619153    0.483909    0.418835    0.284434    0.184265    
2.007634    3.532001    3.416777    3.474596    3.887991    4.751629    0.646210    0.498079    0.415792    0.337130    0.230865    0.126045    
1.922626    3.389062    3.365351    3.427584    3.760730    4.297199    5.576638    0.635267    0.494330    0.423727    0.347088    0.269843    0.177813    0.069223    
1.845377    3.227989    3.195964    3.304761    3.566248    4.115410    4.359282    5.555585    0.639746    0.476773    0.418186    0.360242    0.289387    0.223064    0.119346    0.064237    
1.701986    2.956089    3.026616    3.148535    3.357343    3.769344    4.038406    4.613626    4.933976    0.623336    0.462707    0.414073    0.362404    0.310631    0.239507    0.175162    0.092009    0.048218    
1.879809    3.279576    3.222996    3.366154    3.640867    4.150472    4.319403    5.341082    4.538679    6.283185    0.643372    0.475121    0.417438    0.358057    0.289575    0.234252    0.149039    0.134048    0.068669    0.056071    
