 9    -6.759326    5.790173    0.414674
-0.035920  -1.299604  0.889104  -0.585994  0.462999  -0.768262  -1.095189  -1.467687  1.944982  -0.321040  -0.414614  -0.035430  3.271529  -0.267381  0.734255  -0.297524  -0.216513  1.865483  0.718226  0.226963  -0.908634  1.313824  0.193337  1.572044  -1.879911  1.578469  -0.685577  -0.879810  0.464822  -1.564092  1.209342  0.987161  -0.700099  -0.423367  0.187833  0.288651  
0.268038  -0.249322  0.236216  -0.233370  0.198924  -0.799962  0.203441  -0.140581  0.289496  
 1    -3.428145    0.256852      0.734557   3405.000000      0.692296
 2    -5.202848    0.595575      0.875973   7110.000000      1.806632
 3    -6.020257    0.734078      0.941108   11622.000000      3.401527
 4    -6.529042    0.862610      0.981650   18948.000000      6.364110
 5    -6.655877    0.943014      0.991757   30343.000000     12.280185
 6    -6.723573    0.968884      0.997151   45729.000000     21.997830
 7    -6.744335    0.982425      0.998805   65074.000000     36.370813
 8    -6.749400    0.986966      0.999209   113061.000000     79.692716
 9    -6.755520    0.996777      0.999697   144302.000000    110.645501
10    -6.757338    0.998369      0.999842   196720.000000    170.486521
5.069705    0.679824    
2.727904    3.681053    0.600987    0.437345    
2.368274    2.633049    3.572763    0.604425    0.472570    0.285843    
2.104282    2.624209    2.316002    3.660354    0.640827    0.499507    0.349374    0.270123    
1.786616    2.255676    2.130884    2.365524    2.921118    0.610972    0.454848    0.395810    0.238153    0.210118    
1.241553    2.268874    2.187109    2.170166    2.366045    2.904504    0.644786    0.502839    0.414306    0.342247    0.221072    0.161525    
1.172844    2.017128    1.966542    2.046975    2.154150    2.556285    2.599740    0.638410    0.464335    0.405879    0.354417    0.285192    0.179605    0.101288    
1.089483    1.826865    1.870525    1.939338    2.036492    2.234181    2.479156    2.685419    0.615154    0.448215    0.403673    0.351819    0.302449    0.221135    0.140355    0.059629    
1.115116    1.894456    1.866857    1.909973    1.991085    2.197905    2.339299    2.591578    3.155345    0.627989    0.450087    0.397810    0.348357    0.302126    0.227280    0.188726    0.082987    0.056127    
1.008706    1.666743    1.739309    1.783677    1.855121    1.959315    2.188316    2.330064    2.813561    2.833686    0.603221    0.427585    0.388837    0.343264    0.306908    0.249977    0.205851    0.155264    0.071032    0.046893    
