 9    -4.881298    5.193069    0.143779
0.158384  -2.469081  -1.367974  0.135415  1.363801  -0.059990  -0.573970  0.521582  -0.633190  -0.989024  -1.811767  -0.207563  0.278757  1.736000  1.327823  -0.349844  0.156643  -2.476514  0.480148  -0.972058  1.202101  0.714467  0.655365  0.348766  0.662913  -0.184703  -0.262322  -0.376450  -0.853822  0.404938  0.329897  -1.820386  -0.261047  -2.927611  0.447633  -0.376779  
0.917887  0.197284  0.522799  0.493061  -0.331551  -0.342979  -0.574718  -0.739730  -0.198815  
 1    -2.524615    0.231124      0.766071   3960.000000      0.805607
 2    -3.580376    0.536057      0.870868   7257.000000      1.844452
 3    -4.282153    0.736829      0.940528   11500.000000      3.259544
 4    -4.555952    0.858742      0.967706   17005.000000      5.634323
 5    -4.741380    0.943287      0.986112   23502.000000      9.036770
 6    -4.821932    0.969462      0.994107   33032.000000     14.775291
 7    -4.851625    0.985032      0.997055   46198.000000     24.154836
 8    -4.868673    0.993985      0.998747   64627.000000     40.226213
 9    -4.874771    0.996620      0.999352   88603.000000     63.086969
10    -4.873013    0.996160      0.999178   113309.000000     88.136887
1.542048    0.523354    
1.219342    1.522142    0.768199    0.418600    
1.019640    1.170309    1.274109    0.704245    0.541481    0.293670    
0.881753    1.142469    1.139744    1.297078    0.699691    0.550427    0.402439    0.179202    
0.811666    1.025235    1.057708    1.207679    1.519742    0.648050    0.532077    0.399159    0.282911    0.134990    
0.644123    1.027426    0.949921    1.036790    1.254339    1.473519    0.668620    0.540567    0.427169    0.328571    0.227906    0.118792    
0.574388    0.969247    0.912161    0.975528    1.133725    1.361470    1.404500    0.658342    0.535397    0.443688    0.361505    0.258609    0.173909    0.075019    
0.488201    0.884684    0.861562    0.901015    1.002571    1.143161    1.330998    1.484119    0.657953    0.514383    0.455171    0.382903    0.301775    0.207541    0.150764    0.060806    
0.435737    0.816028    0.816125    0.821895    0.902621    1.010301    1.137676    1.244833    1.418451    0.652568    0.505142    0.442366    0.384857    0.322636    0.242908    0.171353    0.119561    0.051162    
0.447366    0.833543    0.827203    0.846341    0.935292    1.058191    1.200278    1.386221    3.421948    1.719801    0.653022    0.511035    0.446553    0.389529    0.319088    0.229580    0.158802    0.079289    1.538577    1.541433    
