 9    -5.544493    5.117143    0.826982
1.584050  0.306209  -0.722096  0.029006  -2.123688  -1.829934  0.920972  -0.910938  0.595995  2.324745  -0.049952  -2.065527  0.045791  0.106866  -0.384576  -0.676318  0.195727  -0.449039  -0.653854  -0.236046  1.792894  -0.558148  -2.057404  -0.646124  -0.252330  0.356522  0.378152  -0.871000  -0.687169  -0.223007  -1.301475  0.287603  -1.024622  -1.447560  1.407380  -0.085809  
0.309308  -0.277154  0.226240  0.245490  0.487500  0.224585  0.266031  0.246558  -0.272653  
 1    -2.819331    0.321422      0.744395   3156.000000      0.629831
 2    -4.354430    0.688050      0.888379   6762.000000      1.715060
 3    -5.156549    0.882167      0.963613   11879.000000      3.428380
 4    -5.428431    0.943295      0.989114   18620.000000      6.212938
 5    -5.496062    0.978225      0.995457   30919.000000     12.845680
 6    -5.530635    0.994180      0.998700   49119.000000     23.850267
 7    -5.539395    0.997955      0.999522   71506.000000     41.318421
 8    -5.541220    0.998911      0.999693   99182.000000     65.631780
 9    -5.543580    0.999731      0.999914   186085.000000    153.020227
10    -5.543733    0.999755      0.999929   260350.000000    241.185690
5.117632    0.589578    
3.372604    4.494065    0.754096    0.427604    
3.038498    3.141545    3.845251    0.710210    0.526954    0.308693    
2.298930    3.131069    2.888780    3.638448    0.695879    0.568103    0.411779    0.244123    
1.772895    2.666246    2.594312    2.814544    3.369062    0.661802    0.527760    0.464878    0.335204    0.186229    
1.446788    2.577344    2.486957    2.441502    2.719806    3.273111    0.678809    0.539393    0.460111    0.378302    0.275442    0.136071    
1.316536    2.296990    2.231847    2.261548    2.424534    2.746051    3.166955    0.666828    0.501827    0.441934    0.392032    0.317515    0.214097    0.088486    
1.288566    2.290935    2.288526    2.322204    2.457785    2.736637    3.111759    3.756721    0.662715    0.513391    0.458835    0.401997    0.337022    0.250928    0.140900    0.041778    
1.239754    2.181374    2.119382    2.084027    2.144471    2.257681    2.499678    2.979132    3.686506    0.655132    0.493236    0.430719    0.377005    0.324428    0.262988    0.206920    0.128086    0.048963    
1.194626    2.088756    2.064938    2.031818    2.050761    2.166646    2.449479    2.849465    3.455251    5.904359    0.647635    0.483689    0.425789    0.370849    0.320328    0.266320    0.212675    0.129792    0.040202    1.559647    
