 9    -5.485742    6.334789    0.293449
-0.270164  0.934725  -0.978179  1.679502  -0.282496  -2.137573  -0.087249  -0.115780  1.694825  0.442736  0.904835  -0.777380  -0.167235  0.549352  0.270288  -0.407457  0.289694  -0.826243  0.196590  -0.202494  -0.952162  -0.713718  -1.209645  1.367745  -1.526735  -1.657416  0.561338  -0.300495  1.356880  0.349474  1.041995  -0.848362  -1.767157  -1.281304  0.645754  -0.422787  
0.197226  0.138153  -0.160422  -0.179125  -0.096029  -0.146243  0.106123  -0.799962  -0.102167  
 1    -2.260095    0.163054      0.727115   3204.000000      0.636213
 2    -4.135200    0.570912      0.885746   6706.000000      1.708704
 3    -4.705315    0.723693      0.933977   11815.000000      3.530006
 4    -5.152151    0.861008      0.971779   18469.000000      6.214290
 5    -5.345132    0.913476      0.988105   32357.000000     14.036314
 6    -5.427242    0.963645      0.995051   53215.000000     26.850338
 7    -5.457439    0.983711      0.997606   70229.000000     40.252285
 8    -5.470350    0.991229      0.998698   97630.000000     63.475060
 9    -5.479823    0.996825      0.999499   170246.000000    136.637967
10    -5.482741    0.998204      0.999746   261418.000000    239.914697
6.283185    0.658567    
5.244730    6.283185    0.462042    0.451007    
4.168278    5.318543    6.283185    0.536800    0.409276    0.279441    
3.806760    5.172727    4.803264    6.283185    0.609885    0.481141    0.276378    0.267208    
3.135716    4.551274    4.384125    4.797201    6.196932    0.582561    0.453504    0.388231    0.228968    0.223792    
2.511564    4.466619    4.327731    4.459570    4.750465    5.918564    0.620233    0.474290    0.394012    0.326881    0.195742    0.172191    
2.327046    4.072264    4.054930    4.240326    4.399881    5.196425    5.314251    0.614861    0.457347    0.394601    0.335196    0.264934    0.164086    0.107937    
2.223449    3.946443    3.992902    4.147822    4.343141    4.929401    4.974982    6.283185    0.607863    0.455621    0.400299    0.341738    0.276368    0.215233    0.117881    0.064273    
2.100120    3.713341    3.790806    3.910176    4.057101    4.514991    4.794788    5.005688    6.271682    0.602270    0.442872    0.389914    0.339037    0.293343    0.219382    0.187426    0.074690    0.062291    
1.827801    3.272663    3.544544    3.679771    3.841887    4.092833    4.486114    4.746418    5.434138    5.768461    0.583856    0.429204    0.386357    0.341118    0.306356    0.248793    0.200316    0.154216    0.066054    0.050676    
