 9    -4.881144    5.821934    0.335218
0.865590  -0.505806  0.978056  0.089766  -0.313105  -0.997138  -0.062213  -0.719255  0.387988  0.285235  -2.107092  1.542011  -0.122495  -0.217374  1.046019  1.691346  1.035376  -0.154498  0.326185  -1.045922  -0.085956  -0.631021  -1.049734  0.551428  0.243106  -1.882774  1.321947  -0.329868  -1.139055  1.343185  -1.124240  0.546957  1.477139  -1.810112  -1.513006  1.365347  
0.064425  -0.383687  -0.102212  0.210026  -0.250580  0.209198  0.737465  -0.178285  0.269684  
 1    -2.455898    0.159663      0.773407   3423.000000      0.686142
 2    -3.591462    0.381551      0.879504   7443.000000      1.874306
 3    -4.159664    0.472779      0.932591   11947.000000      3.449405
 4    -4.456733    0.618392      0.960347   18484.000000      6.226889
 5    -4.539888    0.693695      0.968116   26434.000000     10.193419
 6    -4.650135    0.824687      0.978417   38185.000000     17.553293
 7    -4.732299    0.895055      0.986093   51267.000000     26.378848
 8    -4.749849    0.903661      0.987733   70103.000000     42.992937
 9    -4.671013    0.847126      0.980367   96440.000000     70.047617
10    -4.763377    0.927386      0.988997   173752.000000    158.008674
5.178239    0.672067    
2.857615    3.897639    0.599791    0.425119    
2.586277    2.920123    4.237715    0.609846    0.500330    0.276684    
2.248278    2.774132    2.536918    3.971678    0.611648    0.482287    0.332588    0.244339    
1.914596    2.517438    2.475520    2.849603    3.338645    0.598736    0.464716    0.385278    0.248698    0.166639    
2.050000    2.535790    2.447472    3.169700    2.788965    5.861677    0.584028    0.461272    0.362951    0.225678    0.225726    0.130172    
2.062476    2.484363    2.326814    2.985262    2.604859    6.283185    6.283185    0.578109    0.447249    0.360121    0.201746    0.230060    0.188133    0.105425    
2.048901    2.450657    2.310043    2.900811    2.665765    6.244714    6.283185    5.689700    0.577257    0.444713    0.368989    0.206875    0.244779    0.179402    0.145073    0.055987    
2.353327    2.882632    2.743562    3.447727    2.397549    4.601480    6.149045    2.949002    3.348351    0.630841    0.500116    0.297692    0.289604    1.570796    0.183578    0.170771    0.043496    0.037071    
2.131401    2.490105    2.339446    2.993388    2.631818    6.034733    6.283185    5.361438    6.283185    1.340391    0.578913    0.448930    0.360041    0.219423    0.250577    0.192163    0.118654    0.092205    0.074523    1.546932    
