 9    -4.735405    4.970444    0.409822
0.277660  1.805239  -0.840097  -0.895218  0.561813  -0.478703  0.312600  -1.203183  -1.609399  -0.798519  -0.206177  -0.118149  0.223079  0.612972  1.086046  0.936871  -0.778794  1.019699  0.968641  1.117000  -0.644645  -0.159126  -1.731727  2.054992  -1.788954  -1.960834  0.559302  -0.342946  -0.961238  -0.595871  -0.255397  -0.446996  0.118446  -0.238217  -0.162742  1.358204  
-0.300000  1.000000  1.000000  1.000000  1.000000  1.000000  1.000000  1.000000  1.000000  
 1    -0.523628    0.019440      0.566058   3309.000000      0.703483
 2    -0.711469    0.002559      0.585411   6427.000000      1.734846
 3    -0.839149    0.003662      0.598566   9445.000000      2.888780
 4    -0.944251    0.024647      0.609395   13379.000000      4.486343
 5    -1.099751    0.065780      0.625416   17671.000000      6.750178
 6    -1.199725    0.106935      0.635717   25416.000000     11.021025
 7    -1.527765    0.090880      0.669515   30159.000000     14.953861
 8    -1.507481    0.140098      0.667425   41769.000000     24.993348
 9    -1.864647    0.169407      0.704224   47471.000000     31.144598
10    -1.622755    0.121977      0.679302   66834.000000     53.886803
0.432472    0.570845    
0.311483    0.385210    0.761257    0.386432    
0.339748    0.337019    0.732941    0.783756    0.465280    1.326222    
0.324888    0.345045    3.977477    4.271634    0.800528    0.473264    1.229034    0.291424    
0.364804    0.368991    4.007764    4.222042    1.945370    0.843150    0.489674    1.216688    0.285018    0.222351    
0.293610    0.347427    0.768777    1.671252    5.611868    4.305913    0.755212    0.432356    1.289013    0.314263    0.305414    1.399741    
0.317042    0.329856    0.757790    2.902290    3.729901    4.242433    1.936670    0.751517    0.466954    1.238487    1.347697    1.229964    0.255289    0.204901    
0.342072    0.435913    3.908265    4.267230    6.256668    3.804481    6.082938    5.661215    0.890205    0.401496    1.316105    0.167157    1.504110    1.420500    0.272419    0.200910    
0.327365    0.402956    0.748184    1.770617    0.509697    2.932616    4.205381    4.252737    1.314774    0.833933    0.554596    1.286239    0.194398    0.303766    0.239395    1.213464    0.212841    1.394470    
0.282076    0.189121    0.373329    5.016486    3.697769    5.665572    5.685506    5.626873    4.266218    2.073267    0.587684    0.546484    0.455231    0.238467    0.270496    0.184068    0.085570    0.255049    1.403143    1.440078    
