 9    -3.632578    5.219441    0.298589
-0.944526  -0.876067  0.826348  -0.320301  -1.080067  1.307439  -0.072256  1.633084  1.209046  -0.966583  -1.493422  -0.523997  0.003965  -0.293546  0.062105  -0.430417  0.109365  -0.063731  0.741933  -0.730128  -1.295282  0.584340  0.263752  0.919100  -0.028440  -0.286742  2.014533  1.437291  -1.871341  -0.033665  0.017098  -0.669845  -0.390340  0.270122  0.528851  -0.003812  
-0.300000  1.000000  1.000000  1.000000  1.000000  1.000000  1.000000  1.000000  1.000000  
 1    -0.240795    0.001291      0.616835   2517.000000      0.553848
 2    -0.445137    0.000826      0.639919   5962.000000      1.679501
 3    -0.571733    0.000970      0.654221   9476.000000      2.992803
 4    -0.627199    0.000970      0.660487   13621.000000      4.812477
 5    -0.693805    0.014206      0.668011   19949.000000      7.931418
 6    -0.703622    0.000655      0.669120   26667.000000     12.085666
 7    -0.822910    0.017052      0.682596   34053.000000     18.127191
 8    -0.848341    0.009873      0.685469   46277.000000     27.812618
 9    -0.890810    0.000619      0.690266   57978.000000     39.751413
10    -0.899678    0.008189      0.691268   68383.000000     54.162256
0.347289    1.163372    
0.279769    0.676496    1.218806    1.339558    
0.253216    0.619212    0.724078    1.232826    1.347666    1.407917    
0.211705    0.557569    0.661456    0.826732    1.198841    1.345738    1.374947    1.453607    
5.412917    4.949967    1.826378    5.085405    3.580760    0.665909    0.299598    0.996012    1.369386    0.240257    
0.178842    0.424138    0.540693    0.674396    0.738900    0.944456    1.153731    1.306804    1.353460    1.407172    1.440836    1.489822    
5.724712    5.842798    4.782238    2.446183    5.584151    2.094091    5.220260    0.861885    1.110228    0.141427    0.426673    1.180400    1.285703    1.277416    
0.961073    5.628498    4.290040    4.120534    1.789167    1.658641    0.783929    3.375370    1.430946    0.494642    1.268929    0.874901    0.210872    0.193828    1.384716    1.256018    
0.218123    0.564252    0.646903    0.623374    1.076937    3.967728    4.915352    4.543820    2.822881    1.160371    1.344542    1.398671    1.378615    1.420309    1.417989    0.107353    0.284377    1.390788    
0.272012    0.688050    3.115328    3.196069    2.416616    6.173655    3.330605    2.298164    4.434407    3.053647    1.210675    1.245629    0.151440    1.395123    1.393169    0.220222    1.371922    1.462402    0.230774    1.437779    
