 9    -5.754971    4.367644    0.981280
-0.217286  -0.915852  1.062431  0.444871  -0.375857  -1.325971  -0.652894  -0.842896  -0.447425  1.539325  0.027425  -0.777571  -1.614024  0.688196  -0.014051  0.026840  0.549220  0.855711  0.291851  -0.626174  -2.124388  0.198757  0.726640  -0.387585  0.110386  2.242068  -0.104016  0.801473  1.070724  0.797388  0.451471  1.084119  0.856671  -0.268014  0.219906  0.141838  
-0.198485  -0.067242  -0.128256  0.799962  0.125826  0.137411  -0.156543  -0.141449  -0.206624  
 1    -2.373132    0.194195      0.665913   3102.000000      0.608806
 2    -4.199628    0.571549      0.846350   7132.000000      1.808363
 3    -4.835726    0.740381      0.909189   12086.000000      3.499967
 4    -5.239094    0.812048      0.949037   20830.000000      7.140039
 5    -5.503254    0.898534      0.975133   32077.000000     12.947556
 6    -5.598775    0.922611      0.984570   46704.000000     22.098737
 7    -5.648204    0.941686      0.989453   71191.000000     40.233083
 8    -5.687707    0.971797      0.993355   94270.000000     60.775711
 9    -5.728583    0.990115      0.997393   132016.000000     97.376079
10    -5.743341    0.995633      0.998851   222547.000000    199.441754
6.283185    0.649041    
4.958030    5.400378    0.445560    0.445468    
3.797612    4.935892    4.247641    0.480877    0.361728    0.255806    
3.755354    4.576400    3.971773    6.283185    0.584951    0.473910    0.247210    0.248874    
3.444476    4.129772    3.804264    5.061592    4.192218    0.580238    0.452894    0.338021    0.177751    0.193354    
2.365723    3.917181    3.821301    3.985788    4.668606    4.450930    0.578694    0.459561    0.387869    0.285033    0.174729    0.150314    
2.183591    3.706669    3.685891    3.877875    3.965324    4.824048    4.547632    0.615385    0.454615    0.385126    0.324729    0.254918    0.141180    0.111052    
2.161534    3.814245    3.796719    3.951158    4.215863    4.664490    4.264548    6.283185    0.607735    0.460624    0.394158    0.325082    0.234432    0.224010    0.060271    0.094076    
2.169772    3.701122    3.620809    3.766759    3.887641    4.646671    4.250078    6.283185    4.134095    0.617566    0.451570    0.375069    0.319577    0.254779    0.205425    0.176991    0.038828    0.104295    
2.043806    3.325059    3.388828    3.565731    3.724223    4.101692    4.441419    4.331467    6.094223    4.336836    0.598196    0.433605    0.378509    0.313326    0.277716    0.204393    0.189891    0.122098    0.062796    0.083288    
