 9    -5.727360    4.633374    1.089732
1.011944  0.346745  -0.230357  -0.433349  -0.627075  0.791468  -0.598915  -0.869797  -0.788798  -0.724587  -0.092965  -1.456969  0.201143  -0.592222  0.822629  -1.629775  1.174757  2.386508  -0.728570  -0.271611  -1.366432  -0.545020  -0.308100  -1.794647  1.810442  -0.040052  -1.391488  -1.741249  -0.824328  0.888951  -1.114523  1.365967  0.558312  0.855175  -0.596318  -0.278357  
-0.300000  1.000000  1.000000  1.000000  1.000000  1.000000  1.000000  1.000000  1.000000  
 1    -1.231891    0.000628      0.566105   3690.000000      0.833646
 2    -1.641998    0.000147      0.605688   6472.000000      1.904162
 3    -1.901350    0.000081      0.630720   9596.000000      2.928777
 4    -1.899109    0.000683      0.630504   13797.000000      4.633796
 5    -2.107257    0.000025      0.650594   19119.000000      7.169691
 6    -1.954351    0.000162      0.635836   24772.000000     11.126937
 7    -1.985742    0.001499      0.638865   32890.000000     17.221989
 8    -2.108686    0.000348      0.650732   39064.000000     23.155058
 9    -1.893592    0.000039      0.629971   53732.000000     38.249753
10    -2.047247    0.000018      0.644802   67087.000000     53.095038
0.445057    0.543797    
0.328341    0.435917    0.849179    0.449089    
0.277095    0.256964    0.326627    0.700754    0.515575    0.323143    
0.325670    0.334541    0.743819    1.715264    0.783179    0.469948    1.309907    0.083316    
0.187056    0.274277    0.297553    0.690473    0.410814    0.641750    0.605810    0.431655    1.229508    1.370947    
0.248112    0.254487    0.321807    5.959909    3.038583    2.875727    0.671701    0.554615    0.388327    0.080176    0.068954    0.056598    
0.315003    0.339681    0.724949    1.753172    2.943299    4.973747    4.965393    0.783198    0.488649    1.337540    0.121421    0.106711    1.463322    0.089927    
0.311594    0.344393    0.697062    0.372523    1.683326    0.853796    0.453370    3.081813    0.778776    0.513311    1.222549    1.348044    0.132205    1.360723    1.418027    1.544431    
0.324760    0.396684    6.019283    2.905663    1.294719    2.843305    3.375784    2.883065    2.467951    0.825346    0.516735    0.176552    0.073784    1.469112    1.523860    1.491598    1.458323    0.077335    
0.332098    0.331591    0.726060    6.283185    4.845779    1.584966    6.161377    4.095453    1.068799    6.109705    0.785776    0.471926    1.352680    1.535956    0.108676    1.445719    1.494197    0.071353    0.066679    0.079434    
