 9    -6.901379    4.589268    0.076733
-0.016842  1.193143  0.399772  -1.002405  -1.181365  -0.378506  -0.714387  -0.865035  1.730648  -0.959349  -0.173111  -1.518304  0.611202  0.386043  0.675178  0.119889  1.049504  0.194760  0.715019  -0.416904  -0.306104  0.760458  0.887064  1.471282  -0.290232  -1.620485  -2.252044  -0.289965  -0.387475  1.377674  -1.817218  -0.321535  0.621941  -0.265941  1.511721  -0.481059  
-0.300000  1.000000  1.000000  1.000000  1.000000  1.000000  1.000000  1.000000  1.000000  
 1    -0.289135    0.017452      0.424554   2763.000000      0.671507
 2    -0.504851    0.013678      0.443327   6154.000000      1.762551
 3    -0.583261    0.015636      0.450151   9010.000000      2.812786
 4    -0.721809    0.020380      0.462209   13228.000000      4.652184
 5    -0.843705    0.009915      0.472817   18530.000000      7.300316
 6    -0.952071    0.002052      0.482248   25508.000000     12.017182
 7    -0.965851    0.015886      0.483447   31415.000000     16.389026
 8    -1.132934    0.055480      0.497988   42866.000000     26.723365
 9    -1.144193    0.047994      0.498968   50765.000000     35.452289
10    -1.387185    0.022052      0.520115   62436.000000     47.860137
5.946585    0.710587    
6.143349    2.907710    0.467003    0.478448    
3.529572    5.346254    1.842007    0.451819    0.425247    0.195836    
5.800125    0.508363    1.248525    4.403343    0.072459    0.320462    1.024601    1.281814    
6.038900    0.282039    1.194440    4.324350    5.578632    0.168729    0.308261    1.168741    1.247828    1.269273    
6.122784    5.755024    5.528852    3.972371    2.648143    2.496607    0.519896    1.103037    1.305842    1.201112    0.489360    1.101814    
6.005826    0.564384    6.254049    4.029747    3.791786    3.637627    3.712318    0.560541    0.326579    1.300381    1.213543    0.108190    0.258989    0.089017    
5.946018    0.449526    3.672715    5.018685    4.972898    4.508713    6.200849    4.922900    0.607575    0.328501    0.353625    0.202944    0.325573    1.423857    1.458619    1.316088    
5.993003    0.668680    6.181846    1.321077    1.948022    4.140584    6.283185    3.246513    5.066995    0.403195    0.266645    1.176154    0.274268    0.271962    1.433537    0.185495    0.225860    1.361535    
5.970443    3.034053    5.560586    6.249731    0.968843    0.514330    5.011169    4.957989    5.680575    4.334476    0.395016    0.610733    0.140710    1.047393    0.282357    1.518543    0.234062    1.465476    1.319071    0.397740    
