 9    -5.246688    6.573189    0.005203
0.238444  0.083739  -0.285309  0.820320  2.772535  1.922071  0.717749  0.194126  -1.362224  1.075911  0.656403  0.149734  0.320614  0.914567  -1.547847  2.150050  0.871377  -0.892210  0.312259  0.446726  -0.424200  1.268882  -0.513329  0.799139  1.440468  0.658850  0.837964  -0.497161  0.986576  -0.773761  -0.411618  -0.228449  -0.773643  1.023479  0.746771  -2.181157  
-0.300000  1.000000  1.000000  1.000000  1.000000  1.000000  1.000000  1.000000  1.000000  
 1    -0.438264    0.002003      0.593192   2496.000000      0.645411
 2    -0.632940    0.005064      0.609662   6402.000000      2.083982
 3    -0.672288    0.007686      0.612991   10220.000000      3.675334
 4    -0.821316    0.017441      0.625599   14631.000000      5.521162
 5    -0.813131    0.020780      0.624907   18656.000000      7.222812
 6    -0.950732    0.009757      0.636548   24838.000000     11.206967
 7    -1.022200    0.013822      0.642595   32290.000000     17.028220
 8    -1.112693    0.027947      0.650251   41637.000000     25.178411
 9    -1.344657    0.019200      0.669876   52385.000000     35.858862
10    -1.329505    0.021949      0.668594   66531.000000     52.598038
2.205522    0.681953    
1.525322    2.637806    0.608643    0.756743    
1.465546    2.630458    6.225499    0.609936    0.773693    1.447385    
1.355003    2.600619    2.214354    5.689285    0.573082    0.665717    1.287216    1.410569    
2.195441    2.597808    5.075498    4.384049    2.267250    0.589820    1.203476    0.270393    0.236299    0.182153    
1.325984    2.601667    2.191869    5.835023    1.606271    1.932497    0.582192    0.636602    1.305049    1.435485    0.245003    1.491724    
1.433272    1.980567    0.623091    2.225731    5.269639    4.039951    2.578421    0.490028    0.088318    0.672392    1.170881    1.445136    0.102709    1.358976    
0.854087    2.621920    1.248669    5.178401    2.142454    4.038712    4.300959    3.476158    0.622927    1.058698    0.192556    1.145479    1.446839    0.122501    0.338406    1.394404    
2.245531    4.295266    1.827806    2.604714    1.335553    2.460967    5.591891    4.552812    6.283185    0.755492    1.345354    1.311353    0.323311    1.302196    1.400882    1.523907    0.361277    1.421530    
2.092516    2.875847    4.257015    4.645472    1.599617    5.579909    1.016829    5.201269    5.494144    1.993472    0.637315    1.355647    0.355048    0.324465    0.158184    1.412642    1.140779    0.124065    1.384078    1.255081    
