 9    -4.414467    4.608296    0.009048
-0.913186  0.596383  0.783402  -0.561723  -0.291456  1.049971  0.974512  -0.630528  -0.053466  1.690651  -0.015440  0.065761  -0.867256  -0.327027  -0.371583  -0.194330  -0.448940  -1.491343  1.642849  0.599594  -0.460096  -2.010617  0.502082  1.134824  -1.005218  -1.249696  -0.871701  0.020682  -0.788147  -0.522394  0.775097  0.634871  -0.673511  0.471438  -0.921861  0.449032  
0.295876  0.285614  -0.256872  -0.297170  -0.297274  -0.271441  0.315455  -0.242862  -0.100190  
 1    -2.276364    0.299728      0.763032   3282.000000      0.676682
 2    -3.542996    0.572255      0.903414   6684.000000      1.693419
 3    -4.170286    0.760282      0.972937   11945.000000      3.490412
 4    -4.316257    0.818435      0.989115   20009.000000      6.996744
 5    -4.345457    0.903798      0.992352   28818.000000     11.123203
 6    -4.379895    0.937323      0.996168   54245.000000     28.153302
 7    -4.392987    0.981036      0.997619   81087.000000     48.989052
 8    -4.407084    0.993601      0.999182   128313.000000     91.003548
 9    -4.411478    0.998319      0.999669   173169.000000    133.834441
10    -4.413126    0.999277      0.999851   266029.000000    241.966680
5.102320    0.567880    
3.930392    5.015274    0.809203    0.428309    
3.441722    3.360383    4.013602    0.707723    0.521273    0.309857    
2.405334    3.286690    3.174894    3.650295    0.659333    0.562756    0.408936    0.220154    
2.598064    3.325187    3.310541    3.722254    5.176889    0.669359    0.564059    0.412950    0.287534    0.095290    
1.807413    3.075259    2.908310    3.339240    3.751282    4.916900    0.652554    0.544411    0.467057    0.367829    0.242435    0.110627    
1.817566    3.160777    2.936679    3.411245    3.843812    5.011437    5.223226    0.655454    0.551940    0.461701    0.366572    0.233321    0.174626    0.067353    
1.524318    2.959586    2.738304    3.000755    3.347358    3.893975    4.287697    5.031455    0.682181    0.529419    0.472316    0.388813    0.300869    0.190699    0.169514    0.074681    
1.432229    2.724116    2.638956    2.757965    3.080604    3.460128    4.078442    3.968508    4.508700    0.670219    0.516407    0.464887    0.395600    0.318482    0.229774    0.178764    0.129393    0.063949    
1.353330    2.543516    2.468445    2.506087    2.676755    2.868846    3.259991    3.667873    3.948953    4.323868    0.658191    0.496611    0.443302    0.382960    0.309764    0.238553    0.180051    0.160513    0.115105    0.053921    
