 9    -5.080570    4.235769    0.644317
1.319751  -0.169291  -0.060430  0.880154  0.440474  0.282055  -1.219574  -0.679306  -0.367388  -0.797539  0.622276  -0.818255  -0.316651  -2.039845  0.708758  -0.138086  0.106757  -0.657646  0.217738  -0.925505  -0.420240  -0.215826  0.618240  -1.075169  -1.079639  -0.515391  0.871164  -0.995943  0.940282  -0.051731  -1.061947  -1.776930  -0.799917  0.075276  -0.179210  -1.648911  
0.014583  -0.275789  -0.184215  -0.173038  0.895660  -0.186015  -0.174625  -0.251487  -0.210905  
 1    -2.784001    0.154414      0.753490   3492.000000      0.697559
 2    -3.829070    0.317251      0.865666   7322.000000      1.861852
 3    -4.218923    0.373630      0.907512   12621.000000      3.628373
 4    -4.549294    0.390877      0.942974   19253.000000      6.494603
 5    -4.648149    0.422987      0.953585   29464.000000     11.529747
 6    -4.689942    0.427396      0.958071   43597.000000     20.101585
 7    -4.710681    0.563946      0.960297   62697.000000     34.607368
 8    -4.715701    0.457614      0.960836   92365.000000     60.529168
 9    -4.783411    0.565714      0.968103   125148.000000     93.927442
10    -4.882140    0.821956      0.978701   197854.000000    171.169736
5.543388    0.683768    
2.800748    3.594264    0.498399    0.440831    
2.354999    2.818399    3.207738    0.529193    0.406207    0.241294    
2.232157    2.717171    2.418453    4.037248    0.603032    0.472921    0.305421    0.258275    
1.886454    2.379847    2.310097    2.730233    2.927531    0.585535    0.440258    0.367894    0.204525    0.195598    
1.290888    2.316702    2.313013    2.382308    2.678466    2.975916    0.608125    0.467445    0.390255    0.313460    0.194281    0.139495    
2.221170    2.591137    2.559502    4.649059    4.723441    4.768624    3.236085    0.618624    0.474958    0.355304    0.253952    1.350630    1.470162    1.426365    
1.323113    2.070102    2.142185    2.269651    2.516307    2.845140    3.610044    6.274542    0.591286    0.442276    0.385907    0.305116    0.260946    0.153467    0.000000    1.500078    
1.192954    1.695064    1.936727    2.300730    2.491586    2.936321    3.392737    6.073834    6.283185    0.597954    0.387985    0.393564    0.349000    0.307137    0.175755    0.000000    1.363531    1.442024    
1.936425    2.652898    2.442848    2.951686    6.277293    2.954872    6.283185    6.071210    6.283185    6.283185    0.586068    0.450335    0.331203    0.198357    1.570796    1.316143    1.329970    1.351467    1.369856    1.487844    
