 9    -3.632578    5.219441    0.298589
-0.944526  -0.876067  0.826348  -0.320301  -1.080067  1.307439  -0.072256  1.633084  1.209046  -0.966583  -1.493422  -0.523997  0.003965  -0.293546  0.062105  -0.430417  0.109365  -0.063731  0.741933  -0.730128  -1.295282  0.584340  0.263752  0.919100  -0.028440  -0.286742  2.014533  1.437291  -1.871341  -0.033665  0.017098  -0.669845  -0.390340  0.270122  0.528851  -0.003812  
-0.254200  -0.238446  -0.201367  -0.173463  -0.222354  0.799998  0.189278  -0.216183  -0.129783  
 1    -2.042719    0.178155      0.820396   3567.000000      0.712369
 2    -2.725435    0.102995      0.897521   7169.000000      1.826494
 3    -3.101043    0.198019      0.939953   13319.000000      3.857967
 4    -3.153106    0.415175      0.945835   19233.000000      6.160617
 5    -3.260432    0.745661      0.957959   28245.000000     10.969344
 6    -3.384877    0.807939      0.972018   43487.000000     20.880789
 7    -3.444248    0.795176      0.978725   63809.000000     36.269034
 8    -3.522588    0.893994      0.987575   90358.000000     58.619524
 9    -3.351024    0.756724      0.968193   110629.000000     80.560361
10    -3.512056    0.877974      0.986385   151372.000000    125.174434
5.526722    0.695928    
2.891081    4.220312    0.583172    0.431380    
2.570718    3.043988    4.738800    0.609006    0.522976    0.310445    
2.533272    3.105056    5.531487    1.617171    0.591154    0.542127    0.456427    1.370577    
2.543018    3.188656    6.109958    2.363470    2.105987    0.615510    0.565519    0.508299    1.101335    0.259476    
2.494291    2.978122    4.681473    1.833338    3.233650    2.467569    0.602034    0.523784    0.467287    1.317630    0.415168    1.243304    
2.305737    2.673588    2.477741    2.331470    3.324033    2.459868    2.125037    0.606295    0.431822    0.412473    1.519913    0.494532    1.118661    0.230989    
2.100997    2.777344    2.328930    1.898678    2.885867    1.928845    3.326145    2.013817    0.616007    0.441444    0.373019    1.570796    0.536893    1.224292    0.415511    1.291456    
2.221308    3.070039    3.824004    6.069807    5.561853    2.600805    3.085773    2.040728    6.283185    0.603720    0.511357    0.332464    1.570796    1.291573    0.304940    1.216480    0.224617    1.520608    
2.226199    2.662907    2.446824    2.813728    2.827147    2.755456    6.283185    2.580675    2.806363    1.965531    0.598294    0.453185    0.392022    1.570796    0.387944    1.392654    0.172648    1.267482    0.284238    1.448730    
