 9    -4.632089    4.659803    0.286011
-0.934865  0.816632  0.671318  0.859880  0.640418  0.266168  -0.867070  -0.429947  0.784486  0.648298  -1.177462  -0.270474  0.982758  0.978122  -0.218039  -1.001104  0.680115  -0.061909  0.443576  -0.178919  -0.562895  -0.681361  1.251128  0.112286  -0.010073  -1.276786  0.717665  1.291600  -0.105187  -0.953890  -1.007958  -0.949926  -0.329737  0.157287  1.385215  1.187480  
0.185783  -0.862459  -0.158484  -0.198183  -0.224904  0.222384  0.250000  0.219425  -0.316475  
 1    -2.354029    0.262739      0.754833   3204.000000      0.648662
 2    -3.361795    0.591740      0.863290   6716.000000      1.703024
 3    -4.063145    0.718188      0.938770   11550.000000      3.348738
 4    -4.455140    0.876510      0.980957   19866.000000      6.760612
 5    -4.559739    0.949133      0.992214   30921.000000     12.341225
 6    -4.610195    0.984762      0.997644   42367.000000     20.094957
 7    -4.623965    0.994913      0.999126   61197.000000     34.327982
 8    -4.627252    0.996736      0.999479   101591.000000     70.045079
 9    -4.630076    0.998958      0.999783   137136.000000    103.649718
10    -4.631027    0.999525      0.999886   218818.000000    195.739917
5.581924    0.663785    
2.808858    3.957524    0.601725    0.434468    
2.490799    2.832966    3.944368    0.622742    0.504128    0.319201    
2.134726    2.838307    2.528307    3.794929    0.643792    0.523366    0.370695    0.278088    
1.778897    2.518170    2.331068    2.549056    3.159250    0.626381    0.483245    0.416129    0.265695    0.209558    
1.381661    2.428296    2.332181    2.335856    2.515652    3.072443    0.649731    0.507045    0.426307    0.350352    0.229503    0.160371    
1.261487    2.158072    2.113594    2.184337    2.286750    2.697346    2.771052    0.634403    0.473895    0.416159    0.360546    0.291824    0.185256    0.100889    
1.135100    1.925224    1.975693    2.056832    2.146892    2.344093    2.614655    2.799473    0.611661    0.451515    0.411613    0.361049    0.312518    0.230773    0.147189    0.064266    
1.096008    1.914134    1.959668    1.988807    2.051746    2.202061    2.384458    2.677056    3.108022    0.615956    0.456831    0.408217    0.358258    0.316455    0.249223    0.198390    0.107221    0.053146    
0.905368    1.654360    1.854294    1.911298    1.965289    2.053214    2.224373    2.423424    2.797279    3.037520    0.592923    0.450327    0.409332    0.365245    0.330035    0.278345    0.225291    0.173183    0.089702    0.042339    
