 9    -5.060654    6.181778    0.611415
-1.005836  0.503446  1.199233  1.483479  -0.592821  -0.667869  -0.277927  -0.746122  -1.144461  -0.517024  -1.065586  0.040723  -0.927408  0.138031  -1.344592  0.494226  -0.986034  0.821460  1.196688  1.597137  -1.299495  0.713507  0.143302  0.823571  -1.206175  -1.405423  0.998794  1.505038  0.429739  -1.935947  -0.247171  0.900996  -0.349041  -0.477095  -1.421178  0.104364  
-0.300000  1.000000  1.000000  1.000000  1.000000  1.000000  1.000000  1.000000  1.000000  
 1    -0.616864    0.004575      0.604731   2715.000000      0.602156
 2    -1.172305    0.001686      0.654136   6162.000000      1.722014
 3    -1.367423    0.000856      0.671492   9422.000000      2.935623
 4    -1.433302    0.001307      0.677352   13106.000000      4.554019
 5    -1.458801    0.001145      0.679620   18580.000000      7.086908
 6    -1.540177    0.004933      0.686858   22882.000000     10.133165
 7    -1.607721    0.002302      0.692866   31158.000000     16.064577
 8    -1.741984    0.000594      0.704809   38420.000000     22.800130
 9    -1.686358    0.004588      0.699861   49638.000000     34.403969
10    -1.872360    0.008952      0.716405   65498.000000     53.512836
0.456506    0.607288    
0.334950    0.471010    0.840217    0.492529    
0.351768    0.385613    1.836654    0.825581    0.499536    1.359872    
0.354533    0.375695    1.873083    1.244144    0.822557    0.486368    1.363127    0.109471    
0.357232    0.377824    1.868827    1.231925    5.803950    0.823365    0.489466    1.375052    0.108735    1.502121    
0.343966    0.392825    1.839552    2.170463    4.379635    2.080992    0.814702    0.529718    1.416645    0.000000    0.151595    1.401778    
0.367913    0.387302    1.868668    1.235007    5.244343    4.590894    0.678690    0.826578    0.502118    1.388442    0.080916    0.040076    1.428979    1.425655    
0.326026    0.382781    2.359443    1.269938    0.833964    6.283185    0.829601    3.393883    0.815067    0.464875    0.163553    1.426254    1.452308    0.135204    0.134793    0.067199    
0.342893    0.364545    1.274391    6.178164    4.704130    2.084769    1.244224    2.887184    4.794655    0.808246    0.461198    0.246810    0.020182    0.135449    1.446326    0.139839    1.482342    0.072151    
0.333673    0.390763    1.272072    5.757944    2.218233    2.186617    0.811400    2.057106    4.686943    6.126117    0.807811    0.440786    0.265405    0.047685    1.421991    0.144801    0.125258    1.451867    0.083280    1.409669    
