 9    -4.214233    5.748454    0.106205
1.415251  0.219463  -0.718165  -0.944054  -0.116164  0.462922  0.910378  -0.360768  -0.283324  0.908532  -2.179756  0.817572  -0.543350  -0.058177  -0.193823  -1.548497  1.024911  -1.174386  1.714655  -0.665776  -0.677361  -2.201595  -0.396134  0.140625  -0.952711  -0.290926  -1.226109  0.732937  -0.346134  1.466360  0.202895  2.018910  -0.173823  0.958717  -0.066130  0.927002  
-0.205114  0.249994  0.236243  0.251656  0.210308  -0.737465  -0.210280  0.264019  -0.243027  
 1    -2.177683    0.008213      0.795582   3282.000000      0.672891
 2    -3.046517    0.001139      0.882791   7002.000000      1.806510
 3    -3.477608    0.000632      0.926062   11953.000000      3.473877
 4    -3.489308    0.000739      0.927236   17598.000000      5.727048
 5    -3.787797    0.000029      0.957197   25614.000000      9.893576
 6    -3.641868    0.003304      0.942549   37260.000000     16.620420
 7    -3.826641    0.000005      0.961096   64258.000000     38.105398
 8    -3.833155    0.000006      0.961749   95947.000000     70.061155
 9    -3.701112    0.001248      0.948496   125210.000000     99.446660
10    -3.712418    0.001514      0.949631   165907.000000    145.257380
5.037664    0.658491    
2.673688    3.697461    0.608706    0.426207    
2.392990    2.667498    3.869325    0.629187    0.513612    0.298067    
2.324795    2.698787    3.806972    6.283185    0.628089    0.525461    0.285883    1.532967    
1.572290    2.124651    2.138436    2.231412    3.175604    0.599846    0.457999    0.411959    0.279330    0.228663    
2.034845    2.595280    2.707750    6.210122    2.818546    5.286614    0.612848    0.492420    0.364450    1.570796    1.291287    1.454869    
1.191972    2.065072    2.053549    2.082257    2.228919    2.589633    3.292334    0.639624    0.483315    0.420268    0.357174    0.282172    0.206554    0.084501    
1.147762    1.992127    1.954892    2.003919    2.112821    2.425620    2.413994    3.919257    0.641228    0.469924    0.411986    0.360867    0.297852    0.223100    0.153708    0.071948    
2.184354    2.705947    2.499464    5.911094    2.665463    2.624264    2.788656    3.663909    6.283185    0.638765    0.470476    0.313899    1.448719    1.289572    1.338895    1.327072    1.493907    0.069398    
2.180869    2.729164    2.499163    5.867992    2.562757    2.405106    2.699256    3.058771    6.283185    3.304261    0.643038    0.476657    0.308507    1.434175    1.284688    1.325081    1.296103    1.455851    0.085534    0.069459    
