 9    -5.115162    6.708566    0.058519
-0.000432  -1.841434  -0.203556  -0.624784  -1.219408  -1.390574  -1.150531  0.491366  0.054424  0.097679  0.567014  -0.634688  -0.084317  2.237933  1.307675  -0.653678  0.796986  0.879571  1.715826  -0.195418  -0.504751  1.175331  -1.889992  0.104471  -0.910703  -0.366799  -3.151341  0.559314  1.007451  0.443932  -0.758146  -1.414866  1.207394  -0.785814  -1.332247  -1.326884  
-0.300000  1.000000  1.000000  1.000000  1.000000  1.000000  1.000000  1.000000  1.000000  
 1    -0.815973    0.000025      0.636393   3261.000000      0.789046
 2    -1.201612    0.000940      0.669009   5860.000000      1.607934
 3    -1.355990    0.000458      0.682065   9217.000000      2.874576
 4    -1.421606    0.003115      0.687615   13843.000000      4.825440
 5    -1.664428    0.001576      0.708152   18868.000000      7.444929
 6    -1.578755    0.002299      0.700906   24706.000000     11.212529
 7    -1.989487    0.001081      0.735644   32162.000000     17.041624
 8    -2.143725    0.002125      0.748689   41597.000000     25.551072
 9    -1.909617    0.000130      0.728889   51528.000000     36.379888
10    -2.548903    0.000432      0.782957   64788.000000     53.866860
1.128528    0.897999    
1.000426    1.397439    0.804030    1.297799    
0.768202    1.295173    1.542314    0.724749    1.324854    0.184993    
0.920873    1.457150    2.910946    4.265683    0.783643    1.280765    1.379873    0.154048    
0.834634    1.338371    0.613908    0.996411    1.391524    0.767216    1.239088    1.331786    0.225927    1.396754    
0.919456    1.394510    0.650721    3.012914    2.623561    4.344481    0.744685    1.228362    1.379505    1.354973    1.467760    0.186927    
0.621829    1.044935    0.617479    5.071587    4.784332    5.648574    5.149449    0.874756    1.083226    1.220332    0.144511    0.142228    0.163943    1.445657    
0.327688    1.062230    0.625418    4.011220    5.079417    6.283185    2.841676    6.257231    0.824249    1.204100    1.139774    0.161891    1.479922    0.062246    0.016005    1.472660    
0.870229    1.380702    0.587933    1.069220    5.740235    6.272121    1.879565    3.899827    3.977610    0.747358    1.225757    1.343131    0.195232    0.173425    1.515823    0.069617    1.440748    0.115460    
0.323257    1.058144    0.629482    5.518932    3.045197    3.479288    6.283185    5.326835    5.586888    3.606765    0.814451    1.227465    1.150352    1.441951    1.556843    0.111958    1.467567    0.147250    0.150556    0.081224    
