 9    -5.685796    4.906882    0.300679
-1.945109  0.620710  -0.432221  0.462573  0.020115  -0.392806  2.213288  1.454509  -1.097804  0.429880  0.343355  0.253077  0.832716  0.277569  -0.227005  0.024562  -1.309637  -0.479140  0.549007  -0.083391  0.370486  0.223746  -0.543539  -0.007769  -0.247837  -2.646761  -1.998196  -0.599280  -0.526701  -1.153541  0.319954  -0.002845  0.365779  0.084837  -0.581482  -2.112574  
-0.300000  1.000000  1.000000  1.000000  1.000000  1.000000  1.000000  1.000000  1.000000  
 1    -1.785314    0.008065      0.631776   3645.000000      0.780979
 2    -2.845588    0.006701      0.731871   7147.000000      1.916839
 3    -3.407301    0.000466      0.784899   9284.000000      2.832026
 4    -3.558899    0.000237      0.799211   13686.000000      4.661612
 5    -3.389187    0.043291      0.783189   18698.000000      7.115431
 6    -3.610840    0.036158      0.804114   24012.000000     10.338532
 7    -3.786693    0.062886      0.820716   29890.000000     15.300035
 8    -3.439282    0.171322      0.787918   38988.000000     23.649642
 9    -3.456089    0.208094      0.789505   48026.000000     33.411297
10    -3.865016    0.118497      0.828110   59998.000000     47.073792
0.429250    0.566981    
0.321428    0.425456    0.825396    0.451493    
0.276379    0.274411    0.336479    0.710092    0.529997    0.322225    
0.216147    0.267103    0.268977    0.320092    0.679745    0.552796    0.421310    0.210722    
0.327809    0.369091    1.146962    6.229616    1.626984    0.797717    0.505637    0.211199    0.122910    1.461799    
0.255744    0.256259    0.322115    5.718452    0.872722    5.048494    0.670032    0.545670    0.368043    1.458861    0.119718    1.483553    
0.178837    0.274788    0.275386    0.306447    2.118629    4.981081    2.901553    0.654268    0.594417    0.458101    0.154902    1.453977    0.126992    0.113153    
0.327207    0.393196    4.374437    6.174281    4.077846    2.358671    2.238129    1.934910    0.830491    0.486172    0.148533    0.126508    1.413250    0.106923    1.447508    1.469447    
0.314805    0.389120    5.708005    6.118370    3.693283    4.257067    3.855971    2.395020    3.804434    0.809328    0.495286    1.439300    1.362066    1.432573    0.041078    0.118907    1.478347    1.491329    
0.221937    0.294167    0.326306    1.161418    0.912211    0.419217    5.863718    1.624696    0.473908    3.333693    0.706490    0.605440    0.437119    0.154081    1.398114    1.374617    0.079563    1.570796    0.133378    1.469634    
