 9    -4.598024    6.312364    0.085935
0.425188  -0.032820  0.989448  -1.579437  0.454097  0.217572  -1.497999  1.743353  -0.600091  -0.362574  1.672800  -0.356083  0.579311  -1.287199  -0.941917  1.686668  0.022534  0.530166  0.436340  -0.059709  0.772730  0.727365  -0.111376  1.309072  0.569217  0.248014  -1.875047  -0.291692  0.303654  0.201907  0.575408  -0.715979  1.107949  -0.585802  -0.688011  -2.668418  
-0.300000  1.000000  1.000000  1.000000  1.000000  1.000000  1.000000  1.000000  1.000000  
 1    -0.462797    0.001383      0.620983   3114.000000      0.750772
 2    -0.624131    0.002413      0.635770   6309.000000      1.897219
 3    -0.764158    0.003794      0.648604   9551.000000      3.222791
 4    -0.832264    0.009188      0.654846   13987.000000      5.287999
 5    -0.880971    0.005577      0.659311   20169.000000      7.796953
 6    -0.959717    0.003831      0.666528   25308.000000     11.171882
 7    -1.008091    0.028195      0.670962   32739.000000     16.558649
 8    -1.097541    0.011071      0.679161   43025.000000     26.104932
 9    -1.115603    0.017184      0.680816   54121.000000     37.403157
10    -1.194409    0.036533      0.688039   74163.000000     61.401536
1.407072    0.755813    
1.373586    2.549600    0.760464    0.262602    
1.402230    2.684266    5.655068    0.829801    0.208994    1.301758    
1.406364    2.734390    5.637137    1.451983    0.858559    0.152766    1.254724    1.397612    
1.413557    2.677083    5.644608    5.548348    6.283185    0.822760    0.218031    1.299134    1.557609    0.170713    
1.306602    2.529046    4.788950    4.435290    3.795446    1.771353    0.644278    0.268914    1.418176    1.468556    0.238475    1.335962    
1.622098    0.898561    0.869205    1.086108    3.050700    5.942389    5.405079    0.699766    0.490700    0.181441    0.240262    1.491862    0.127974    0.053381    
1.394414    2.744269    5.603410    1.540299    2.522685    4.416677    3.454372    0.683573    0.862202    0.162902    1.255564    1.398046    0.101081    0.052494    0.195278    1.388246    
1.262734    2.796761    5.597819    1.237859    5.497124    5.927051    1.925999    6.125121    3.499135    0.874558    0.316990    1.261245    1.353259    1.423398    1.354840    0.283808    0.152379    0.089233    
1.546761    2.719218    0.144204    4.052493    1.407136    1.189781    4.623827    2.898091    2.064306    4.260680    0.711592    0.953229    0.923132    1.204827    0.187896    0.269774    1.282932    0.262236    1.439945    0.179819    
