 9    -5.081236    4.835773    0.284221
-1.105140  -1.607770  -1.264305  -0.061869  -0.944557  -1.679209  -0.822992  -0.049193  -0.700455  0.428230  -1.542561  0.340174  1.443574  -0.181025  0.498420  0.636785  -0.874873  -0.610991  0.944186  0.764858  0.946040  -0.456936  -0.665911  -1.666717  -0.734193  0.241131  1.866028  0.123527  -1.140208  1.479094  -0.270763  -0.309019  0.036444  0.677593  -0.573055  0.205904  
-0.300000  1.000000  1.000000  1.000000  1.000000  1.000000  1.000000  1.000000  1.000000  
 1    -0.399317    0.004082      0.527890   2763.000000      0.607427
 2    -0.491092    0.002472      0.537144   6198.000000      1.731301
 3    -0.606154    0.005669      0.548747   9525.000000      3.040226
 4    -0.851008    0.011036      0.573437   14580.000000      5.270499
 5    -0.902334    0.010560      0.578613   19774.000000      7.984857
 6    -0.993612    0.010595      0.587817   24437.000000     11.172035
 7    -1.098651    0.003460      0.598409   33578.000000     17.497641
 8    -1.168321    0.004176      0.605434   41026.000000     24.523760
 9    -1.150355    0.021213      0.603622   53258.000000     36.589545
10    -1.330505    0.005510      0.621788   67044.000000     54.508876
1.489610    1.090039    
1.440592    2.744395    1.139078    0.229723    
1.411500    4.855244    6.143639    1.073757    1.470835    1.276314    
0.969530    2.739026    5.302051    3.256048    0.897507    0.331279    0.125051    1.251604    
0.958678    2.727621    5.298573    3.293889    4.378792    0.887045    0.336574    0.134996    1.241734    0.121848    
0.921223    2.694309    5.273024    3.316801    5.194889    2.263644    0.886072    0.308114    0.145120    1.240363    1.418257    0.193690    
0.922319    2.717677    5.282939    3.339064    4.499207    2.954116    5.633877    0.881473    0.309913    0.180637    1.170654    0.117709    0.104729    1.366437    
0.917074    2.702153    5.252632    3.343536    5.209014    0.766908    1.422354    5.729754    0.893681    0.312970    0.163962    1.192386    1.416674    1.444077    0.121796    1.401487    
1.070306    2.751922    5.118539    3.364726    6.283185    2.927572    3.920857    5.254790    2.437186    0.933524    0.394581    0.103168    1.417171    1.472033    1.398839    0.206275    1.418249    0.142174    
0.918080    2.697271    5.248615    3.324647    4.643637    0.579395    2.086079    0.593028    4.704345    6.283185    0.895776    0.280528    0.178038    1.248628    0.059488    1.451789    0.239937    0.142249    0.118914    0.220428    
