 9    -5.691604    5.042029    0.512324
0.430938  -0.542637  0.194046  0.385938  -0.267642  0.217277  -0.090503  -1.006812  0.651659  0.164604  -0.647003  0.385322  1.784355  -0.112984  1.501999  0.249831  0.201717  -0.118379  -2.445190  -0.479024  -0.094391  0.396033  -0.461941  -0.823301  -1.196468  -0.730448  -0.438865  -1.367512  -0.588236  -0.004564  -0.043706  1.223881  -1.818261  -0.360588  -2.257409  -0.648768  
-0.300000  1.000000  1.000000  1.000000  1.000000  1.000000  1.000000  1.000000  1.000000  
 1    -1.354631    0.016616      0.595945   3489.000000      0.747519
 2    -2.151970    0.010243      0.670230   6078.000000      1.631720
 3    -2.479207    0.003171      0.700717   9200.000000      2.805447
 4    -2.528796    0.014538      0.705337   12769.000000      4.329818
 5    -2.587367    0.036335      0.710793   17940.000000      6.954666
 6    -2.592052    0.162818      0.711230   23449.000000     10.343146
 7    -2.644122    0.130564      0.716081   27653.000000     13.864061
 8    -3.002978    0.226400      0.749514   36348.000000     21.172178
 9    -3.479231    0.284835      0.793884   47244.000000     31.754754
10    -3.718068    0.503016      0.816135   55836.000000     42.477858
0.398403    0.579260    
0.311716    0.391927    0.795493    0.415615    
0.276970    0.259579    0.314857    0.696497    0.506914    0.304283    
0.286362    0.253345    0.281595    3.772893    0.697389    0.493691    0.265757    1.473605    
0.287383    0.249071    0.266156    3.842319    4.117992    0.692338    0.487170    0.280104    1.415313    0.095897    
0.314014    0.379384    5.190232    3.650440    4.064757    4.510107    0.802948    0.433349    0.162451    0.188045    1.366649    1.416058    
0.329716    0.387499    3.984834    5.024457    0.964578    3.077198    3.634314    0.802899    0.515435    1.369779    0.195566    1.469198    1.428340    1.447007    
0.334005    0.309370    0.734094    2.422765    2.518357    5.009733    0.898461    1.739246    0.764810    0.469444    1.268383    1.532960    0.168168    1.386535    0.163505    1.448083    
0.187947    0.324323    0.311383    0.752471    3.093419    1.746801    1.760004    1.776328    1.735155    0.731013    0.658372    0.447659    1.339901    1.442211    0.201355    1.375954    0.172143    1.459733    
0.313965    0.317627    0.737684    4.969072    4.126556    5.022117    3.652199    4.577664    6.260271    4.083210    0.763407    0.495515    1.269831    0.163264    1.380810    0.154215    0.126533    0.122817    1.445354    0.120116    
