 9    -7.503069    5.212213    1.551593
-0.497271  0.107765  1.882873  -1.069230  -1.527741  -1.511618  0.386228  0.482651  2.007500  -0.509702  -0.890950  0.223526  0.045737  1.275074  0.981557  -1.357761  0.467119  -0.566509  2.345418  -0.477393  -0.310067  1.301076  -0.166463  0.935313  1.558391  -0.933234  0.168355  0.230982  -0.599004  0.442476  0.782476  1.961281  0.745696  0.456744  0.636113  -2.370204  
-0.300000  1.000000  1.000000  1.000000  1.000000  1.000000  1.000000  1.000000  1.000000  
 1    -0.433691    0.006925      0.444025   2724.000000      0.593806
 2    -0.494667    0.003846      0.448821   5751.000000      1.595551
 3    -0.563753    0.002207      0.454254   9376.000000      2.930578
 4    -0.739717    0.023961      0.468093   14095.000000      5.005921
 5    -0.981741    0.022162      0.487127   19941.000000      8.507177
 6    -1.097141    0.026212      0.496202   26782.000000     12.861301
 7    -1.168227    0.056258      0.501793   32672.000000     17.325313
 8    -1.224601    0.023475      0.506227   43082.000000     25.905285
 9    -1.363935    0.078276      0.517185   61109.000000     44.460918
10    -1.402943    0.019815      0.520252   65007.000000     53.143934
5.399327    0.820264    
5.374850    5.677951    0.889685    1.385675    
1.418982    1.471434    4.148206    0.737617    1.333870    1.235034    
5.253627    0.731017    6.283185    4.186082    0.808924    0.274927    1.364708    0.583407    
5.350230    0.666315    6.177783    4.085165    5.688383    0.840305    0.131056    1.435338    0.270205    1.248742    
5.322004    0.509125    6.283185    4.197319    5.783124    5.405379    0.771723    0.185420    1.482555    0.385510    1.179663    0.263274    
5.398203    0.533858    6.147104    4.176576    5.885607    4.092182    3.253171    0.912006    0.044174    1.440620    0.101542    1.244888    0.153056    0.251480    
5.345222    0.706478    6.150568    4.211057    5.454114    5.966336    3.148080    4.412549    0.775351    0.173191    1.395958    0.327006    1.291321    0.248893    0.219688    0.124309    
5.481304    5.656791    4.815010    3.947572    2.464983    4.089310    5.367436    2.111688    3.613028    0.916682    1.533548    0.031129    1.382667    1.162140    0.342617    1.432089    0.173789    0.190309    
5.409878    2.495173    5.197849    2.781555    4.690961    1.810235    3.282205    6.057943    1.449766    1.394963    0.745131    0.285552    0.568163    0.104920    1.219035    1.275231    0.323879    1.240657    1.372743    0.096069    
