 9    -5.507427    6.302127    0.179255
0.286737  -1.614226  -2.273977  -0.592228  0.483037  0.143706  -2.061878  -0.378867  -1.044350  -0.467956  -1.944020  -0.360842  -0.845624  -0.393506  -0.128412  1.699103  -0.205102  -1.353236  0.078569  -0.912648  0.287707  0.720950  2.542370  1.214664  -0.456812  -0.948636  -0.651693  1.089899  0.792231  -0.326891  -0.526344  -0.326621  -2.338225  -1.775788  0.054964  2.505928  
0.216611  -0.135026  -0.124729  0.164649  -0.135168  -0.121128  0.800000  0.119293  -0.157912  
 1    -2.803915    0.194784      0.771074   3024.000000      0.597261
 2    -4.475171    0.563887      0.912591   7064.000000      1.785889
 3    -4.832359    0.680863      0.942837   12356.000000      3.638588
 4    -5.244739    0.841559      0.977756   19983.000000      6.722224
 5    -5.409764    0.883480      0.991730   32814.000000     13.547844
 6    -5.468566    0.930884      0.996709   54843.000000     27.810315
 7    -5.490981    0.984878      0.998607   81803.000000     49.084168
 8    -5.499346    0.993314      0.999316   122578.000000     86.422761
 9    -5.504285    0.997608      0.999734   198341.000000    165.087435
10    -5.506116    0.999458      0.999889   313057.000000    296.566772
6.283185    0.670026    
4.095280    6.283185    0.402941    0.506188    
3.709619    4.702524    6.283185    0.509306    0.431632    0.266010    
3.455055    4.410683    3.990161    6.283185    0.609422    0.465677    0.275095    0.300925    
2.728645    3.831960    3.704532    3.867758    6.283185    0.550199    0.437729    0.386634    0.217972    0.270880    
2.105492    3.827109    3.720046    3.829161    3.809194    6.276716    0.622442    0.458718    0.381558    0.332308    0.212897    0.214829    
2.027197    3.501608    3.490053    3.671311    3.803117    4.363430    4.942167    0.607152    0.440070    0.384167    0.328078    0.270127    0.153606    0.145714    
1.893934    3.221144    3.305422    3.414295    3.579156    3.912807    4.412225    4.801936    0.591863    0.427722    0.376967    0.323032    0.284972    0.206894    0.138976    0.090554    
1.805234    3.191303    3.291873    3.370650    3.494919    3.859696    4.185791    4.139411    5.834704    0.597087    0.430156    0.378478    0.330167    0.291062    0.216226    0.188929    0.090209    0.066110    
1.663978    2.891709    3.075564    3.168131    3.320159    3.532565    3.973037    4.098345    4.743565    5.007300    0.582181    0.414607    0.368340    0.326339    0.297079    0.239433    0.194298    0.158269    0.060245    0.052948    
