 9    -4.320308    3.799955    0.258445
-0.923498  -0.196534  0.260503  -0.102614  -0.289689  0.713549  1.119250  -0.355867  -0.124338  0.141519  0.018409  -0.366028  0.248184  -0.044728  -1.645756  0.499089  0.988699  -0.835499  -1.171304  0.700343  -0.401667  -0.034007  0.791615  1.123036  -0.257931  -0.761827  -0.188643  -0.265364  -0.121081  1.140362  -1.382377  -1.137642  0.134821  -0.174638  -0.251077  1.593456  
-0.300000  1.000000  1.000000  1.000000  1.000000  1.000000  1.000000  1.000000  1.000000  
 1    -0.205367    0.002225      0.493250   3474.000000      0.815110
 2    -0.485979    0.000480      0.527807   6208.000000      1.783800
 3    -0.610089    0.000079      0.543091   9919.000000      3.285269
 4    -0.623400    0.000038      0.544730   13046.000000      4.803294
 5    -0.648002    0.000053      0.547760   18873.000000      7.188895
 6    -0.817068    0.002974      0.568580   24930.000000     10.981100
 7    -0.738090    0.001961      0.558854   33913.000000     17.811355
 8    -0.903312    0.030842      0.579201   46025.000000     28.224811
 9    -1.011604    0.105519      0.592537   54577.000000     37.638028
10    -0.961474    0.100727      0.586364   66697.000000     52.720421
0.372798    0.947567    
0.312361    0.405205    0.815835    0.458994    
0.284161    0.296682    0.325491    0.730407    0.524855    0.301700    
0.252348    0.278669    0.311815    5.527176    0.699333    0.545060    0.382118    1.462704    
0.287652    0.267171    0.312562    3.598619    4.801249    0.703199    0.488134    0.384385    0.164326    1.439150    
0.346868    0.380788    5.121837    4.346027    3.326467    3.460882    0.827473    0.534748    0.277156    0.146301    0.207476    0.165243    
0.304998    0.226138    0.195161    3.409776    3.438808    2.526551    5.595685    0.698361    0.413104    0.433211    0.291818    0.133280    0.167056    1.387364    
0.307072    0.443347    4.743314    3.561618    1.138506    4.445911    3.289960    4.914377    0.848618    0.647760    1.261614    1.458068    0.347270    0.019971    0.205140    1.301033    
0.426796    6.024579    4.792298    4.769067    2.501240    4.391451    5.733728    5.378984    5.976555    0.647331    0.306715    1.209464    0.195788    0.037448    0.264359    1.270882    0.225222    1.446049    
0.401478    5.865601    1.403570    2.503344    5.037299    3.222826    1.631656    1.611642    5.680104    1.373137    0.865620    0.428131    0.449412    1.135051    1.284200    1.514549    1.391250    1.479606    1.223447    0.170355    
