 9    -7.897651    4.952899    0.886416
-0.736260  0.440260  0.731900  0.254316  -1.807715  1.053235  -2.661686  -1.076339  0.484691  0.170791  0.129711  -0.386408  1.199626  -1.070269  -1.157811  -0.271514  -0.071525  -0.862646  -0.789977  0.300384  -0.166081  0.298657  1.737711  0.311688  1.138495  0.966284  0.786999  0.293484  1.821675  0.389296  -0.421461  -1.009982  -0.778994  0.523633  2.114998  0.015515  
0.247688  0.163869  -0.123810  -0.142492  -0.800000  0.149458  -0.161301  0.188745  0.210703  
 1    -3.929052    0.273384      0.691173   2913.000000      0.600623
 2    -6.060809    0.632248      0.857061   7050.000000      1.773653
 3    -6.880377    0.818838      0.920838   11685.000000      3.389644
 4    -7.465879    0.863039      0.966401   18645.000000      6.311061
 5    -7.731444    0.962050      0.987066   30599.000000     12.184512
 6    -7.833754    0.982368      0.995028   46904.000000     22.925139
 7    -7.877672    0.992020      0.998445   68630.000000     38.890989
 8    -7.887996    0.994754      0.999249   102641.000000     69.300766
 9    -7.893557    0.998540      0.999681   163495.000000    131.297484
10    -7.896283    0.999531      0.999894   246392.000000    226.824287
6.283185    0.667942    
3.846204    4.864104    0.496303    0.453636    
3.221793    3.810714    3.858961    0.523430    0.379677    0.260683    
3.069573    3.676206    3.141183    5.467259    0.612136    0.479829    0.304093    0.269798    
2.766230    3.298504    3.036075    3.738885    3.636448    0.601786    0.449646    0.360383    0.189323    0.203296    
1.842195    3.122797    3.088126    3.148546    3.584918    3.716131    0.599137    0.476163    0.397162    0.307509    0.190533    0.154445    
1.690522    2.895801    2.829383    2.973690    3.063124    3.740697    3.513299    0.628154    0.453620    0.390799    0.336306    0.266830    0.159998    0.111171    
1.609096    2.571650    2.577921    2.664113    2.786522    2.981277    3.556907    3.348959    0.605258    0.424570    0.375409    0.318708    0.286129    0.204144    0.134660    0.080031    
1.579521    2.647301    2.650297    2.707845    2.810123    3.103171    3.370296    3.471558    4.454853    0.613792    0.435626    0.381774    0.329850    0.292647    0.212331    0.184855    0.074518    0.056312    
1.499426    2.420000    2.451831    2.496172    2.615655    2.751667    3.153375    3.231412    3.959368    3.783257    0.598952    0.413324    0.365407    0.320353    0.293078    0.236363    0.193566    0.155110    0.057193    0.054300    
