 9    -5.060654    6.181778    0.611415
-1.005836  0.503446  1.199233  1.483479  -0.592821  -0.667869  -0.277927  -0.746122  -1.144461  -0.517024  -1.065586  0.040723  -0.927408  0.138031  -1.344592  0.494226  -0.986034  0.821460  1.196688  1.597137  -1.299495  0.713507  0.143302  0.823571  -1.206175  -1.405423  0.998794  1.505038  0.429739  -1.935947  -0.247171  0.900996  -0.349041  -0.477095  -1.421178  0.104364  
0.318403  -0.197135  -0.251013  -0.201350  -0.184910  0.893734  0.196045  0.180772  -0.275192  
 1    -2.553619    0.275631      0.777002   3453.000000      0.692498
 2    -3.847179    0.627406      0.892063   7563.000000      1.943720
 3    -4.408803    0.800861      0.942019   11630.000000      3.349166
 4    -4.818170    0.881474      0.978431   20144.000000      6.568064
 5    -4.964195    0.967204      0.991420   29279.000000     11.494479
 6    -5.025122    0.986483      0.996840   43233.000000     20.239875
 7    -5.048726    0.994834      0.998939   57976.000000     31.181814
 8    -5.054041    0.996684      0.999412   98306.000000     66.368627
 9    -5.058558    0.999215      0.999814   137111.000000    105.494211
10    -5.059775    0.999626      0.999922   193502.000000    169.466748
4.917564    0.693086    
2.581539    3.274451    0.546734    0.441721    
2.196495    2.495029    2.875357    0.568997    0.411914    0.264753    
2.033688    2.497000    2.200589    3.418675    0.635400    0.495528    0.317417    0.265365    
1.822562    2.194064    2.027594    2.400537    2.513977    0.611686    0.455512    0.376121    0.208789    0.199367    
1.202927    2.126876    2.081484    2.088180    2.345164    2.565142    0.619968    0.493528    0.409592    0.326687    0.203506    0.153508    
1.127403    1.930220    1.882415    1.964096    2.047420    2.465127    2.387796    0.633638    0.462429    0.401185    0.347261    0.277023    0.171228    0.104747    
1.063391    1.726342    1.736204    1.795389    1.879547    2.032565    2.336957    2.319997    0.609780    0.436151    0.389013    0.335200    0.293342    0.211925    0.138814    0.069366    
1.041508    1.762901    1.759055    1.792843    1.860369    2.044011    2.200504    2.376985    2.905165    0.619049    0.443829    0.391787    0.341175    0.299182    0.223813    0.188585    0.083093    0.054248    
0.959725    1.569103    1.609389    1.640281    1.708821    1.792556    2.026385    2.141338    2.543442    2.595859    0.598410    0.417757    0.374375    0.331278    0.298864    0.246205    0.201931    0.157653    0.067425    0.047123    
