 9    -5.039876    5.838968    0.316578
0.993539  -0.758112  -0.351157  0.938245  -1.000467  -1.201973  2.034609  0.008307  0.258243  0.446007  -0.069812  -0.033584  -0.685347  1.140189  -1.653406  0.232497  -0.203918  -1.100841  1.758511  -0.430515  1.327838  0.925540  0.184446  1.811597  2.076887  -0.405200  0.515850  -1.207827  1.824501  -0.403212  0.578353  0.335270  -1.066069  -0.213213  -1.180237  0.789907  
-0.300000  1.000000  1.000000  1.000000  1.000000  1.000000  1.000000  1.000000  1.000000  
 1    -0.311195    0.001579      0.565332   2904.000000      0.646673
 2    -0.454402    0.004975      0.578496   5555.000000      1.795352
 3    -0.589083    0.021375      0.590876   10028.000000      3.391363
 4    -0.708262    0.007421      0.601831   13831.000000      5.098895
 5    -0.763674    0.006408      0.606925   19525.000000      7.684483
 6    -0.860253    0.012954      0.615803   25748.000000     11.672410
 7    -0.949349    0.027705      0.623992   34628.000000     17.911299
 8    -1.038676    0.032403      0.632204   41904.000000     25.157845
 9    -1.039448    0.013328      0.632274   54298.000000     37.651612
10    -1.217529    0.034762      0.648644   65875.000000     51.266630
5.451422    0.824939    
1.349778    2.672568    0.616667    0.264911    
5.379296    3.157451    2.284181    0.477705    1.383939    1.112041    
5.609258    2.433850    5.723519    1.162893    0.655761    1.228342    0.323657    1.277924    
5.319916    2.765612    2.626754    5.157226    1.618697    0.489942    1.451475    1.192354    0.280367    1.372577    
5.301334    2.746281    2.666795    5.048726    1.607573    2.566324    0.439297    1.401168    1.221427    0.329351    1.345432    1.333565    
5.454582    2.413217    4.171215    2.201809    1.956108    3.389906    4.228410    0.549558    1.419725    0.564574    0.329515    0.313140    1.454212    0.175718    
5.343224    2.650825    2.725974    4.887616    1.756971    2.448133    3.901710    2.808672    0.514165    1.473298    1.241849    0.237474    1.340766    1.327547    1.405220    0.283132    
5.401425    2.643736    2.805188    1.568633    3.912454    1.543395    5.527541    4.563802    1.644408    0.394738    1.386155    1.239720    1.392653    0.134524    1.330679    1.367058    0.318566    1.430454    
5.291984    1.616106    3.949622    2.587987    6.283185    1.898907    4.094425    2.573833    4.612961    3.170718    0.570875    0.272126    1.132751    0.108504    0.253917    0.207568    0.126215    1.458573    0.131368    0.142172    
