 9    -6.482641    5.687921    0.029225
-1.450948  1.910953  0.711879  -0.247738  0.361466  -0.032950  -0.221347  0.477257  -0.691939  0.792006  0.073249  1.303286  0.213481  1.017349  1.911712  -0.529672  1.842135  -1.057235  -0.862916  0.237631  -1.154182  1.214984  -1.293759  0.822723  -0.332151  -1.281429  0.218538  2.083474  -0.248218  0.267460  0.712514  -0.653608  0.162280  2.213380  -0.665534  -1.009003  
-0.300000  1.000000  1.000000  1.000000  1.000000  1.000000  1.000000  1.000000  1.000000  
 1    -0.190900    0.000096      0.483036   2775.000000      0.719691
 2    -0.495787    0.006278      0.508087   6787.000000      1.981986
 3    -0.771848    0.001190      0.530770   10265.000000      3.343403
 4    -0.792644    0.001061      0.532479   14005.000000      5.022161
 5    -0.966336    0.027256      0.546750   19389.000000      7.699159
 6    -1.010110    0.018230      0.550347   26249.000000     11.770109
 7    -1.059681    0.040962      0.554420   33744.000000     17.548347
 8    -1.167650    0.088562      0.563291   45569.000000     28.127974
 9    -1.287207    0.076097      0.573115   56030.000000     38.295052
10    -1.380667    0.036813      0.580794   65035.000000     55.137037
0.257833    1.322836    
0.437028    2.746728    1.354526    1.032655    
0.397818    2.341150    0.568538    1.316540    1.227002    1.209059    
0.387816    2.343902    0.586225    3.014346    1.313831    1.216904    1.211877    1.486747    
5.524266    4.892643    4.094613    5.687375    1.795019    0.910681    0.385414    0.518356    0.308144    1.288142    
0.301446    2.936453    0.517742    3.804701    2.556691    5.400716    1.376765    1.186423    1.390973    0.244792    1.245577    0.231029    
3.657993    6.058202    5.625705    4.659100    4.160833    5.055693    1.723494    1.222365    0.246875    0.471182    0.203096    0.211907    0.082417    1.416318    
3.531473    4.209233    2.720261    0.338800    4.356740    1.778592    3.655598    2.642739    0.993059    0.367430    0.852739    0.271785    1.323499    1.361463    0.224616    1.342984    
3.518359    4.191351    2.702766    0.300006    4.404513    1.745250    3.720444    2.619111    3.048781    0.993018    0.359120    0.807773    0.311322    1.319537    1.352392    0.250740    1.328704    0.164539    
0.473644    2.775402    4.591411    2.590569    2.553811    1.598742    0.589296    2.553438    4.034271    1.372815    1.392567    1.028881    0.376909    1.257430    1.369419    0.232693    1.297900    0.259811    0.191830    0.128291    
