 9    -9.574943    5.530223    1.310304
2.630205  0.331635  -0.987540  1.196508  1.705176  0.144573  -0.224789  0.221373  2.062121  2.356455  2.345444  -0.973641  -0.211556  -0.499396  -1.075603  -1.606699  1.315930  1.240364  2.464476  -1.954646  1.271019  0.863438  0.072479  1.632104  -0.754646  0.547447  -0.965586  -1.436375  1.354380  -1.247308  -0.210762  -0.761023  -0.015116  0.345782  -0.982598  -1.408368  
-0.300000  1.000000  1.000000  1.000000  1.000000  1.000000  1.000000  1.000000  1.000000  
 1    -0.339481    0.002765      0.388589   3081.000000      0.673436
 2    -0.612651    0.012048      0.406674   6218.000000      1.775749
 3    -0.788143    0.017299      0.418292   11195.000000      3.783889
 4    -1.018219    0.002924      0.433523   15814.000000      5.755579
 5    -1.220388    0.005209      0.446907   19648.000000      7.751574
 6    -1.414972    0.038956      0.459789   26770.000000     12.681298
 7    -1.451256    0.030313      0.462191   34769.000000     17.595281
 8    -1.624487    0.048038      0.473660   39870.000000     23.291156
 9    -1.561885    0.020897      0.469515   51829.000000     34.395544
10    -1.739815    0.065137      0.481295   67727.000000     57.158231
2.225784    0.498821    
5.408619    2.364777    0.613663    1.175953    
5.441763    2.369353    5.634478    0.698766    1.108202    0.268595    
1.426852    4.126036    4.247341    5.615427    0.474290    0.337797    1.344697    1.304668    
1.419325    3.781275    4.522954    5.376252    4.038162    0.498257    0.320979    1.372420    1.225999    1.383061    
1.400550    3.824964    4.465211    5.366790    1.914837    5.273343    0.508271    0.305401    1.346386    1.216259    0.097500    1.283713    
1.404340    3.819920    4.480914    5.343221    1.943788    5.232054    4.150126    0.503985    0.311459    1.346731    1.204810    0.093727    1.258801    0.083242    
1.305704    3.822088    4.570870    5.330508    3.796931    3.512780    3.294625    1.010699    0.474088    0.297964    1.371435    1.155778    1.435213    1.245917    1.459501    0.108206    
1.870622    4.471303    1.572493    2.880165    5.901425    0.492594    0.892623    2.052731    6.283185    0.221737    0.089967    1.337761    1.256955    0.818193    0.600516    1.280277    1.399874    1.363880    
2.012767    3.034041    5.326590    5.570988    2.076957    1.261932    3.674985    1.120057    1.065310    2.976269    0.751320    0.087648    1.136972    1.367735    0.312629    1.406433    0.218887    1.344083    0.167008    0.120681    
