 9    -5.982814    5.261369    0.752873
0.050657  0.392329  0.609438  -0.588129  1.443758  0.402090  0.166803  0.853984  1.658907  0.699776  -1.693152  -0.962174  -2.420045  -0.416890  -0.337671  0.421032  -1.120160  -0.961434  0.302471  0.846941  0.373882  -0.822025  -1.224561  -0.630809  -1.119728  -0.142730  0.364224  -0.979682  0.309658  -1.452174  -1.102066  0.390759  -1.981690  -0.184424  -0.380117  0.204990  
-0.300000  1.000000  1.000000  1.000000  1.000000  1.000000  1.000000  1.000000  1.000000  
 1    -2.032233    0.006701      0.648656   3111.000000      0.665238
 2    -3.718973    0.002021      0.798666   5478.000000      1.471829
 3    -4.533325    0.000276      0.871090   8621.000000      2.650042
 4    -4.382083    0.020360      0.857639   12366.000000      4.288176
 5    -4.835701    0.045666      0.897982   17506.000000      6.787154
 6    -4.228901    0.044412      0.844016   22513.000000      9.914886
 7    -4.585962    0.007661      0.875771   29946.000000     15.508353
 8    -4.374659    0.036350      0.856979   39338.000000     24.125854
 9    -5.019418    0.001570      0.914320   53461.000000     38.340247
10    -5.137260    0.077582      0.924801   64808.000000     52.483538
0.407585    0.616748    
0.316716    0.410311    0.807203    0.435761    
0.283356    0.282977    0.334592    0.717195    0.527810    0.315459    
0.324144    0.380306    1.177964    6.116070    0.794576    0.499578    0.206870    0.113755    
0.265331    0.261017    0.316284    5.573882    4.815875    0.683293    0.526622    0.364019    1.425229    0.120638    
0.325325    0.401578    2.384050    4.861531    1.533529    3.940957    0.809027    0.498702    1.454959    0.109213    1.392771    0.110734    
0.323982    0.380232    1.150877    6.132484    1.594441    1.755014    0.820248    0.798854    0.488051    0.169533    0.123085    1.466169    0.107325    1.466348    
0.320765    0.395891    1.601271    3.691939    0.397765    1.664469    6.066676    5.618321    0.797574    0.490048    1.441372    1.458448    1.404774    0.142693    0.097958    1.510826    
0.276321    0.263721    0.313881    5.569649    1.648587    4.828640    1.680602    0.844754    0.385494    0.699598    0.510079    0.321531    1.517840    0.052017    1.500291    0.101061    1.398305    1.453753    
0.194373    0.266183    0.256683    0.295508    6.077908    5.727811    1.736180    6.152061    4.790319    2.866831    0.663777    0.563070    0.395564    0.242459    0.058872    1.474930    0.079383    0.132172    1.477163    0.006746    
