 9    -6.411604    5.184329    0.554599
-1.485170  -0.260205  -1.424565  -0.891399  0.761163  -0.698757  -0.396650  1.243787  0.074518  -0.322948  1.461472  1.241821  0.259419  1.071688  -0.130218  1.885784  -0.705359  0.335575  0.568752  -0.916734  -1.059760  -1.918972  1.679736  -1.131580  -1.168810  -0.301069  3.244311  1.609465  -1.323539  -1.015974  -0.859412  1.091355  -0.047849  0.167719  1.658327  -0.051820  
-0.300000  1.000000  1.000000  1.000000  1.000000  1.000000  1.000000  1.000000  1.000000  
 1    -0.398609    0.000167      0.481457   2754.000000      0.605818
 2    -0.830619    0.031292      0.518712   5712.000000      1.609041
 3    -0.947616    0.034238      0.528801   9809.000000      3.121968
 4    -1.083842    0.028435      0.540549   13902.000000      4.920239
 5    -1.124203    0.035366      0.544030   18702.000000      7.495361
 6    -1.176095    0.053272      0.548505   25394.000000     11.555215
 7    -1.197750    0.055850      0.550372   32870.000000     17.320552
 8    -1.306749    0.072067      0.559772   43622.000000     26.776088
 9    -1.435243    0.065626      0.570853   53586.000000     36.150435
10    -1.572522    0.085486      0.582691   70632.000000     57.697179
0.298427    1.308871    
0.604330    4.561810    1.363789    0.842940    
0.542280    4.598960    0.357934    1.362547    1.101581    1.262549    
0.536481    4.636272    0.338619    6.139789    1.361676    1.119804    1.241985    1.374971    
0.541008    4.650312    0.356953    6.114275    1.935813    1.363367    1.100445    1.251659    1.378204    0.088853    
0.588239    4.573304    6.222960    2.165544    3.275124    0.939424    1.356438    0.818868    1.248250    0.140781    0.225571    1.426895    
0.554216    4.602583    6.216879    2.259497    3.179609    0.869825    5.950931    1.345734    0.823559    1.236442    0.141604    0.218536    1.400729    1.480179    
0.653029    4.618993    6.162750    2.290345    2.620355    0.777447    2.721784    3.014163    1.388156    0.826644    1.288526    0.155276    1.413016    0.235064    1.394780    0.096801    
0.543562    4.847427    6.202279    2.355639    3.114607    0.681749    4.013202    2.124035    0.868196    1.378049    0.867589    1.222246    0.284190    0.184451    1.234941    0.176062    1.308317    0.134619    
3.655030    0.887076    4.470120    0.425134    4.907638    3.618837    1.821092    2.584711    6.228368    1.332089    0.397892    1.253406    1.330214    0.217759    0.263956    0.293798    0.119780    0.192259    1.352681    0.300754    
