 9    -5.805392    4.290402    0.214569
1.280115  -0.016914  1.288989  -1.524326  0.398734  0.280433  -0.312277  -1.152803  0.120756  -0.404666  1.486642  0.080295  -1.019572  -0.430669  0.541674  1.054699  1.378783  -1.434888  0.590506  0.855630  1.783113  -0.286104  0.756642  -0.847527  -0.569789  -0.195802  1.186094  1.019666  -2.608798  -0.137581  -0.439699  -0.423520  -0.612113  0.225944  -0.175011  -0.477333  
-0.256940  0.202744  0.210539  -0.671062  -0.214993  0.245702  0.191045  -0.240645  -0.252740  
 1    -2.927005    0.255454      0.714893   3417.000000      0.688002
 2    -4.495950    0.607936      0.870298   7286.000000      1.883943
 3    -5.268876    0.734075      0.946857   11662.000000      3.374097
 4    -5.662930    0.879150      0.985889   17731.000000      5.939647
 5    -5.667301    0.891505      0.986322   26538.000000     10.543461
 6    -5.487745    0.895711      0.968537   38067.000000     18.007269
 7    -5.700892    0.970195      0.989649   58664.000000     33.247770
 8    -5.761071    0.983595      0.995610   105729.000000     75.283038
 9    -5.722975    0.982436      0.991837   153832.000000    122.988068
10    -5.726258    0.983855      0.992162   229876.000000    214.021307
5.523621    0.666973    
3.104681    4.334819    0.651798    0.434128    
2.744241    3.022446    4.330426    0.641733    0.514732    0.306068    
2.367494    2.896287    2.570860    4.067057    0.646282    0.501880    0.368057    0.276090    
2.359668    2.886312    2.570510    4.163279    5.740979    0.646035    0.498187    0.376758    0.257250    1.545259    
2.345989    2.912902    3.042667    6.175654    4.020244    5.921294    0.618596    0.492275    0.370294    1.570796    1.306586    1.482438    
2.261330    2.875772    2.776212    3.736352    5.942199    3.972924    3.965949    0.652207    0.507458    0.403020    0.202658    1.384259    1.417968    1.459113    
1.592837    2.518571    2.562877    2.740347    3.508974    1.742338    4.022470    4.986550    0.628426    0.502118    0.442431    0.338062    0.218473    1.570796    1.507467    1.492613    
2.132213    2.747527    2.696917    3.516086    5.919667    3.576895    2.811859    2.758135    3.319318    0.644268    0.499672    0.414202    0.230698    1.352156    1.337592    1.365947    1.427496    1.484130    
2.064712    2.728087    2.718830    3.402865    5.944170    3.379294    2.730308    3.124417    6.202104    4.278191    0.640577    0.501411    0.414199    0.229954    1.359692    1.354123    1.377763    1.436734    0.049174    0.064801    
