 9    -6.759326    5.790173    0.414674
-0.035920  -1.299604  0.889104  -0.585994  0.462999  -0.768262  -1.095189  -1.467687  1.944982  -0.321040  -0.414614  -0.035430  3.271529  -0.267381  0.734255  -0.297524  -0.216513  1.865483  0.718226  0.226963  -0.908634  1.313824  0.193337  1.572044  -1.879911  1.578469  -0.685577  -0.879810  0.464822  -1.564092  1.209342  0.987161  -0.700099  -0.423367  0.187833  0.288651  
-0.300000  1.000000  1.000000  1.000000  1.000000  1.000000  1.000000  1.000000  1.000000  
 1    -0.349069    0.012252      0.489202   2817.000000      0.685154
 2    -0.446334    0.018548      0.496953   5883.000000      1.699081
 3    -0.645465    0.028818      0.512820   9723.000000      3.095802
 4    -0.797908    0.038339      0.524968   14124.000000      5.007601
 5    -0.907343    0.040635      0.533688   19374.000000      7.535115
 6    -0.980642    0.048900      0.539529   25571.000000     11.471760
 7    -1.065926    0.039596      0.546325   34160.000000     17.988649
 8    -1.229691    0.056486      0.559374   44058.000000     26.830195
 9    -1.251752    0.021213      0.561132   54126.000000     37.090614
10    -1.421813    0.049504      0.574683   75092.000000     62.490269
0.298710    1.331826    
0.279356    0.888597    1.292927    1.427064    
0.311847    0.692373    0.700457    1.252903    1.316857    1.374855    
0.302158    0.698228    0.683207    0.917925    1.236857    1.348945    1.364571    1.433638    
0.248407    0.646288    0.724514    0.710577    1.003286    1.213968    1.348566    1.359038    1.410271    1.449259    
0.222203    0.595705    0.742062    0.669614    0.806848    6.121309    1.219809    1.360501    1.353122    1.406343    1.448698    0.131389    
0.260001    0.635090    0.842017    0.697239    0.960423    5.685618    2.444283    1.203951    1.391563    1.311693    1.431687    1.442570    0.196162    0.210636    
0.286038    0.804027    0.640517    0.732269    3.970124    2.358891    3.137655    6.007677    1.214742    1.386889    1.362464    1.429985    0.169980    0.304661    0.314434    0.226507    
5.141737    5.064687    1.630028    4.627538    4.027366    6.283185    4.569639    5.292880    3.201045    0.783386    0.430783    1.089549    1.276533    1.310311    1.516747    0.287974    1.332358    0.134794    
0.140858    0.555510    1.025348    0.707914    0.820402    5.441144    2.450179    4.652866    3.066802    0.514204    1.165910    1.321013    1.255653    1.358136    1.387509    0.297832    0.391939    1.200483    1.319255    0.319784    
