 9    -5.020621    5.339981    0.414625
-1.271091  0.176137  -0.296216  0.326929  -0.973419  0.227681  -0.819328  0.107223  0.975278  0.081974  -0.476623  -1.492172  -0.403465  0.694778  0.212153  0.090990  -1.548855  -0.044827  1.556763  1.947111  -0.785140  -2.139212  -1.264259  0.294987  0.806489  0.277670  -1.243845  0.787274  0.752030  0.172980  -0.737836  0.969191  -0.646371  1.811095  -0.990445  -1.369113  
0.074450  0.214421  0.159879  0.214850  0.194224  0.157311  -0.799962  -0.156529  -0.133041  
 1    -2.724712    0.181573      0.778400   3426.000000      0.679854
 2    -3.719569    0.448538      0.874423   7088.000000      1.794700
 3    -4.219246    0.527768      0.922652   12091.000000      3.510239
 4    -4.642321    0.700181      0.963487   20341.000000      6.950143
 5    -4.744042    0.782644      0.973305   32808.000000     13.622820
 6    -4.809656    0.830482      0.979638   44850.000000     20.704172
 7    -4.882704    0.887563      0.986688   75826.000000     44.661229
 8    -4.925745    0.919819      0.990843   114739.000000     79.078394
 9    -4.958642    0.956611      0.994018   158263.000000    123.095171
10    -4.977301    0.969273      0.995819   193107.000000    158.539908
6.283185    0.714126    
3.621738    4.620981    0.489781    0.452189    
3.419255    3.743355    5.938263    0.576744    0.485676    0.260505    
3.038827    3.548205    3.132164    5.710689    0.583069    0.471891    0.317294    0.270585    
2.523132    3.228447    3.107077    3.571309    4.154286    0.570302    0.445970    0.372430    0.203261    0.204429    
2.527273    3.283574    3.198382    3.769138    3.464235    6.283185    0.594852    0.464682    0.365478    0.260148    0.229236    0.105013    
2.050118    3.201195    3.159363    3.380569    3.764531    3.515464    6.283185    0.585464    0.465944    0.393202    0.284554    0.243514    0.155888    0.107024    
1.871155    3.080341    3.096269    3.272006    3.413464    4.011370    3.557986    6.283185    0.612067    0.466751    0.394629    0.325308    0.248449    0.198374    0.121091    0.104229    
1.822509    3.133851    3.168391    3.330198    3.607875    3.787154    4.602043    3.734270    6.283185    0.597684    0.472828    0.409341    0.322833    0.258827    0.208804    0.126167    0.114456    0.077165    
1.774921    3.176066    3.212536    3.344713    3.688328    3.690695    5.134334    3.303578    6.283185    6.283185    0.607756    0.476227    0.412518    0.323414    0.251508    0.218061    0.105663    0.128386    0.098945    0.048208    
