 9    -6.989051    5.533182    1.142321
-0.643717  -1.251820  -0.563915  0.331439  1.203907  0.410914  1.678242  -1.025964  -0.021762  0.530480  0.576005  -1.554301  0.135096  -0.623157  1.427615  -2.456159  -1.629362  1.660334  -0.304425  -0.554435  -0.470783  -0.816757  1.163855  -1.072726  0.408300  0.162989  1.575043  -1.779279  -0.617568  0.326719  -1.657428  -1.096789  -1.415915  1.410982  0.406111  1.100853  
0.120099  -0.799962  0.138837  0.169718  0.178675  -0.221214  0.151803  -0.220315  0.055454  
 1    -3.344777    0.182538      0.708976   3009.000000      0.595789
 2    -5.133163    0.438907      0.851793   6946.000000      1.744681
 3    -5.813068    0.565768      0.906088   11949.000000      3.419965
 4    -6.359153    0.671922      0.949698   19941.000000      6.717617
 5    -6.579377    0.732710      0.967284   31940.000000     13.183713
 6    -6.681608    0.764531      0.975448   44682.000000     21.289124
 7    -6.740313    0.824852      0.980136   67824.000000     37.685718
 8    -6.807228    0.867114      0.985480   99332.000000     65.997017
 9    -6.854548    0.926635      0.989259   140022.000000    107.431834
10    -6.911896    0.967966      0.993839   213577.000000    189.003510
6.283185    0.653117    
4.210315    4.898340    0.500691    0.420727    
3.387480    4.226962    4.389854    0.542967    0.396103    0.245314    
3.217388    4.151309    3.885693    5.248904    0.619486    0.493677    0.287746    0.237413    
2.805646    3.659972    3.516409    4.258454    4.150469    0.592454    0.461787    0.371093    0.213347    0.173434    
2.080689    3.615892    3.500892    3.639954    4.089039    4.400449    0.619502    0.478395    0.398638    0.316339    0.189419    0.132068    
2.252579    3.614092    3.532270    3.779498    4.224663    3.988165    6.283185    0.598817    0.476825    0.400869    0.291583    0.246714    0.123060    0.085265    
2.038044    3.503631    3.490955    3.668544    3.961953    4.360004    4.686623    5.127043    0.617362    0.476655    0.404524    0.330156    0.247959    0.218962    0.078786    0.097634    
2.143594    3.597475    3.603689    3.808062    4.227308    4.236842    5.791680    4.017433    6.283185    0.602904    0.480136    0.411627    0.310414    0.249262    0.182201    0.140163    0.084441    0.079634    
2.028993    3.585684    3.586411    3.770899    4.171587    4.269206    5.961940    4.103878    6.283185    3.844093    0.619657    0.481687    0.402025    0.313422    0.237318    0.194784    0.101707    0.165379    0.052753    0.088022    
