 9    -5.772959    5.859375    0.151300
1.106323  0.363394  -0.936566  0.047962  0.263298  -0.084500  -0.391316  0.255723  0.376680  -0.973780  0.143114  -1.327974  2.457710  1.226160  -0.086657  -0.573588  -0.182010  -2.922650  1.607104  -0.050218  -0.684451  0.899178  -1.532244  0.367452  -1.576856  -0.121400  -0.714569  -1.170924  -0.583232  0.267610  1.852324  1.060063  -0.838641  -0.070460  -0.661715  -1.365817  
0.799962  -0.111342  -0.141157  -0.162362  0.129144  -0.204331  0.234258  0.037502  -0.096418  
 1    -2.457817    0.124057      0.715006   3210.000000      0.627947
 2    -4.359846    0.344418      0.878518   6419.000000      1.585135
 3    -5.027207    0.447916      0.935890   11661.000000      3.357312
 4    -5.413354    0.555457      0.969086   19053.000000      6.362630
 5    -5.543256    0.608919      0.980253   32613.000000     13.408005
 6    -5.614159    0.659837      0.986348   50245.000000     24.601099
 7    -5.656357    0.726822      0.989976   69162.000000     38.758325
 8    -5.701461    0.808573      0.993854   92356.000000     59.238424
 9    -5.719254    0.849424      0.995383   127249.000000     93.116513
10    -5.740147    0.914320      0.997179   166193.000000    137.341936
6.283185    0.625438    
5.065687    6.283185    0.552005    0.420952    
4.236174    5.166099    6.283185    0.577886    0.440427    0.260765    
3.646376    5.139990    4.787397    6.283185    0.614183    0.490505    0.304389    0.228450    
2.877391    4.515632    4.519823    4.996466    5.994202    0.598867    0.466978    0.399152    0.253046    0.173421    
2.573074    4.464820    4.354273    4.562560    5.061468    6.134438    0.627096    0.474835    0.397754    0.320033    0.204954    0.119545    
2.558369    4.376954    4.344586    4.571207    4.953047    5.541553    6.283185    0.614686    0.474441    0.406163    0.321188    0.256829    0.141301    0.081187    
2.418938    4.327248    4.288232    4.475337    4.883322    5.459661    5.916745    6.283185    0.633425    0.468754    0.403046    0.333369    0.251950    0.214379    0.099176    0.089609    
2.319549    4.109532    4.181092    4.393711    4.724040    5.341858    5.721301    6.147726    6.283185    0.624317    0.468166    0.407040    0.338841    0.271047    0.215798    0.153614    0.099438    0.060222    
2.363302    4.272450    4.268655    4.471024    4.849679    5.441940    5.960644    6.183913    6.255461    6.283185    0.630527    0.472290    0.406362    0.336280    0.257746    0.213997    0.126584    0.149527    0.062527    0.064500    
