 9    -5.553353    5.187590    0.638831
1.348629  1.991068  1.393069  -0.686884  -0.095791  -0.756370  0.561199  0.751012  -1.191746  -1.487929  -0.625148  0.282211  -1.079033  -0.515311  0.327559  0.879111  0.555377  0.181936  0.944846  -1.306168  0.341810  -1.393622  -0.032307  0.388868  0.028718  0.022139  -0.033604  -0.468688  3.177931  -0.641396  -1.818455  -0.212221  -0.738502  -0.033063  -0.072000  0.364808  
-0.300000  1.000000  1.000000  1.000000  1.000000  1.000000  1.000000  1.000000  1.000000  
 1    -1.194940    0.001433      0.594224   2982.000000      0.655411
 2    -1.730078    0.000030      0.644047   5758.000000      1.634651
 3    -2.060245    0.000133      0.674786   9468.000000      3.135348
 4    -1.703218    0.002555      0.641546   12999.000000      4.979949
 5    -2.278342    0.000081      0.695091   17976.000000      7.752595
 6    -1.778757    0.001991      0.648579   24485.000000     11.057053
 7    -1.806067    0.001275      0.651121   29823.000000     14.953968
 8    -1.885849    0.004282      0.658549   39137.000000     23.678780
 9    -1.868779    0.003497      0.656960   50819.000000     35.406267
10    -1.946766    0.000404      0.664221   60060.000000     46.502798
0.485649    0.556772    
0.345626    0.466547    0.842443    0.470789    
0.351503    0.424415    5.561625    0.854274    0.504583    1.357988    
0.505373    0.722654    4.578942    1.638981    0.457264    0.181259    1.447512    0.180558    
0.347674    0.426206    5.605089    4.866601    1.666060    0.849720    0.483933    1.392760    0.139797    1.469690    
0.523541    0.763418    6.205533    2.686636    4.173023    1.836403    0.475904    0.186911    0.152589    0.085156    0.112852    1.480911    
0.509646    0.724784    6.283185    2.716088    6.143568    3.830995    3.288890    0.446718    0.211611    0.134509    0.089960    1.480039    0.050989    0.117377    
0.467567    0.764039    6.283185    3.443236    3.423314    3.229353    5.861453    4.543333    0.493196    0.148768    0.089603    0.089871    0.110203    1.471041    0.122339    1.436715    
0.425564    1.172024    1.702133    5.946353    1.582149    2.357801    3.060351    3.730834    2.845427    0.686705    0.273127    1.445903    1.514326    0.079471    1.445143    0.098020    0.049124    0.152878    
0.530704    0.798311    1.842814    1.805181    5.276238    0.628368    3.510624    4.967374    5.464962    4.948454    0.469011    0.199666    1.409559    0.062460    0.165612    0.055512    0.126793    0.067610    1.519372    1.461125    
