 9    -5.280487    4.075675    0.020743
0.045279  -0.499267  -1.271602  -0.517983  0.510143  -0.288202  -0.237575  -0.498752  -0.734063  1.241094  0.074512  0.214214  0.209978  -1.570645  -0.863728  1.809023  0.669490  -0.298024  -0.167692  -2.031620  1.059673  -2.258756  -0.929584  -0.955863  1.005101  0.164662  0.974701  0.318961  0.884123  1.323747  -0.590289  0.275798  -1.551299  -0.529185  0.183199  0.274387  
-0.300000  1.000000  1.000000  1.000000  1.000000  1.000000  1.000000  1.000000  1.000000  
 1    -0.206699    0.001459      0.457706   2565.000000      0.571282
 2    -0.368963    0.014819      0.475049   5877.000000      1.652758
 3    -0.506756    0.013152      0.489777   9770.000000      3.122876
 4    -0.747033    0.014443      0.515458   13074.000000      4.648458
 5    -0.842039    0.038606      0.525612   18684.000000      7.410434
 6    -0.951352    0.014963      0.537296   24354.000000     10.896717
 7    -0.910405    0.026302      0.532919   33066.000000     17.600085
 8    -1.039252    0.005204      0.546691   43392.000000     26.947077
 9    -1.166010    0.033670      0.560239   50741.000000     34.771584
10    -1.208288    0.000780      0.564758   61189.000000     48.629831
6.253085    0.781460    
2.401704    0.796763    1.073162    0.507855    
6.256351    1.496078    4.398173    0.338891    0.179613    0.571702    
2.487222    0.773834    3.197406    3.683549    0.964866    0.585209    0.199928    0.432712    
2.437251    0.940407    2.240134    2.032532    5.498051    1.101524    0.416871    0.455109    1.271569    0.215522    
2.472225    0.753466    3.265681    3.644486    6.283185    3.856612    1.012329    0.586734    0.245241    0.372467    0.198442    1.407348    
4.424705    2.216760    4.253617    3.987349    2.534818    1.112617    0.902027    1.138580    0.201708    0.323531    0.295380    1.249612    0.215200    1.409636    
2.455664    5.639051    1.206271    2.247122    6.093661    1.452422    1.249586    3.639279    0.806233    0.429349    0.343281    0.245031    0.502149    0.056721    0.258863    1.392585    
2.500999    0.739789    2.305730    1.994690    4.454604    1.010502    3.577596    4.772706    4.734684    1.118978    0.414213    0.473481    1.287904    0.214231    0.187030    1.341265    1.456457    1.477967    
6.202680    3.139559    6.227885    4.108179    5.400368    5.084992    3.187724    3.216427    5.974666    3.453735    0.553731    0.186207    1.135623    1.314127    1.161887    0.227040    1.323377    0.213471    1.439812    0.176519    
