 9    -6.482641    5.687921    0.029225
-1.450948  1.910953  0.711879  -0.247738  0.361466  -0.032950  -0.221347  0.477257  -0.691939  0.792006  0.073249  1.303286  0.213481  1.017349  1.911712  -0.529672  1.842135  -1.057235  -0.862916  0.237631  -1.154182  1.214984  -1.293759  0.822723  -0.332151  -1.281429  0.218538  2.083474  -0.248218  0.267460  0.712514  -0.653608  0.162280  2.213380  -0.665534  -1.009003  
0.138386  0.183218  -0.138183  -0.168211  0.109612  -0.120211  -0.800000  -0.116340  -0.146726  
 1    -2.621649    0.166085      0.682760   3351.000000      0.663041
 2    -4.814610    0.559967      0.862945   6749.000000      1.674529
 3    -5.544543    0.685102      0.922921   10527.000000      2.959714
 4    -6.069514    0.839203      0.966055   18570.000000      6.121560
 5    -6.320740    0.885293      0.986697   29315.000000     11.975371
 6    -6.404219    0.932935      0.993556   46120.000000     22.722550
 7    -6.442493    0.960621      0.996701   65589.000000     37.522956
 8    -6.462990    0.982227      0.998385   101183.000000     69.109217
 9    -6.475893    0.995629      0.999446   162044.000000    131.642555
10    -6.479929    0.995053      0.999777   288201.000000    277.731310
6.283185    0.696917    
4.715626    6.283185    0.417945    0.507509    
4.133190    4.904060    6.283185    0.512834    0.417194    0.290663    
3.763079    4.728671    4.215135    6.283185    0.591366    0.465081    0.258039    0.292969    
3.128034    4.237976    3.953134    4.233009    6.283185    0.567879    0.441435    0.376183    0.206916    0.260374    
2.279580    4.085629    3.998010    4.100454    4.147314    6.283185    0.612663    0.465280    0.384590    0.322426    0.202465    0.208670    
2.220916    3.796308    3.758493    3.934542    4.120567    4.547178    6.283185    0.604826    0.448992    0.388088    0.320449    0.261640    0.183444    0.133572    
2.069229    3.607269    3.673929    3.780250    3.934145    4.378927    4.455953    6.283185    0.599296    0.445583    0.388148    0.327131    0.274231    0.209645    0.137562    0.090804    
1.995758    3.501287    3.562794    3.670926    3.793398    4.265199    4.425465    4.571226    6.283185    0.602768    0.437149    0.382910    0.330954    0.285599    0.212636    0.190224    0.076263    0.077081    
1.804134    3.103638    3.284186    3.395954    3.563465    3.801573    4.209375    4.354569    4.927740    6.283185    0.583754    0.417700    0.372218    0.326745    0.295853    0.236851    0.195182    0.151860    0.073768    0.061244    
