 9    -4.414829    3.504503    0.030311
1.857565  -0.203968  0.711019  -0.958718  0.636314  0.984796  0.976736  -0.773217  -0.776050  -1.071380  -0.238518  -0.933245  -0.167597  -1.889870  0.563232  -1.514799  -0.558354  0.092131  0.432031  0.517837  -0.093025  0.611153  -0.411582  0.223541  0.685520  -0.103944  -0.564542  -0.640192  0.042300  -0.805789  -1.099186  0.143783  0.128243  -1.661902  -0.419893  -0.412928  
-0.300000  1.000000  1.000000  1.000000  1.000000  1.000000  1.000000  1.000000  1.000000  
 1    -2.108203    0.002512      0.708735   3513.000000      0.744025
 2    -3.124817    0.001648      0.837106   6358.000000      1.660926
 3    -3.757168    0.000012      0.916955   9043.000000      2.709759
 4    -3.756955    0.000290      0.916928   14555.000000      5.055771
 5    -3.815171    0.000105      0.924279   17573.000000      6.745451
 6    -3.856408    0.000229      0.929486   24153.000000     10.124252
 7    -3.871187    0.000427      0.931353   31636.000000     15.955165
 8    -4.133430    0.000009      0.964467   39457.000000     23.301718
 9    -4.187806    0.000050      0.971333   51995.000000     35.968635
10    -3.917558    0.000351      0.937208   68774.000000     56.299219
0.442374    0.556243    
0.330713    0.430411    0.825845    0.450109    
0.289726    0.271253    0.339239    0.710960    0.528913    0.331011    
0.322765    0.386169    1.178351    0.890011    0.797762    0.508751    0.282881    1.405347    
0.331213    0.377388    1.147100    6.149154    2.828251    0.794833    0.508864    0.234602    0.142361    0.112214    
0.332657    0.377991    1.153817    4.544819    1.020807    0.549960    0.799431    0.507345    0.164384    1.444044    0.113277    0.174397    
0.332701    0.383418    1.164805    6.225906    3.695380    5.329827    0.411965    0.808313    0.502856    0.179023    0.078860    0.060825    0.167275    0.166592    
0.281873    0.251328    0.322090    3.866426    1.683799    6.175613    1.688288    3.159899    0.689014    0.510147    0.333076    0.059970    1.462171    1.454246    0.048685    0.057100    
0.277505    0.256635    0.325401    3.640093    4.933453    3.622451    2.768646    4.835230    1.686351    0.691349    0.521610    0.360318    0.061301    1.470509    1.485175    1.483161    0.087322    1.525372    
0.323537    0.383573    1.176703    0.855554    0.398539    5.109310    5.041023    2.911472    5.383148    2.865760    0.801456    0.509102    0.237621    1.387251    1.465611    0.042014    1.499464    1.482584    1.488662    1.526049    
