 9    -4.930511    6.202983    0.771188
1.023492  0.283144  -0.004423  -0.507907  0.852055  -1.412692  0.568955  1.263137  -1.571967  -0.876978  -0.225261  0.303901  0.219018  0.460761  -0.189678  -1.520499  -1.072632  -0.267436  -1.661053  -1.062456  1.171652  -0.160575  -0.663102  0.434856  -0.596899  -0.137532  -1.480474  0.245122  0.438490  0.202227  -1.345522  -0.221028  0.868873  0.070822  -2.903281  1.128442  
-0.300000  1.000000  1.000000  1.000000  1.000000  1.000000  1.000000  1.000000  1.000000  
 1    -2.135207    0.009256      0.748928   3645.000000      0.769691
 2    -3.132604    0.003177      0.838514   6605.000000      1.767154
 3    -3.709442    0.000118      0.890325   9953.000000      2.999950
 4    -3.364342    0.000532      0.859328   13002.000000      4.433190
 5    -3.910822    0.000745      0.908412   18265.000000      7.003031
 6    -3.881479    0.000043      0.905777   23171.000000     10.080209
 7    -3.465567    0.000990      0.868420   31699.000000     16.280526
 8    -4.087624    0.000742      0.924293   39184.000000     22.501410
 9    -3.956747    0.000386      0.912537   50537.000000     34.144713
10    -4.005409    0.000159      0.916908   67297.000000     55.246920
0.435230    0.563122    
0.328617    0.419826    0.817972    0.437252    
0.288262    0.269804    0.333603    0.710959    0.526674    0.325098    
0.332058    0.394016    2.407328    6.173307    0.806770    0.508656    1.440017    1.466129    
0.285199    0.269186    0.331213    5.198974    0.419808    0.709740    0.523947    0.302848    1.414602    1.408832    
0.273326    0.251470    0.315658    5.577677    6.215476    4.854451    0.679496    0.521124    0.372910    1.488124    1.480120    0.089714    
0.330430    0.402394    5.612823    2.948276    1.878207    1.631128    5.816485    0.822927    0.474835    1.436089    1.484830    0.107156    1.482249    1.540149    
0.221357    0.249872    0.289812    0.316408    0.460814    4.929269    4.918048    1.646060    0.646114    0.548867    0.403208    0.274360    0.171371    1.513351    0.074221    1.527015    
0.274488    0.262545    0.326292    5.342401    1.624868    6.091101    5.675121    4.057206    3.533553    0.696099    0.532227    0.315276    1.486873    0.107691    0.084884    1.499046    0.067497    0.046081    
0.275800    0.262467    0.316479    2.416675    6.183056    6.220909    4.902728    3.663364    3.927506    0.380547    0.697668    0.523630    0.352762    1.517672    1.519093    1.515734    0.084753    0.056899    1.462519    1.473193    
