 9    -5.982814    5.261369    0.752873
0.050657  0.392329  0.609438  -0.588129  1.443758  0.402090  0.166803  0.853984  1.658907  0.699776  -1.693152  -0.962174  -2.420045  -0.416890  -0.337671  0.421032  -1.120160  -0.961434  0.302471  0.846941  0.373882  -0.822025  -1.224561  -0.630809  -1.119728  -0.142730  0.364224  -0.979682  0.309658  -1.452174  -1.102066  0.390759  -1.981690  -0.184424  -0.380117  0.204990  
-0.136938  0.180113  -0.123206  0.096856  0.799998  0.114708  0.170962  0.117646  0.135326  
 1    -2.502360    0.174998      0.690466   3096.000000      0.604021
 2    -4.527075    0.583750      0.870534   7125.000000      1.786238
 3    -5.072749    0.773353      0.919063   12176.000000      3.494886
 4    -5.530425    0.859473      0.959767   19171.000000      6.304753
 5    -5.785567    0.948265      0.982458   28921.000000     11.175005
 6    -5.872275    0.969727      0.990169   50995.000000     25.118994
 7    -5.930067    0.986030      0.995309   73771.000000     42.189654
 8    -5.959575    0.994500      0.997933   100674.000000     67.029348
 9    -5.977216    0.998745      0.999502   159434.000000    124.959473
10    -5.981119    0.999573      0.999849   242178.000000    218.731401
6.283185    0.651844    
5.003302    6.124435    0.430709    0.464959    
4.055360    5.175890    4.682226    0.466874    0.362912    0.248844    
3.939135    4.860204    4.318906    6.283185    0.576103    0.455996    0.232808    0.247310    
3.699277    4.382239    3.998690    5.335417    4.522532    0.560071    0.437646    0.327640    0.161271    0.197327    
2.450295    4.175494    4.086182    4.249861    4.882712    4.855158    0.571243    0.446722    0.373513    0.276846    0.166901    0.147010    
2.355764    3.919674    3.942448    4.194161    4.234628    5.029368    4.982095    0.613114    0.444934    0.372030    0.309024    0.249982    0.128869    0.108464    
2.164925    3.767854    3.790445    3.973687    4.269128    4.695246    4.686540    5.828675    0.586506    0.440586    0.380234    0.311041    0.243224    0.208091    0.080969    0.075204    
2.052376    3.553570    3.605251    3.729907    3.841196    4.390384    4.595480    4.519474    5.975260    0.606084    0.428889    0.371041    0.319371    0.276143    0.190231    0.186788    0.051260    0.073761    
1.876014    3.121163    3.304435    3.439734    3.617399    3.847058    4.427817    4.406453    5.381056    4.977515    0.583811    0.408407    0.361677    0.315942    0.288925    0.225695    0.179763    0.150455    0.047188    0.059952    
