 9    -5.330190    5.470925    0.250207
-0.275434  0.009924  0.464788  0.342611  1.134445  -1.210976  -1.443573  -0.759583  0.937481  0.102493  0.591607  -0.425419  0.755324  -1.678499  -0.895253  0.458548  0.258016  -1.155983  0.649192  0.046318  0.348382  -0.652745  -1.665788  -0.809513  -0.563146  -1.429917  1.575949  0.753774  1.515370  1.255785  2.439973  -1.200436  1.098150  -1.406748  -0.390113  0.508771  
-0.300000  1.000000  1.000000  1.000000  1.000000  1.000000  1.000000  1.000000  1.000000  
 1    -0.212651    0.003538      0.526203   2748.000000      0.605487
 2    -0.418984    0.000249      0.545306   6161.000000      1.725962
 3    -0.630410    0.003016      0.564880   10207.000000      3.201768
 4    -0.781482    0.005249      0.578867   14513.000000      4.933425
 5    -0.881222    0.002262      0.588101   19162.000000      7.460525
 6    -0.976597    0.007016      0.596931   24737.000000     10.951074
 7    -1.072376    0.004233      0.605799   35748.000000     18.489092
 8    -1.144867    0.005907      0.612510   41554.000000     24.788472
 9    -1.189911    0.003270      0.616680   59191.000000     41.322358
10    -1.231804    0.000925      0.620559   69705.000000     55.940175
0.321446    1.266692    
0.290779    0.733746    1.213545    1.341583    
0.294477    0.650495    0.744110    1.247199    1.339025    1.363784    
0.268422    0.661996    0.667220    0.806752    1.232332    1.363517    1.361364    1.406431    
0.232932    0.605810    0.688641    0.693369    0.871414    1.202095    1.339387    1.374751    1.384630    1.435592    
0.258789    0.635551    0.664308    0.689330    0.988112    1.324215    1.229100    1.333965    1.365878    1.384728    1.382509    1.429030    
0.232777    0.564998    0.653901    0.725116    0.722195    0.900696    1.117288    1.181074    1.320256    1.360623    1.398111    1.410692    1.394642    1.438818    
0.205716    0.519790    0.625282    0.703818    0.771727    0.784718    0.763017    0.948375    1.182044    1.310786    1.353605    1.382714    1.406577    1.424241    1.420093    1.448988    
0.186751    0.450728    0.568981    0.685775    0.726858    0.779082    0.739030    0.741910    0.943137    1.160000    1.305439    1.346192    1.381285    1.396284    1.421323    1.431452    1.426090    1.468071    
0.217097    0.474434    0.553191    0.687066    0.733347    0.767851    0.786762    0.748296    0.748783    1.061264    1.163329    1.270304    1.324139    1.360498    1.385433    1.402937    1.418997    1.441183    1.423612    1.456883    
