 9    -5.396657    6.566260    0.333767
-0.022632  1.838848  2.505268  0.975403  1.654330  -1.869582  -0.764621  -0.785072  0.028540  -0.021013  -0.984052  -1.679671  -0.721709  0.394450  -1.455288  0.784736  0.940057  2.082766  1.098766  0.717849  0.395293  0.238120  -2.359960  -0.268181  0.140543  -0.061805  1.234644  2.880286  -0.663241  1.156916  -0.074428  -0.084615  0.532550  0.710465  0.245873  -1.360056  
-0.300000  1.000000  1.000000  1.000000  1.000000  1.000000  1.000000  1.000000  1.000000  
 1    -0.325193    0.004693      0.576068   2967.000000      0.680879
 2    -0.515727    0.005349      0.591995   5805.000000      1.631811
 3    -0.745055    0.018112      0.611165   9963.000000      3.146106
 4    -0.820819    0.010330      0.617498   13975.000000      4.901959
 5    -0.925614    0.012458      0.626258   17784.000000      6.851275
 6    -1.030548    0.002958      0.635030   24854.000000     11.060199
 7    -1.157518    0.006238      0.645643   32753.000000     16.789716
 8    -1.208538    0.018268      0.649908   40480.000000     24.115551
 9    -1.339266    0.021344      0.660836   54260.000000     38.064980
10    -1.347624    0.020438      0.661535   64079.000000     49.855904
5.411360    0.747709    
5.412651    6.189669    0.843604    0.327354    
5.522395    6.283185    5.350258    1.065254    0.548509    0.239118    
5.238197    3.547396    3.402057    6.126615    0.506408    0.387022    0.568901    0.207322    
4.118955    6.070981    3.746150    1.334909    2.712656    1.103666    0.271116    1.160998    0.219129    0.262023    
5.203738    5.066150    5.204844    2.166116    0.843239    2.711317    0.767515    0.150887    1.021005    1.341883    0.288848    1.471128    
5.220213    5.113899    5.151234    2.129295    0.927271    2.738262    5.029508    0.766909    0.155669    1.060822    1.346148    0.184139    1.534202    0.226860    
5.218563    5.156626    5.132310    2.109638    0.919799    4.714202    3.082468    5.896859    0.753473    0.167780    1.063067    1.332961    0.204365    0.075554    0.221729    0.090361    
4.142115    1.708803    0.372307    2.727555    1.462416    1.919312    5.145514    3.385315    4.367751    0.950856    0.796340    1.404425    1.184313    0.326952    1.406783    0.304650    1.366918    1.332422    
5.558406    6.283185    5.384522    5.639490    6.283185    2.920720    2.679368    2.358856    0.756611    3.648382    1.012492    0.558418    0.282671    0.001372    1.404183    1.342616    0.207930    0.160810    1.484760    1.425915    
