 9    -4.749081    4.902166    0.291416
-1.130571  0.696200  -0.432293  0.741020  -0.478137  1.386040  0.125180  1.148860  -2.350259  0.183293  -0.311386  -0.294066  0.400061  1.005500  0.501643  -0.000668  1.303972  1.073324  -0.515345  1.662900  0.551817  -0.579494  -0.848800  -0.410862  2.160625  -1.557699  0.134852  0.005454  0.646549  -0.592073  0.551924  1.378349  0.504470  -0.117452  -0.835364  1.302395  
-0.300000  1.000000  1.000000  1.000000  1.000000  1.000000  1.000000  1.000000  1.000000  
 1    -0.503797    0.004915      0.560131   2838.000000      0.672396
 2    -0.846748    0.002775      0.595665   6238.000000      1.748604
 3    -1.079149    0.000762      0.619745   9900.000000      3.158432
 4    -1.146365    0.000693      0.626710   14468.000000      5.094695
 5    -1.204245    0.000945      0.632707   18953.000000      7.641420
 6    -1.297832    0.003704      0.642404   25336.000000     11.414575
 7    -1.353112    0.007235      0.648132   33635.000000     17.902172
 8    -1.388082    0.000564      0.651755   42332.000000     25.531616
 9    -1.463256    0.003018      0.659544   56576.000000     40.643874
10    -1.511830    0.003469      0.664577   74447.000000     63.468365
1.425648    0.818825    
1.371508    1.322944    0.798541    1.199746    
1.352959    1.177546    1.767130    0.782038    1.151027    1.293601    
1.343196    1.154896    1.750839    3.868982    0.782590    1.150271    1.324741    0.133395    
1.349214    1.161333    1.758127    3.878753    6.019406    0.785387    1.147121    1.336348    0.157711    1.451967    
1.339287    1.150933    1.816935    3.755811    6.059176    5.906711    0.789855    1.148950    1.313989    0.145643    1.492176    1.421344    
1.394563    1.159421    1.746383    2.570322    0.789590    4.816171    3.761441    0.762645    1.036995    1.281877    1.393122    0.155533    0.168335    0.143929    
1.336916    1.161972    1.848941    3.549394    5.942366    6.283185    6.147836    1.161810    0.785118    1.120987    1.263201    0.111391    1.532109    1.402958    0.106643    1.470994    
1.344061    1.153679    1.860250    3.414534    5.738288    1.785061    4.837173    6.283185    0.264354    0.778950    1.108789    1.271502    0.126926    1.509005    0.088107    1.371513    0.336828    1.305894    
1.343805    1.159803    1.828910    2.508568    0.789193    4.647099    2.571158    5.176210    6.126864    1.359454    0.765355    1.116195    1.270771    1.465631    0.115352    0.100430    0.063203    1.401471    0.087286    1.468796    
