 9    -6.678900    4.517292    0.894520
-0.277191  -1.145218  1.062622  -0.870811  -1.755050  -1.015249  1.560385  0.481436  -1.006437  1.485005  -0.585905  -0.851112  0.591227  1.385524  1.787364  0.401825  0.404999  0.073697  0.025266  0.675647  1.116530  0.599057  1.417557  -0.488025  0.220577  -0.609157  0.015882  1.153928  0.627370  0.311363  1.364681  -0.776396  0.551247  0.156636  1.109462  0.377343  
-0.164554  -0.130406  -0.799962  0.140010  -0.143574  -0.185346  0.119106  0.110706  0.246695  
 1    -3.095435    0.209646      0.679939   3165.000000      0.644044
 2    -4.972637    0.553039      0.847603   7179.000000      1.799925
 3    -5.640030    0.722494      0.907212   11996.000000      3.483202
 4    -6.169155    0.838698      0.954472   19646.000000      6.606047
 5    -6.461330    0.930729      0.980568   30393.000000     12.084645
 6    -6.571807    0.957930      0.990435   48313.000000     23.729498
 7    -6.626406    0.976729      0.995311   70029.000000     40.430130
 8    -6.651887    0.991244      0.997587   105016.000000     71.403902
 9    -6.670859    0.997861      0.999282   155763.000000    121.263848
10    -6.675843    0.999111      0.999727   232126.000000    210.105860
6.283185    0.661316    
4.528905    4.914441    0.456355    0.436407    
3.421485    4.497658    4.063333    0.492597    0.370560    0.246655    
3.453333    4.214608    3.786486    5.767486    0.595021    0.479444    0.251854    0.251571    
3.108776    3.787384    3.572992    4.676467    3.975008    0.578046    0.457986    0.345490    0.187046    0.191030    
2.115068    3.677943    3.579587    3.730438    4.325257    4.239811    0.587700    0.465808    0.393812    0.298311    0.177590    0.150311    
1.990752    3.404476    3.413540    3.588585    3.701964    4.486969    4.245110    0.612385    0.452574    0.389298    0.331062    0.259168    0.147702    0.109636    
1.853266    3.324536    3.344651    3.495967    3.733934    4.164566    4.268143    4.967900    0.599360    0.450969    0.395857    0.333392    0.262482    0.218364    0.095739    0.074512    
1.776787    3.155708    3.203223    3.290388    3.408018    3.934766    3.948103    4.418334    4.772943    0.611537    0.439518    0.384790    0.334093    0.281864    0.210430    0.191881    0.058476    0.077199    
1.612851    2.782301    2.968205    3.078523    3.205454    3.466330    3.865437    3.883284    4.881682    4.347334    0.591456    0.421097    0.377304    0.330454    0.296842    0.230138    0.196945    0.148666    0.059185    0.059635    
