 9    -4.896063    5.404091    0.067811
0.339865  0.191300  -1.140822  0.778411  1.707351  1.008358  -1.292085  -0.473293  0.210802  -0.992069  0.924987  0.120085  -0.173989  1.086957  1.130888  -0.286387  0.510305  1.395815  -0.250652  0.675379  -1.229298  -0.628359  0.987545  0.796753  0.540241  2.103185  -0.631635  -0.040769  -1.225789  -1.681987  1.823664  -0.043823  0.285031  1.890161  -1.761424  1.752328  
0.301198  -0.057248  -0.698210  0.377984  0.442870  0.567041  -0.548174  0.482690  -0.608808  
 1    -2.548077    0.004706      0.772044   4980.000000      1.002133
 2    -4.008913    0.003216      0.913870   8374.000000      2.057400
 3    -4.531619    0.000685      0.964618   12575.000000      3.454230
 4    -4.659872    0.000192      0.977069   17723.000000      5.654799
 5    -4.703599    0.000079      0.981314   24777.000000      9.452414
 6    -4.736456    0.000105      0.984504   34060.000000     14.682230
 7    -4.751403    0.000049      0.985956   48779.000000     25.945073
 8    -4.767161    0.000091      0.987485   69741.000000     43.962972
 9    -4.787734    0.000077      0.989483   91122.000000     66.786882
10    -4.792085    0.000070      0.989905   116054.000000     94.359999
1.527704    0.557726    
1.263875    1.556794    0.795296    0.424889    
1.024959    1.017851    1.234876    0.669622    0.500121    0.291802    
0.758401    0.979631    0.988741    1.151952    0.631029    0.525744    0.385066    0.192270    
0.776370    0.966267    0.988499    1.102100    1.480347    0.628879    0.526516    0.398745    0.284251    0.104336    
0.537777    0.948648    0.909307    1.015636    1.186539    1.517135    0.638646    0.529555    0.444510    0.351668    0.232994    0.100319    
0.514071    0.916370    0.886796    0.971859    1.121720    1.337934    1.445100    0.636981    0.525853    0.448561    0.371781    0.267452    0.174217    0.072937    
0.545583    0.987956    0.895716    1.042147    1.272260    1.813276    5.339902    1.702623    0.653382    0.532875    0.424737    0.318067    0.183226    0.101301    0.104859    0.084023    
0.489743    0.937020    0.862528    0.969068    1.233859    2.134780    5.162335    1.431646    1.399922    0.663836    0.514627    0.444510    0.326702    0.178622    0.065582    0.121128    0.166493    0.094422    
0.463524    0.935101    0.873384    0.967414    1.194399    2.147225    5.116603    1.406141    1.389507    6.160825    0.670640    0.518718    0.453772    0.335083    0.182676    0.064744    0.127814    0.175501    0.116547    1.545723    
