 9    -5.122758    4.647866    0.020925
0.955418  0.440712  -0.478419  -0.682530  -0.793871  0.427983  -0.773764  2.050114  -0.211533  1.453954  -0.061595  1.474451  0.824645  0.581223  -1.225692  -2.162298  -0.516786  2.092389  0.053569  -0.047480  -1.708678  -0.500262  0.711233  1.329977  0.011977  -0.672960  -0.318454  -0.998683  -0.053772  -0.592295  0.142000  -0.639746  0.914216  0.910784  -0.128097  -1.150461  
-0.300000  1.000000  1.000000  1.000000  1.000000  1.000000  1.000000  1.000000  1.000000  
 1    -0.303555    0.002775      0.506766   2778.000000      0.610893
 2    -0.818582    0.003199      0.559478   5860.000000      1.661094
 3    -0.938569    0.013322      0.571758   9488.000000      3.014886
 4    -1.087212    0.031013      0.586971   13963.000000      4.839776
 5    -1.185762    0.034218      0.597058   18658.000000      7.268044
 6    -1.228505    0.027881      0.601433   25201.000000     11.482611
 7    -1.452968    0.072771      0.624406   32164.000000     16.583538
 8    -1.386057    0.068523      0.617558   41799.000000     24.868509
 9    -1.600229    0.003420      0.639478   53738.000000     38.107834
10    -1.543267    0.022174      0.633648   64440.000000     51.041307
0.575347    0.489811    
0.560607    1.058394    0.441729    0.431282    
0.565067    1.042636    1.989445    0.455418    0.356811    1.366989    
0.588683    1.078714    1.992522    2.994011    0.424497    0.339669    1.418362    0.205732    
0.599040    1.066769    1.942001    3.048905    3.950468    0.422995    0.341012    1.422324    0.225959    0.164238    
0.588455    1.073363    2.047507    2.961647    4.618025    1.744324    0.410168    0.317795    1.398203    0.176941    1.427158    0.145373    
0.625430    1.037829    1.974736    3.093020    3.896175    2.484039    2.436231    0.385616    0.325451    1.391287    0.253192    0.218453    0.161417    0.197428    
0.637008    1.044843    1.987566    3.074516    3.924598    4.925048    3.841100    4.821621    0.401837    0.351339    1.390102    0.286458    0.208770    0.186751    0.107993    0.106401    
0.535638    1.021333    1.912318    3.269646    3.687601    3.346515    5.914196    5.892350    2.435820    0.334085    0.374245    1.383340    0.123190    0.173874    0.088912    1.409832    0.255044    0.228250    
0.557123    0.984239    4.774569    5.732937    1.819280    5.976157    1.257124    1.606845    0.371764    5.557918    0.410016    0.316660    0.163477    1.345020    0.265510    1.419824    0.133463    0.160052    1.434490    0.073770    
