 9    -5.039876    5.838968    0.316578
0.993539  -0.758112  -0.351157  0.938245  -1.000467  -1.201973  2.034609  0.008307  0.258243  0.446007  -0.069812  -0.033584  -0.685347  1.140189  -1.653406  0.232497  -0.203918  -1.100841  1.758511  -0.430515  1.327838  0.925540  0.184446  1.811597  2.076887  -0.405200  0.515850  -1.207827  1.824501  -0.403212  0.578353  0.335270  -1.066069  -0.213213  -1.180237  0.789907  
0.240156  -0.190687  0.201113  0.204783  -0.181301  0.146260  -0.143662  -0.799962  -0.120169  
 1    -2.407990    0.257715      0.758073   3003.000000      0.654849
 2    -3.714115    0.577953      0.878134   6976.000000      1.804146
 3    -4.419238    0.691189      0.942950   12277.000000      3.626190
 4    -4.823372    0.852706      0.980099   19601.000000      6.823538
 5    -4.940080    0.916505      0.990827   33023.000000     14.157739
 6    -5.001027    0.969518      0.996429   51671.000000     26.145253
 7    -5.019864    0.988974      0.998160   71127.000000     40.399827
 8    -5.028912    0.991799      0.998992   118962.000000     83.386714
 9    -5.035345    0.997938      0.999584   187477.000000    151.864597
10    -5.037607    0.999040      0.999791   288474.000000    264.839447
6.283185    0.672286    
3.856778    5.663243    0.588472    0.447332    
3.367900    3.961726    5.748753    0.604526    0.496345    0.315668    
2.886133    3.882736    3.454256    5.547904    0.625745    0.502952    0.362234    0.284887    
2.262738    3.422447    3.323769    3.493727    4.845103    0.611584    0.476429    0.417806    0.276990    0.229737    
1.884639    3.354014    3.225929    3.251741    3.439034    4.570729    0.644873    0.498220    0.413050    0.347899    0.228184    0.178850    
1.754186    3.034105    2.996623    3.106895    3.254046    3.822535    4.115759    0.628791    0.472608    0.413222    0.355078    0.286061    0.185624    0.106021    
1.703176    2.995547    2.995209    3.082813    3.225505    3.700338    3.703277    5.284567    0.625033    0.473179    0.417988    0.361998    0.296446    0.228650    0.136148    0.066448    
1.612288    2.812933    2.818045    2.877748    2.984209    3.284408    3.493801    3.819442    4.717428    0.616976    0.457031    0.404093    0.352889    0.308037    0.236365    0.195604    0.091980    0.063676    
1.377890    2.479046    2.691847    2.761580    2.844505    3.016200    3.273763    3.512406    4.080451    4.456421    0.599227    0.448704    0.407654    0.357902    0.321521    0.264249    0.214475    0.163739    0.081821    0.050292    
