 9    -7.897651    4.952899    0.886416
-0.736260  0.440260  0.731900  0.254316  -1.807715  1.053235  -2.661686  -1.076339  0.484691  0.170791  0.129711  -0.386408  1.199626  -1.070269  -1.157811  -0.271514  -0.071525  -0.862646  -0.789977  0.300384  -0.166081  0.298657  1.737711  0.311688  1.138495  0.966284  0.786999  0.293484  1.821675  0.389296  -0.421461  -1.009982  -0.778994  0.523633  2.114998  0.015515  
-0.300000  1.000000  1.000000  1.000000  1.000000  1.000000  1.000000  1.000000  1.000000  
 1    -0.287723    0.007338      0.407813   2316.000000      0.544958
 2    -0.334180    0.003428      0.411428   5903.000000      1.693615
 3    -0.686108    0.001369      0.438814   9277.000000      3.050542
 4    -0.660115    0.017909      0.436792   14705.000000      5.334898
 5    -0.885279    0.008411      0.454313   19837.000000      8.004749
 6    -0.987006    0.017572      0.462230   26794.000000     12.411062
 7    -1.155041    0.085246      0.475306   34027.000000     17.911141
 8    -1.127988    0.025046      0.473201   43739.000000     26.478369
 9    -1.325302    0.023918      0.488555   54761.000000     38.072131
10    -1.383093    0.016768      0.493052   66059.000000     54.601655
0.282612    1.328359    
4.269941    5.585729    1.153283    1.073505    
6.187834    2.849199    6.278361    0.843357    0.279590    0.886005    
5.953898    1.829929    1.025419    3.624725    0.388205    0.772866    0.263040    0.564454    
6.244595    2.933403    6.187734    6.054139    0.560886    0.804441    0.253808    0.806881    1.341578    0.218940    
0.426103    1.844699    2.356202    5.854397    1.566317    4.379001    1.352046    1.481370    1.034616    0.492575    1.142488    0.326126    
0.515926    3.102873    1.224522    4.706772    5.405372    5.580994    2.215447    1.299337    1.121291    1.391874    0.393001    1.384408    0.229766    0.309124    
0.871781    3.148745    0.631518    4.635972    6.283185    0.989924    4.061655    3.228373    1.232983    1.238811    1.292924    0.303642    0.337020    0.912472    1.503281    0.154062    
0.116458    1.092452    3.396242    0.828062    4.860827    4.145201    1.773112    4.278970    3.585208    1.390868    1.287931    1.297209    1.323906    0.330087    0.489475    0.279437    1.111500    1.005687    
0.797017    3.084068    0.772653    4.631718    6.283185    0.933671    3.167655    1.043081    1.502580    4.991829    1.292535    1.259494    1.188195    0.276598    0.365105    1.022565    0.228272    1.346312    0.137246    1.431501    
