 9    -5.553353    5.187590    0.638831
1.348629  1.991068  1.393069  -0.686884  -0.095791  -0.756370  0.561199  0.751012  -1.191746  -1.487929  -0.625148  0.282211  -1.079033  -0.515311  0.327559  0.879111  0.555377  0.181936  0.944846  -1.306168  0.341810  -1.393622  -0.032307  0.388868  0.028718  0.022139  -0.033604  -0.468688  3.177931  -0.641396  -1.818455  -0.212221  -0.738502  -0.033063  -0.072000  0.364808  
-0.356114  0.231038  0.307397  0.113211  -0.276591  -0.284388  -0.289656  0.267930  -0.234114  
 1    -2.830279    0.322863      0.746477   3306.000000      0.666268
 2    -4.380868    0.643950      0.890840   6728.000000      1.705323
 3    -5.221812    0.855707      0.969133   11892.000000      3.460945
 4    -5.441584    0.917352      0.989594   19338.000000      6.399059
 5    -5.498003    0.942118      0.994847   33661.000000     14.226684
 6    -5.532214    0.985899      0.998032   47583.000000     23.252686
 7    -5.545177    0.993364      0.999239   82683.000000     50.635765
 8    -5.548782    0.998035      0.999574   131110.000000     96.166264
 9    -5.551502    0.999194      0.999828   240332.000000    206.576777
10    -5.552575    0.999720      0.999928   400944.000000    389.627869
5.462055    0.564876    
4.198161    5.395093    0.798395    0.428843    
3.692045    3.736514    4.393381    0.717938    0.542229    0.321723    
2.550353    3.548545    3.527019    4.031716    0.658510    0.577340    0.432462    0.226825    
1.857633    3.389263    3.132068    3.445014    4.007763    0.686773    0.557162    0.480270    0.372610    0.171874    
1.805715    3.397675    3.145404    3.507061    3.935212    5.199664    0.684767    0.559202    0.491024    0.391551    0.260212    0.093610    
1.604720    2.982158    2.878446    3.022342    3.342845    3.796158    4.809889    0.676245    0.520263    0.476190    0.402788    0.315526    0.201583    0.089130    
1.584564    2.991162    2.880871    3.017728    3.309586    3.741147    4.531401    5.060550    0.678082    0.524223    0.478932    0.410126    0.333569    0.226246    0.140278    0.040032    
1.508887    2.761747    2.668238    2.635472    2.744485    2.929904    3.463022    4.225059    5.204473    0.666692    0.498397    0.447602    0.380149    0.313683    0.251369    0.181256    0.126624    0.038689    
1.357816    2.462323    2.550321    2.526277    2.603849    2.684400    3.021241    3.611037    4.091045    5.113271    0.645561    0.488865    0.438802    0.390966    0.326391    0.268960    0.219938    0.160875    0.104281    0.035828    
