 9    -5.122758    4.647866    0.020925
0.955418  0.440712  -0.478419  -0.682530  -0.793871  0.427983  -0.773764  2.050114  -0.211533  1.453954  -0.061595  1.474451  0.824645  0.581223  -1.225692  -2.162298  -0.516786  2.092389  0.053569  -0.047480  -1.708678  -0.500262  0.711233  1.329977  0.011977  -0.672960  -0.318454  -0.998683  -0.053772  -0.592295  0.142000  -0.639746  0.914216  0.910784  -0.128097  -1.150461  
0.265795  -0.200221  -0.268962  -0.244226  -0.581222  0.224891  0.121220  -0.046587  -0.430942  
 1    -2.575161    0.075780      0.739260   3387.000000      0.674388
 2    -4.053056    0.043311      0.890519   6798.000000      1.706715
 3    -4.647985    0.071608      0.951408   11588.000000      3.379827
 4    -4.839480    0.047935      0.971007   20384.000000      6.854067
 5    -4.853557    0.062244      0.972448   31453.000000     12.856323
 6    -4.861772    0.090794      0.973289   56431.000000     29.256349
 7    -4.895353    0.385049      0.976726   92062.000000     56.201259
 8    -4.966710    0.524224      0.984029   126883.000000     87.776594
 9    -5.013639    0.716935      0.988832   182396.000000    141.807884
10    -5.023825    0.696602      0.989874   247172.000000    217.378423
5.361905    0.642561    
3.422914    4.595782    0.699044    0.416787    
2.921182    3.229344    4.451656    0.637066    0.519245    0.281050    
2.420547    2.960655    2.686151    4.138708    0.624131    0.475703    0.362578    0.238485    
2.489608    2.997702    2.787557    3.906935    5.412457    0.626855    0.489168    0.349470    0.269352    0.052799    
2.431841    2.983582    2.766598    3.710110    6.283185    0.670151    0.632553    0.489816    0.365758    0.294758    0.259750    1.357916    
1.699013    2.902490    2.666560    2.898813    6.283185    2.406825    2.283367    0.647714    0.508534    0.391712    0.375615    0.355403    1.193790    0.182200    
1.973453    2.947380    2.693098    3.184684    5.740031    2.448966    3.517469    2.438093    0.626987    0.501453    0.398366    0.321219    0.340470    1.240791    0.292256    1.387515    
2.026866    2.980430    2.794816    3.306862    5.647836    2.632059    3.856211    3.026729    2.558593    0.645192    0.509011    0.408879    0.331295    0.321365    1.316910    0.273439    1.253526    0.156770    
1.980491    2.872131    2.730203    3.228090    5.170252    2.624541    3.974774    2.965408    3.087714    2.322042    0.625584    0.495238    0.405052    0.299124    0.309450    1.329604    0.262532    1.256188    0.220792    1.477283    
