 9    -5.081236    4.835773    0.284221
-1.105140  -1.607770  -1.264305  -0.061869  -0.944557  -1.679209  -0.822992  -0.049193  -0.700455  0.428230  -1.542561  0.340174  1.443574  -0.181025  0.498420  0.636785  -0.874873  -0.610991  0.944186  0.764858  0.946040  -0.456936  -0.665911  -1.666717  -0.734193  0.241131  1.866028  0.123527  -1.140208  1.479094  -0.270763  -0.309019  0.036444  0.677593  -0.573055  0.205904  
-0.132693  0.173327  0.145578  -0.129894  0.799962  -0.124646  -0.161766  -0.091955  -0.200470  
 1    -2.205329    0.211690      0.710003   2874.000000      0.570364
 2    -3.903286    0.588823      0.881219   6972.000000      1.755575
 3    -4.444671    0.751073      0.935811   11528.000000      3.339936
 4    -4.707342    0.838280      0.962298   19226.000000      6.465960
 5    -4.959853    0.926617      0.987760   28737.000000     11.579828
 6    -5.021221    0.946632      0.993948   47522.000000     23.461428
 7    -5.050394    0.963900      0.996890   71527.000000     42.012295
 8    -5.063350    0.979192      0.998196   114380.000000     80.372468
 9    -5.075676    0.994936      0.999439   139976.000000    106.112568
10    -5.079489    0.997964      0.999824   200312.000000    174.247461
6.283185    0.620435    
5.206950    4.841312    0.460973    0.412581    
3.632712    4.749117    3.893786    0.464468    0.366020    0.240457    
3.559953    4.481251    4.150689    5.436108    0.595679    0.464875    0.235555    0.222156    
3.438621    3.945172    3.662965    5.001623    3.922278    0.582283    0.450153    0.326180    0.178840    0.185396    
2.355416    3.555726    3.578231    3.786028    4.561790    4.072777    0.542868    0.444836    0.382150    0.258967    0.185737    0.136022    
1.994905    3.486469    3.463172    3.658358    3.777676    4.613412    4.197738    0.609806    0.442429    0.379664    0.323040    0.246250    0.145410    0.103545    
2.021095    3.275040    3.299954    3.478899    3.744671    3.961796    4.521493    4.475678    0.576649    0.433872    0.376184    0.306712    0.265691    0.200892    0.097481    0.070927    
1.896676    3.293249    3.313195    3.422612    3.538030    4.096853    4.131927    4.425898    5.191072    0.607850    0.432402    0.375597    0.323198    0.274506    0.195996    0.187334    0.044452    0.076811    
1.779133    2.916842    3.029990    3.158533    3.322398    3.566551    4.110604    3.980485    5.353489    4.292121    0.589647    0.408222    0.362726    0.316784    0.289679    0.220486    0.187714    0.146382    0.047908    0.063662    
