 9    -4.727997    6.070098    0.110579
0.284659  -1.315573  -0.206194  -1.485032  -0.567317  1.520115  0.523557  0.024520  -1.685001  -0.604265  -0.469087  0.473629  0.909703  0.246694  0.447508  -0.673319  0.623387  0.470458  0.175019  0.545834  -1.600765  -1.239361  -0.603169  0.650523  -0.163636  2.189504  -1.149463  -1.317210  1.304923  0.273049  0.987929  -0.389575  -1.808348  -0.808738  -0.089142  -0.621119  
-0.300000  1.000000  1.000000  1.000000  1.000000  1.000000  1.000000  1.000000  1.000000  
 1    -0.990715    0.009337      0.653894   2826.000000      0.682078
 2    -1.580513    0.045299      0.708515   6150.000000      1.794768
 3    -1.607651    0.058667      0.711028   9492.000000      3.260024
 4    -1.610736    0.054928      0.711314   14208.000000      5.474848
 5    -1.681504    0.067083      0.717868   20718.000000      8.273932
 6    -1.730568    0.049937      0.722411   25626.000000     11.462537
 7    -1.749736    0.081604      0.724186   35451.000000     19.136474
 8    -1.799298    0.067551      0.728776   46477.000000     29.574791
 9    -1.784294    0.067631      0.727387   58585.000000     41.858586
10    -1.811959    0.070148      0.729949   84469.000000     72.574352
0.471951    0.523101    
1.344979    1.477426    0.813214    1.158991    
1.345275    1.495518    5.351849    0.810207    1.159806    1.501515    
1.347003    1.494911    2.331723    3.014643    0.809821    1.155405    1.549079    1.500171    
1.333830    1.480633    0.832713    4.587342    4.019346    0.808514    1.184477    1.488560    1.469288    1.469546    
1.301068    1.547555    4.316873    0.871083    4.331718    6.231671    0.803871    1.199592    0.113164    1.459710    1.506597    1.494992    
1.357756    1.457127    5.293287    3.955795    1.846561    6.048522    1.301471    0.806257    1.147216    1.473353    1.514941    0.049253    1.442297    0.071317    
1.322803    1.500083    4.222543    0.998627    4.268660    6.283185    1.527592    3.170402    0.808397    1.173352    0.117783    1.476438    1.512381    1.497889    1.450384    1.506587    
1.303154    1.541464    4.161909    1.247532    2.321998    4.438517    1.429522    5.048915    3.141914    0.799082    1.178331    0.120468    1.443950    0.050648    0.086234    0.065355    0.075927    0.072524    
1.324746    1.486234    4.136966    1.090216    4.275188    1.921687    5.901404    0.617244    2.665343    4.392220    0.806389    1.163053    0.114582    1.454878    1.510040    0.063775    1.396036    0.066719    1.529425    1.538084    
