 9    -4.941699    6.183471    0.795190
-0.785379  0.950782  -0.027696  -1.235860  -0.578111  0.713701  -0.686916  1.087173  0.024415  -1.229610  0.309458  1.095729  1.452500  -0.108886  0.952027  -0.189320  -2.661238  -0.526750  -0.667293  1.206642  0.618741  -1.492365  0.431372  -0.099084  0.579067  -1.668932  1.581917  -0.023200  -0.209271  -0.394850  1.356881  -0.937906  -0.054275  -0.875412  -0.297727  -0.538700  
-0.300000  1.000000  1.000000  1.000000  1.000000  1.000000  1.000000  1.000000  1.000000  
 1    -0.583587    0.000198      0.608266   2835.000000      0.610783
 2    -1.098129    0.003169      0.654516   6083.000000      1.682601
 3    -1.173441    0.002831      0.661285   9617.000000      2.991191
 4    -1.197152    0.002381      0.663417   13706.000000      4.750188
 5    -1.275766    0.003765      0.670483   18606.000000      7.303248
 6    -1.282668    0.000996      0.671103   25896.000000     11.866414
 7    -1.275928    0.002016      0.670498   32693.000000     16.994685
 8    -1.384249    0.003640      0.680234   43990.000000     27.996945
 9    -1.371622    0.004173      0.679099   51254.000000     35.109780
10    -1.468071    0.004729      0.687768   67611.000000     56.706781
0.443065    0.548860    
1.336289    1.385740    0.797796    1.122331    
1.343164    1.347343    0.380380    0.788519    0.972218    0.217464    
1.344987    1.390515    0.376654    4.666017    0.786433    1.017236    0.180401    1.493698    
1.348631    1.377355    0.412591    6.283185    0.880759    0.783892    0.980947    0.179569    0.073856    0.100931    
1.340842    1.400915    4.995439    2.741588    4.129761    5.826392    0.805394    1.121686    1.530574    0.119220    1.466716    0.089257    
0.701683    1.225937    1.045610    2.240195    4.909169    4.330435    3.809897    0.674814    1.112153    0.297121    0.159443    1.455205    1.506225    1.384305    
1.328180    1.371491    0.342581    4.789267    2.552412    4.132855    1.882174    3.160069    0.792387    0.983747    0.197413    1.461115    0.103735    1.456064    1.447126    1.495463    
0.709143    1.219876    1.056980    2.235171    3.094860    1.761483    3.200831    4.969167    2.365478    0.682260    1.128553    0.279367    0.186137    0.036807    1.478137    1.570796    1.425637    1.409437    
1.358178    1.400869    0.337760    4.845700    1.580862    5.008515    1.588435    3.568135    1.741176    3.652191    0.816779    0.998978    0.209940    1.516391    0.063564    1.389317    1.449692    1.434294    0.108165    1.484507    
