 9    -6.386597    5.461960    0.836484
1.228264  -0.961592  -1.375194  -0.666736  -0.408250  -0.159367  -1.010143  -0.272901  1.148510  0.304371  0.659412  1.625798  -1.085026  -0.277913  0.463255  -0.990108  0.434097  -0.866149  1.488676  -0.134554  0.149314  0.151039  -1.374282  -0.378194  0.792847  -1.594435  -0.553262  -1.656346  -0.175900  1.068554  -0.328559  -1.447383  1.133899  1.159811  1.071022  -1.115433  
-0.300000  1.000000  1.000000  1.000000  1.000000  1.000000  1.000000  1.000000  1.000000  
 1    -0.256371    0.002974      0.482618   2799.000000      0.633876
 2    -0.371232    0.000750      0.492312   5817.000000      1.677972
 3    -0.609082    0.003033      0.512387   9994.000000      3.224960
 4    -0.635654    0.009965      0.514629   13660.000000      4.835687
 5    -0.757072    0.041273      0.524877   18876.000000      7.658577
 6    -0.843191    0.020651      0.532145   25173.000000     11.581331
 7    -1.000632    0.009816      0.545433   32686.000000     16.806968
 8    -1.011846    0.009316      0.546379   41065.000000     23.986648
 9    -1.145687    0.017609      0.557675   49083.000000     32.334709
10    -1.207911    0.057719      0.562927   60748.000000     46.917370
6.014442    1.084525    
6.068699    1.201731    1.037335    1.248334    
3.624388    5.353597    2.685762    0.791125    0.481704    0.402859    
3.492379    3.071865    2.344740    4.495011    0.664021    1.213669    0.424142    1.405834    
6.168176    6.151209    1.860498    1.770969    1.496913    1.119635    1.132412    1.195920    0.365073    1.239970    
6.152557    6.162971    1.873451    1.775577    1.443546    4.333706    1.121931    1.096663    1.173684    0.398054    1.155613    1.367679    
5.468729    0.943562    2.487495    6.140591    4.025740    4.259006    1.580509    1.033866    1.102951    0.251562    1.235178    0.211281    0.357133    0.187150    
5.475154    0.934945    2.482657    6.119883    4.025817    4.270243    1.650960    1.061177    1.028002    1.086156    0.241432    1.266583    0.192580    0.319753    0.195613    0.095166    
5.514720    0.922308    2.491090    6.143126    4.057503    4.165965    1.415644    3.510972    2.511685    1.038732    1.129543    0.212752    1.251053    0.223135    0.467347    0.185475    0.197772    1.411100    
3.379675    3.101001    2.156105    4.701268    4.376687    3.115307    5.321105    1.727171    2.149591    2.358545    0.526574    1.201058    0.451289    1.384483    1.399706    1.163149    1.310566    0.148846    1.420812    1.437800    
