 9    -4.445631    5.816324    0.285879
1.852027  1.201873  -0.549276  0.219038  -0.016983  0.671893  0.333167  -1.771524  1.975094  0.418604  -0.558470  0.925971  -0.505698  -0.325270  -1.075545  0.446122  -0.836724  0.162329  0.281473  0.505949  -0.553527  -0.866120  0.327513  1.036986  0.348084  -1.708354  1.127971  -0.092168  -0.439503  0.169916  -0.861601  0.219753  -0.153007  1.006797  0.498850  -1.179203  
-0.387991  0.309452  -0.224138  -0.290252  -0.278802  0.274892  0.296561  -0.263605  -0.357854  
 1    -2.374890    0.012455      0.798212   3255.000000      0.653084
 2    -3.266000    0.006196      0.885048   6809.000000      1.744972
 3    -3.951884    0.000201      0.951886   12617.000000      3.676657
 4    -4.119965    0.000188      0.968265   18710.000000      6.417244
 5    -4.150032    0.000004      0.971195   30672.000000     12.627250
 6    -4.155486    0.000001      0.971726   55765.000000     28.900925
 7    -4.158410    0.000000      0.972011   92511.000000     58.234540
 8    -4.159377    0.000000      0.972105   125778.000000     89.100235
 9    -4.159530    0.000000      0.972120   211780.000000    175.103421
10    -4.159435    0.000002      0.972111   227283.000000    204.491858
4.782321    0.546260    
3.405145    4.666790    0.842216    0.455740    
2.990539    2.972978    3.707266    0.731480    0.566205    0.345283    
2.010993    3.025220    2.865381    3.310774    0.687091    0.611883    0.447154    0.249504    
1.455544    2.739148    2.552592    2.832123    3.220406    0.704852    0.571640    0.513544    0.396262    0.191695    
1.316994    2.484963    2.432078    2.555728    2.722853    3.197699    0.689589    0.550188    0.507146    0.414644    0.289795    0.108731    
1.268476    2.372668    2.297105    2.352601    2.518262    2.798331    3.644577    0.685944    0.531664    0.485739    0.411792    0.327196    0.209848    0.077730    
1.205681    2.154356    1.997744    1.890439    1.940390    2.112947    2.592637    3.556750    0.668434    0.488350    0.424700    0.360488    0.303379    0.256290    0.179911    0.073049    
1.152684    2.123895    2.031398    1.932896    1.886060    1.975548    2.376807    2.920954    3.461333    0.668611    0.504913    0.438361    0.370745    0.310768    0.274312    0.222462    0.141186    0.046536    
1.152189    2.101477    2.002605    1.939057    1.935133    2.121868    2.720209    5.602441    2.584781    4.011422    0.666221    0.494121    0.432665    0.372512    0.310264    0.261042    0.167005    1.549904    1.491407    1.538120    
