 9    -5.396657    6.566260    0.333767
-0.022632  1.838848  2.505268  0.975403  1.654330  -1.869582  -0.764621  -0.785072  0.028540  -0.021013  -0.984052  -1.679671  -0.721709  0.394450  -1.455288  0.784736  0.940057  2.082766  1.098766  0.717849  0.395293  0.238120  -2.359960  -0.268181  0.140543  -0.061805  1.234644  2.880286  -0.663241  1.156916  -0.074428  -0.084615  0.532550  0.710465  0.245873  -1.360056  
-0.190407  -0.129671  0.135946  -0.800000  0.138277  -0.125661  -0.191086  -0.097840  -0.219354  
 1    -2.696224    0.205936      0.774266   3243.000000      0.640505
 2    -4.232899    0.564176      0.902720   7523.000000      1.938149
 3    -4.676688    0.735285      0.939817   13428.000000      3.866050
 4    -5.127811    0.824148      0.977527   20886.000000      6.936454
 5    -5.265249    0.920426      0.989015   32814.000000     13.251375
 6    -5.329130    0.950542      0.994355   52998.000000     26.370573
 7    -5.361872    0.969572      0.997092   78092.000000     44.772513
 8    -5.376735    0.984309      0.998335   104218.000000     66.343403
 9    -5.389326    0.994300      0.999387   173387.000000    136.674359
10    -5.393012    0.997150      0.999695   218084.000000    185.808946
6.283185    0.689071    
4.096501    5.615337    0.440238    0.486876    
3.563119    4.337178    4.698059    0.494276    0.389146    0.253970    
3.447198    4.078426    3.523460    6.283185    0.591582    0.466421    0.285310    0.282655    
3.065167    3.687317    3.450819    4.173153    4.437738    0.574533    0.441331    0.355935    0.171638    0.224445    
2.087447    3.528433    3.489305    3.622931    4.098151    4.415265    0.579031    0.459818    0.385622    0.294870    0.181829    0.160171    
1.951138    3.326142    3.314165    3.489481    3.605183    4.303825    4.291916    0.613125    0.448310    0.383388    0.323222    0.258370    0.148995    0.111106    
1.846535    3.305684    3.317875    3.442325    3.616241    4.237553    3.716890    6.283185    0.606319    0.449697    0.390531    0.332366    0.251639    0.207190    0.107646    0.068436    
1.813799    3.132466    3.143552    3.235805    3.351497    3.825538    3.939839    4.104117    5.147412    0.607991    0.436632    0.378346    0.325408    0.280489    0.202087    0.187496    0.055113    0.074512    
1.670971    2.823261    2.949907    3.045891    3.191227    3.434621    3.845239    3.908476    4.831272    4.418028    0.590578    0.420660    0.373470    0.323291    0.292162    0.228380    0.189979    0.142490    0.055151    0.056863    
