 9    -4.584447    4.876279    0.263283
0.659883  0.275174  0.023310  -0.031400  -0.488760  1.769949  -1.057899  0.536744  0.252211  -0.359362  -1.231819  -1.621168  -1.835555  -0.398626  -1.042137  -1.006256  -0.611754  -0.682057  2.505280  1.717893  -0.361545  -1.074668  0.387961  -0.375003  1.636920  -0.270384  0.058092  1.352443  0.595227  1.041111  0.006024  0.096811  -0.832191  1.264057  1.087144  -0.365222  
0.161680  -0.182026  -0.216303  -0.184337  -0.169554  -0.135429  0.800000  0.126656  -0.163643  
 1    -2.137267    0.000715      0.741333   3243.000000      0.655419
 2    -3.298805    0.000121      0.864107   6831.000000      1.767206
 3    -3.751572    0.000359      0.911965   11891.000000      3.498740
 4    -4.020146    0.000098      0.940353   19283.000000      6.805591
 5    -4.029233    0.000109      0.941314   30845.000000     12.639759
 6    -4.103514    0.000151      0.949165   46036.000000     22.111841
 7    -4.185589    0.000148      0.957841   66111.000000     37.192026
 8    -4.234333    0.000088      0.962993   101423.000000     69.905582
 9    -4.258711    0.000024      0.965570   158753.000000    127.206404
10    -4.217745    0.000171      0.961239   288008.000000    279.670635
6.283185    0.668239    
3.902893    5.686044    0.556815    0.462698    
3.283803    3.996392    5.919898    0.567186    0.493593    0.302820    
2.907210    3.653823    3.219585    6.058232    0.589650    0.461215    0.361018    0.294636    
2.878717    3.713894    3.255148    6.283185    1.929852    0.597150    0.461064    0.355590    0.343676    1.505568    
2.866466    3.871753    3.079292    6.283185    2.283026    3.535674    0.602720    0.437062    0.353336    0.590676    1.125503    0.212999    
2.816127    3.782313    3.192099    6.283185    2.166531    4.692382    2.236004    0.599517    0.444725    0.373567    0.572413    1.197556    0.437378    1.285880    
1.682439    3.396952    3.554315    3.365189    6.083590    2.250900    4.429454    2.397371    0.636298    0.505148    0.401808    0.350031    0.504934    1.225448    0.409742    1.314353    
2.116607    3.151309    3.053157    2.993985    4.951522    2.049514    4.879525    2.632038    3.269031    0.588192    0.423131    0.386703    0.275438    0.504949    1.280936    0.452309    1.171567    0.130051    
2.853515    3.822597    3.281328    6.283185    1.620790    5.428689    2.040978    4.276003    2.981984    1.564825    0.603994    0.467659    0.391257    0.567089    1.278388    0.460929    1.103627    0.173449    1.425404    0.087459    
