 9    -3.912555    5.649116    0.189872
-0.097940  0.250080  -0.162508  -1.448517  0.785906  0.469623  -1.460382  -0.626218  -1.518771  0.467329  -2.420600  -0.078978  1.112255  -0.476275  1.653748  -1.018355  0.993027  0.591649  -0.259676  0.909999  -0.662858  -0.516306  0.406795  0.262560  0.527482  -0.719168  -0.106058  -0.747889  -0.250776  -1.582493  -0.508423  -0.669027  -1.159652  0.331337  1.101627  -0.459651  
-0.300000  1.000000  1.000000  1.000000  1.000000  1.000000  1.000000  1.000000  1.000000  
 1    -0.894027    0.000445      0.684310   3945.000000      0.854578
 2    -1.062364    0.000631      0.701915   6635.000000      1.771395
 3    -1.262037    0.000092      0.722798   9519.000000      2.871397
 4    -1.435540    0.002248      0.740943   13214.000000      4.371454
 5    -1.276441    0.000192      0.724304   17929.000000      6.748424
 6    -1.610630    0.000355      0.759255   24294.000000     10.304838
 7    -1.470515    0.004577      0.744601   29986.000000     15.104080
 8    -1.552230    0.000259      0.753147   38644.000000     22.733865
 9    -1.801089    0.000372      0.779174   48339.000000     32.110305
10    -1.549398    0.000062      0.752851   59431.000000     45.346316
0.444536    0.538266    
0.383012    0.838290    0.716765    1.232354    
0.399157    0.799466    1.705067    0.666142    1.281442    0.212946    
0.389771    0.734163    0.353006    1.657581    0.703638    1.195128    1.270409    0.153983    
0.477686    1.270821    4.283369    0.555606    3.126172    0.522717    1.410294    0.223791    0.264641    0.158061    
0.401103    0.748051    0.326525    1.598957    0.905405    1.390552    0.714887    1.202212    1.305957    0.239548    1.355564    1.481493    
0.413107    0.797571    6.162403    0.424187    4.577887    4.484316    0.525198    0.702244    1.331495    1.377192    1.461253    0.140467    1.461543    1.389158    
0.389030    0.776476    1.688292    0.903971    3.875343    5.967470    5.343321    2.877398    0.654406    1.290237    0.223000    1.407321    1.426898    0.066948    0.094827    0.149260    
0.430105    0.731987    0.375981    0.822978    3.346979    6.274232    2.098502    4.286053    2.213039    0.726421    1.107867    1.122436    0.335939    1.477173    0.015449    0.080056    1.464925    1.455249    
0.392462    0.783374    1.674042    0.424103    4.500117    4.895839    6.283185    2.646664    3.776176    3.735848    0.679223    1.307779    0.239772    0.133778    1.531023    0.093501    0.085653    0.083623    0.099413    1.507659    
