 9    -4.928407    4.961309    0.148013
-0.564163  -0.238681  -0.774429  0.260315  -1.294135  1.222583  -0.293067  -0.331231  -0.351750  0.464535  1.249793  2.165466  1.597250  0.090560  -0.645840  -0.492307  -1.035561  -1.291473  0.005765  -0.351684  -0.950603  -1.362077  -0.202985  0.794999  -1.815096  1.199073  -0.102739  0.222348  -0.070067  0.926698  -0.427322  -0.369258  -0.512363  -1.928618  0.161842  -0.549214  
-0.300000  1.000000  1.000000  1.000000  1.000000  1.000000  1.000000  1.000000  1.000000  
 1    -0.706965    0.001718      0.573148   2946.000000      0.658110
 2    -1.125801    0.021215      0.615499   5878.000000      1.666546
 3    -1.285232    0.033818      0.631620   9331.000000      2.922796
 4    -1.399011    0.054011      0.643125   13127.000000      4.553168
 5    -1.629716    0.147176      0.666452   16965.000000      6.606233
 6    -1.885890    0.131411      0.692355   22388.000000     10.023403
 7    -1.686146    0.011120      0.672158   28803.000000     14.397394
 8    -2.311863    0.211742      0.735428   37085.000000     21.435455
 9    -2.274635    0.125902      0.731663   49222.000000     34.270328
10    -2.322193    0.147993      0.736472   57183.000000     43.491120
0.392684    0.508388    
0.497251    1.208447    0.452852    1.186217    
0.494430    1.170684    5.040086    0.465211    1.172781    0.176357    
0.492092    1.171912    5.049873    1.795414    0.453818    1.188726    0.211166    1.428126    
0.546667    1.182936    1.801980    2.257487    5.155291    0.457169    1.134111    0.324266    0.198769    1.413258    
0.466143    0.891251    0.547050    2.342581    3.200984    2.439503    0.474815    1.192441    1.059707    1.439810    1.417524    1.386145    
0.476202    1.182208    5.548442    6.157259    1.998289    4.171066    6.283185    0.439939    1.185824    1.399269    1.505201    1.460540    0.178446    1.411478    
0.571150    0.935101    1.789282    1.307548    6.196892    2.428841    5.080552    3.687196    0.874478    0.895818    0.274645    0.228432    1.387064    1.435032    0.131595    0.102908    
0.568053    0.944862    1.820600    1.759703    6.198183    1.888586    5.091881    3.694493    5.035551    0.873356    0.944268    0.265004    1.342017    0.091709    1.451423    0.161946    0.064188    1.490975    
0.601816    0.948776    1.794880    1.283639    2.306363    5.634217    2.420384    5.717082    2.382235    4.501064    0.886379    0.944314    0.308588    0.258380    0.150389    0.059157    0.101666    0.151068    0.108280    0.093841    
