 9    -5.054358    7.413364    0.023397
0.054388  0.066855  -0.313268  -0.714383  0.437518  -1.693630  -1.272009  -1.185710  -1.177596  0.719244  -0.728957  1.291943  0.025615  -2.176068  -0.111670  -1.228390  0.600072  -0.060992  1.393044  -0.406947  1.332656  0.430316  2.726738  -1.551158  -0.821410  -0.160150  -1.142316  -0.558194  0.147042  1.593731  0.620259  0.539776  -1.157280  0.402325  -0.447798  -0.231301  
-0.300000  1.000000  1.000000  1.000000  1.000000  1.000000  1.000000  1.000000  1.000000  
 1    -0.503053    0.015544      0.634953   2982.000000      0.649160
 2    -0.603419    0.014771      0.643003   5583.000000      1.568399
 3    -0.703532    0.021794      0.651033   9460.000000      2.982527
 4    -0.781455    0.012722      0.657283   14013.000000      4.908267
 5    -0.859891    0.016736      0.663574   18915.000000      7.418098
 6    -1.043352    0.002343      0.678289   24450.000000     10.922283
 7    -0.992404    0.008563      0.674202   32493.000000     17.060641
 8    -1.082120    0.023553      0.681398   40310.000000     24.091567
 9    -1.173731    0.009086      0.688746   51824.000000     35.209811
10    -1.238377    0.053712      0.693931   66472.000000     53.522281
6.283185    0.847003    
6.283185    3.418126    0.859840    0.212950    
6.283185    3.460939    2.497086    0.857971    0.257856    1.377763    
6.283185    3.398864    2.567682    0.678504    0.853903    0.257179    1.361660    0.185246    
6.283185    0.264069    1.973736    1.365822    3.382928    1.399024    0.917633    1.456053    0.185224    0.153333    
2.598762    0.562240    1.140670    4.532579    4.260667    1.117065    1.015654    0.458344    0.463208    0.453579    1.297314    0.195629    
6.208412    3.498961    1.389247    1.090799    6.077359    3.095891    2.765072    0.855318    0.149546    1.415387    1.246562    0.210134    0.170594    0.118818    
6.283185    3.472118    2.418172    6.159173    2.335211    3.502150    2.249962    3.596862    0.890473    0.279302    1.391592    0.085248    1.393649    1.372531    1.369147    1.443534    
6.114887    3.476382    1.318447    1.066480    1.945705    4.067909    2.038065    5.092396    2.749713    0.828347    0.280514    1.446848    1.288791    1.395530    0.347701    0.258180    0.435292    0.151912    
6.216926    3.533452    2.603133    0.348746    5.192392    2.778816    3.588924    2.037691    1.200496    0.958494    0.879264    0.331930    1.281322    0.225579    0.063648    1.429258    1.381696    1.327467    1.395028    0.125823    
