 9    -5.129678    4.362280    0.088882
1.181663  3.286588  -1.621765  0.949320  0.052378  0.064238  -0.407483  -0.086520  0.716453  1.220180  -0.421267  -0.436458  0.176678  0.855759  1.180917  0.303532  0.876488  0.409602  0.206339  -0.013353  -1.192493  -0.792464  0.517279  -0.487682  -0.779472  0.365687  -0.736046  0.139248  0.935475  1.379081  0.828823  0.572097  -0.226923  -0.796798  1.773026  0.437690  
-0.300000  1.000000  1.000000  1.000000  1.000000  1.000000  1.000000  1.000000  1.000000  
 1    -0.196123    0.003404      0.480238   3009.000000      0.708546
 2    -0.334403    0.004663      0.494807   6209.000000      1.944310
 3    -0.514488    0.000639      0.513779   10326.000000      3.421736
 4    -0.658794    0.002401      0.528982   14839.000000      5.139928
 5    -0.692246    0.015213      0.532506   20103.000000      7.950060
 6    -0.920646    0.004554      0.556569   25756.000000     11.777504
 7    -0.864218    0.026384      0.550624   35452.000000     19.155059
 8    -1.049090    0.003251      0.570101   42091.000000     25.223926
 9    -1.138018    0.012370      0.579469   52463.000000     34.775926
10    -1.137161    0.002584      0.579379   69732.000000     54.378200
0.260920    1.331108    
1.768359    3.615807    0.379115    0.493311    
1.765338    6.283185    2.075470    0.563461    1.019891    1.184111    
1.797091    6.283185    2.095655    4.599294    0.457806    1.031188    1.328242    0.259753    
1.697893    3.549616    5.889111    2.490502    3.135816    0.383273    0.544350    0.298576    0.283102    0.152757    
0.379837    6.263641    5.414185    6.053879    1.684602    1.843339    1.299839    1.371058    0.692351    0.388105    1.256161    0.281863    
1.782796    6.283185    2.238151    4.078412    3.114921    2.964063    5.304441    0.481140    0.962322    1.223528    0.200169    1.498041    0.321921    0.118632    
1.560783    1.281432    4.922845    5.950276    6.156964    4.715085    6.022491    1.700939    0.325732    0.282883    1.174823    1.190013    1.167879    0.132820    0.503185    0.094188    
1.400604    3.546472    5.949285    5.863107    1.253118    1.526295    5.609268    0.452727    1.388314    0.388379    0.497189    0.261855    0.306504    1.326771    0.159025    1.297794    0.324681    1.466500    
0.319727    0.785447    1.112689    4.935023    0.633166    3.821769    5.755663    1.218399    0.514630    3.364210    1.322772    0.386128    0.247525    1.255722    0.337427    0.066636    0.233292    1.432858    0.180935    0.170252    
