 9    -4.914289    4.836203    0.022408
-1.708201  -0.685090  0.474089  1.287810  -0.074869  0.118065  0.501762  1.971941  -1.543012  1.101359  0.513531  1.303107  -0.039411  -0.404673  0.646122  0.367776  0.305231  -1.148064  -0.678943  -0.668388  -0.482080  0.743054  -0.008128  -1.277238  -2.272334  -0.698613  -0.453450  0.203009  -2.375496  -0.205393  -0.246886  0.350648  0.547968  -0.331325  -1.254338  1.786278  
-0.300000  1.000000  1.000000  1.000000  1.000000  1.000000  1.000000  1.000000  1.000000  
 1    -0.850302    0.002631      0.583202   3024.000000      0.709410
 2    -1.910128    0.000242      0.691896   6202.000000      1.900982
 3    -2.222661    0.001025      0.723949   9132.000000      2.860245
 4    -2.376892    0.000048      0.739767   12258.000000      4.163826
 5    -2.597885    0.000008      0.762432   17457.000000      6.683232
 6    -2.478871    0.000185      0.750226   21202.000000      9.067899
 7    -2.685817    0.000697      0.771450   28254.000000     14.131673
 8    -2.637238    0.002252      0.766468   34983.000000     20.467767
 9    -2.817095    0.001968      0.784914   45982.000000     30.526942
10    -3.043614    0.000574      0.808146   56916.000000     42.193411
0.370069    0.664354    
0.312588    0.397762    0.804986    0.444612    
0.318671    0.367180    1.123573    0.788068    0.502691    0.211686    
0.256605    0.278686    0.324652    3.660619    0.696752    0.543170    0.375001    0.100139    
0.270064    0.351586    0.342498    0.512332    4.094095    0.750577    0.396584    0.334238    0.347092    1.490169    
0.328220    0.385531    2.376571    4.937704    6.104371    3.720046    0.805260    0.525494    1.365295    0.150084    0.119899    0.137495    
0.237623    0.285928    0.341568    3.660440    2.909565    3.586354    0.377534    0.694194    0.586455    0.381906    0.111945    0.104169    0.181912    0.184009    
0.318996    0.363288    1.123113    3.883328    0.379105    3.674090    0.766862    2.517122    0.784617    0.482989    0.228980    1.383426    1.290825    1.437910    1.491288    0.133454    
0.322791    0.360870    1.136044    6.283185    6.134106    2.909452    4.211224    3.822803    3.320750    0.784255    0.501616    0.209044    0.049825    0.115701    0.133584    1.486509    1.427118    0.110760    
0.272270    0.334371    0.331049    0.535764    5.148507    4.369658    3.732276    3.359803    3.793290    3.324942    0.758282    0.362657    0.317931    0.275636    1.570796    0.102653    0.147884    1.440548    1.448523    0.101913    
