 9    -5.580000    5.127118    0.745992
0.522022  0.069947  0.869230  0.424554  -0.220960  -0.632086  -0.455699  -0.681874  0.387163  -0.009748  -1.344962  -0.010275  0.704485  -1.958639  0.153709  1.233067  -0.504342  1.349764  0.731516  1.011621  -0.637194  -0.194763  1.103719  -0.072570  -1.162580  0.324676  -0.032394  0.351848  -1.702749  -0.089254  -0.822555  -1.831628  -0.537568  -1.319745  0.014571  2.606340  
0.252763  -0.268235  0.298821  -0.269960  -0.254900  -0.289683  -0.264964  -0.312584  0.274650  
 1    -2.794192    0.382224      0.739817   3165.000000      0.630981
 2    -4.404097    0.706570      0.890176   7367.000000      1.876500
 3    -5.286691    0.926340      0.972606   11996.000000      3.519286
 4    -5.506982    0.976732      0.993180   19796.000000      6.724233
 5    -5.556596    0.989284      0.997814   32656.000000     13.478645
 6    -5.570909    0.996973      0.999151   52235.000000     26.968697
 7    -5.577603    0.999303      0.999776   91013.000000     57.048155
 8    -5.579124    0.999647      0.999918   140209.000000    102.355424
 9    -5.579527    0.999751      0.999956   207836.000000    173.925139
10    -5.579743    0.999849      0.999976   320340.000000    297.478391
5.049657    0.554327    
3.865012    4.954365    0.819593    0.446331    
3.436313    3.411450    3.982449    0.736730    0.551466    0.324076    
2.292942    3.330756    3.233513    3.713833    0.679032    0.601244    0.447490    0.237219    
1.660240    3.098419    2.837673    3.146917    3.592999    0.699815    0.569262    0.498290    0.386396    0.181320    
1.552742    2.961081    2.806805    3.048260    3.299944    4.063981    0.696487    0.561622    0.509674    0.412599    0.276959    0.088079    
1.425107    2.624128    2.546821    2.627161    2.852802    3.205669    4.136270    0.681526    0.522561    0.479320    0.410572    0.327550    0.209926    0.077688    
1.327576    2.343454    2.248407    2.164739    2.187023    2.376678    2.949757    3.989688    0.659819    0.482544    0.428307    0.365502    0.300907    0.255632    0.179669    0.071597    
1.136993    2.132588    2.252702    2.222119    2.160492    2.195477    2.567884    3.119656    3.902472    0.646203    0.502301    0.446115    0.391453    0.324890    0.280023    0.233131    0.155417    0.057695    
1.039433    1.984449    2.182034    2.183532    2.188597    2.170032    2.338316    2.800189    3.320024    3.849600    0.637292    0.500494    0.447156    0.402530    0.349646    0.294418    0.257464    0.206093    0.122921    0.038856    
