 9    -5.971557    6.923384    0.486260
-0.452566  0.701203  -1.493780  -1.275922  1.342529  -2.134132  -1.496720  -1.305306  0.828734  0.154989  0.275923  1.852512  -0.828546  0.056397  0.562527  0.047985  0.905175  1.409930  -0.323823  -0.165668  -0.018118  0.307362  -0.945166  -2.021812  -0.190764  -1.968996  0.411619  -1.887392  -0.508471  -1.421473  1.122714  -1.617291  -0.288227  1.458641  0.854792  -0.048910  
0.233928  0.152661  -0.862459  0.171017  0.205454  -0.200561  0.265927  -0.115214  0.254494  
 1    -3.274250    0.239804      0.790824   3330.000000      0.669456
 2    -4.588503    0.532071      0.892744   7196.000000      1.813557
 3    -5.230196    0.635389      0.942508   12051.000000      3.494882
 4    -5.692850    0.803183      0.978386   20661.000000      7.026767
 5    -5.820535    0.894824      0.988288   31433.000000     12.992335
 6    -5.895899    0.932869      0.994133   46182.000000     21.606017
 7    -5.927978    0.958160      0.996620   67238.000000     37.422251
 8    -5.950421    0.981476      0.998361   103801.000000     69.867933
 9    -5.961352    0.991667      0.999209   153158.000000    118.431806
10    -5.965384    0.995323      0.999521   237541.000000    220.267354
5.651642    0.688281    
2.867626    3.928287    0.534902    0.443372    
2.535934    2.919815    4.233680    0.575862    0.472175    0.278669    
2.250512    2.816201    2.473523    4.271167    0.599729    0.477876    0.331923    0.271859    
1.877611    2.513545    2.412292    2.695399    3.300318    0.586709    0.450116    0.384485    0.224377    0.209114    
1.434156    2.499814    2.424623    2.485840    2.689349    3.326249    0.623698    0.478404    0.397008    0.325574    0.206437    0.154650    
1.371530    2.310757    2.309727    2.398510    2.535564    2.912464    3.290395    0.615161    0.464271    0.400614    0.332986    0.268950    0.167995    0.094117    
1.293464    2.306007    2.305506    2.372538    2.488289    2.914248    2.722675    4.223020    0.626594    0.463895    0.404431    0.348413    0.268795    0.220153    0.117146    0.075415    
1.245163    2.150601    2.169170    2.230349    2.322602    2.629036    2.701264    3.027803    3.375160    0.617756    0.447792    0.393522    0.340592    0.291211    0.219873    0.184216    0.074663    0.068945    
1.134662    1.994441    2.100665    2.148320    2.234251    2.427350    2.607108    2.813325    3.183692    3.367006    0.603543    0.445454    0.396591    0.341845    0.301724    0.241919    0.195298    0.139054    0.073072    0.047602    
