 9    -6.901379    4.589268    0.076733
-0.016842  1.193143  0.399772  -1.002405  -1.181365  -0.378506  -0.714387  -0.865035  1.730648  -0.959349  -0.173111  -1.518304  0.611202  0.386043  0.675178  0.119889  1.049504  0.194760  0.715019  -0.416904  -0.306104  0.760458  0.887064  1.471282  -0.290232  -1.620485  -2.252044  -0.289965  -0.387475  1.377674  -1.817218  -0.321535  0.621941  -0.265941  1.511721  -0.481059  
0.144026  0.098130  -0.799962  -0.110959  0.143360  0.165228  0.165518  0.026832  -0.245060  
 1    -3.049506    0.156074      0.664782   2838.000000      0.564459
 2    -5.403249    0.443648      0.869622   6749.000000      1.700065
 3    -6.121143    0.551005      0.932098   11871.000000      3.518358
 4    -6.475470    0.604874      0.962934   19876.000000      6.695187
 5    -6.750147    0.661519      0.986839   32166.000000     13.170284
 6    -6.833356    0.680416      0.994080   49015.000000     23.845128
 7    -6.862273    0.696126      0.996597   71017.000000     39.547609
 8    -6.869810    0.711212      0.997253   121450.000000     85.121112
 9    -6.879823    0.754081      0.998124   198196.000000    162.263272
10    -6.882273    0.770954      0.998337   271907.000000    244.875509
6.283185    0.590768    
5.324154    5.480869    0.452809    0.418070    
3.865402    5.122302    4.370559    0.474783    0.365492    0.244474    
3.687976    4.835812    4.503508    5.876414    0.594200    0.468144    0.248681    0.222846    
3.460898    4.226674    3.981153    5.242286    4.451520    0.583716    0.448473    0.338857    0.189483    0.181469    
2.320961    3.931089    3.944382    4.149580    4.848500    4.675920    0.575709    0.457202    0.385961    0.285674    0.184818    0.136919    
2.084954    3.617380    3.662078    3.895949    4.081376    4.947732    4.640714    0.604432    0.437655    0.378790    0.322246    0.251371    0.149866    0.097178    
1.983156    3.320998    3.472689    3.669594    3.919440    4.264958    4.855794    4.746290    0.583998    0.427802    0.376706    0.318160    0.275567    0.197932    0.113959    0.061780    
2.013868    3.487282    3.538050    3.658141    3.849444    4.385837    4.495002    5.123777    5.442709    0.597784    0.431630    0.374168    0.321112    0.275549    0.205826    0.176735    0.054887    0.069763    
1.788834    3.197096    3.453493    3.572613    3.749039    4.097258    4.462699    4.751334    5.397028    5.441454    0.588536    0.432755    0.383895    0.329738    0.293196    0.234425    0.188084    0.132307    0.061060    0.049724    
