 9    -4.594427    4.129425    0.151757
1.387236  0.963562  -0.944981  1.624400  0.264741  0.367542  0.797701  -0.556226  -0.100179  0.323385  -1.814105  -0.930862  1.097972  0.485753  0.527625  0.093865  -1.150458  0.466368  0.442111  0.138366  -0.105991  -0.839403  1.688002  -0.084315  -1.454174  0.424841  -1.326656  -0.408164  0.721783  -0.506090  0.158791  -0.984932  -1.100238  0.121549  -0.658298  0.178232  
-0.300000  1.000000  1.000000  1.000000  1.000000  1.000000  1.000000  1.000000  1.000000  
 1    -1.176212    0.000703      0.608176   3435.000000      0.749965
 2    -1.755100    0.000257      0.674533   6459.000000      1.755905
 3    -1.977570    0.000605      0.700034   9912.000000      2.991843
 4    -2.283259    0.000643      0.735075   12721.000000      4.289851
 5    -2.333787    0.000011      0.740867   18194.000000      6.959316
 6    -2.477430    0.000785      0.757332   24173.000000     10.696459
 7    -2.391681    0.000059      0.747503   32015.000000     16.755320
 8    -2.413308    0.000975      0.749982   42764.000000     26.113722
 9    -2.538699    0.000303      0.764355   54277.000000     38.576321
10    -2.548905    0.000724      0.765525   74024.000000     61.086088
0.447209    0.571240    
0.326668    0.415659    0.793593    0.423746    
0.333589    0.406315    5.527203    0.800484    0.454477    1.392440    
0.328505    0.378497    1.163743    6.101664    0.789448    0.519257    0.219325    0.135250    
0.335122    0.410908    5.530927    0.389098    3.862569    0.829801    0.494780    1.352551    1.356736    0.146592    
0.332591    0.375139    1.172824    3.101642    0.967232    0.477189    0.800004    0.489445    0.172042    0.102274    1.386249    1.429409    
0.339760    0.403373    2.487370    1.931216    1.085382    0.419234    3.861879    0.821815    0.512675    1.523077    0.068224    1.381341    1.369923    0.144985    
0.329524    0.408218    5.698159    1.559456    4.650937    1.697559    0.972565    3.573284    0.821378    0.472915    1.472405    0.062249    1.472586    0.166235    1.495121    1.486674    
0.322454    0.385221    5.754679    4.968262    2.902922    6.283185    2.627896    6.283185    4.566990    0.805135    0.460628    1.465419    0.076342    0.186569    0.156880    0.086383    0.036616    1.437902    
0.340784    0.393846    5.664983    4.839528    1.803968    2.285149    3.426760    5.124162    3.851384    5.927602    0.829836    0.473162    1.450540    0.129827    1.501903    1.497325    1.472942    0.079381    1.484091    0.125506    
