 9    -4.135182    4.717840    0.054511
1.980655  1.795750  -0.728124  -0.283760  1.757234  -0.700888  0.749530  1.466181  -0.359759  -0.314563  -0.497060  -0.582411  0.826093  0.847297  -0.248796  -1.247295  -0.320472  0.092944  -0.984481  -0.621929  0.498765  0.203754  0.685531  1.081797  -0.182269  -1.166652  0.568559  0.322269  0.714625  1.378866  -1.009285  -1.327397  -0.186506  0.457787  -0.668764  1.142519  
-0.300000  1.000000  1.000000  1.000000  1.000000  1.000000  1.000000  1.000000  1.000000  
 1    -0.615039    0.006094      0.602380   2931.000000      0.688310
 2    -1.096654    0.002175      0.656781   6591.000000      2.108661
 3    -1.154127    0.002556      0.663273   9816.000000      3.219707
 4    -1.254675    0.005268      0.674630   14523.000000      5.436494
 5    -1.273563    0.015593      0.676764   18585.000000      7.400802
 6    -1.304206    0.002380      0.680225   25135.000000     11.253269
 7    -1.389525    0.026855      0.689862   31703.000000     16.000509
 8    -1.454056    0.011068      0.697151   41785.000000     24.645769
 9    -1.475790    0.000769      0.699606   51628.000000     35.321208
10    -2.010237    0.001634      0.759975   65589.000000     52.288206
0.503373    0.572845    
0.628827    0.962984    0.326506    0.398074    
0.624058    0.959880    4.542186    0.329816    0.351377    1.438171    
0.498877    0.798911    1.745112    2.198385    0.443841    0.265835    1.370925    1.432036    
0.499356    0.696997    4.741357    5.252138    5.603970    0.453760    0.203218    1.425693    0.070313    0.197675    
0.509917    0.791454    1.753210    2.191572    0.640902    0.972441    0.466028    0.256806    1.340182    1.410036    0.117184    1.479565    
0.408648    5.500760    0.387909    3.940413    3.650209    2.395565    6.066824    0.601172    1.388214    1.289537    0.064720    0.232914    0.036965    1.434647    
0.588664    0.904148    4.664218    4.514516    1.611110    4.737883    4.266909    3.776420    0.348452    0.223528    1.439397    0.093126    0.050754    0.160402    1.317724    0.122664    
0.409200    5.511128    1.622195    6.266346    4.565999    1.265003    1.449831    5.196692    5.902532    0.548434    1.352858    0.167367    0.205127    0.072588    0.077627    0.112487    1.455254    0.145059    
0.326514    0.462099    3.100522    5.915911    0.999780    0.874322    5.197316    5.119896    1.811760    4.388136    0.857737    0.408104    0.090753    1.438891    0.059934    0.000000    1.533012    1.434355    0.242176    1.467922    
