 9    -4.896063    5.404091    0.067811
0.339865  0.191300  -1.140822  0.778411  1.707351  1.008358  -1.292085  -0.473293  0.210802  -0.992069  0.924987  0.120085  -0.173989  1.086957  1.130888  -0.286387  0.510305  1.395815  -0.250652  0.675379  -1.229298  -0.628359  0.987545  0.796753  0.540241  2.103185  -0.631635  -0.040769  -1.225789  -1.681987  1.823664  -0.043823  0.285031  1.890161  -1.761424  1.752328  
-0.300000  1.000000  1.000000  1.000000  1.000000  1.000000  1.000000  1.000000  1.000000  
 1    -0.314978    0.014038      0.555241   2382.000000      0.534729
 2    -0.462655    0.029544      0.569578   5726.000000      1.738455
 3    -0.706068    0.042780      0.593210   9488.000000      3.314891
 4    -0.877372    0.059644      0.609842   13430.000000      5.132879
 5    -1.044074    0.081221      0.626026   19424.000000      8.078224
 6    -1.156922    0.100217      0.636982   25545.000000     11.462940
 7    -1.244428    0.119531      0.645478   33555.000000     17.144998
 8    -1.377454    0.140277      0.658393   42359.000000     25.336293
 9    -1.521775    0.168616      0.672404   53902.000000     36.937343
10    -1.629709    0.196410      0.682883   65900.000000     48.441010
0.290699    1.314611    
0.301828    0.768856    1.257257    1.373861    
0.302281    0.741610    0.710034    1.248242    1.330901    1.359769    
0.265923    0.680853    0.747652    0.766031    1.213473    1.349425    1.348605    1.406418    
0.229024    0.603551    0.746897    0.739336    0.868230    1.193286    1.341541    1.356909    1.387753    1.419546    
0.215297    0.532325    0.669328    0.759558    0.757790    0.876676    1.154136    1.305157    1.361735    1.371508    1.407426    1.439499    
0.235662    0.539271    0.621829    0.770385    0.789026    0.814870    1.109004    1.155748    1.275074    1.340070    1.359370    1.396068    1.416272    1.455465    
0.238941    0.569717    0.642859    0.714285    0.776141    0.886757    0.897125    1.028527    1.186608    1.290808    1.313102    1.353352    1.378379    1.408200    1.431782    1.432152    
0.238154    0.587366    0.650666    0.705818    0.731758    0.820670    0.925706    0.850422    0.930428    1.200800    1.320068    1.326406    1.344910    1.368057    1.409907    1.413982    1.420865    1.428585    
0.215283    0.557854    0.664948    0.696143    0.717902    0.745996    0.844389    0.881797    0.800766    0.910931    1.181309    1.320973    1.349109    1.361529    1.364923    1.399962    1.423607    1.415904    1.422496    1.442713    
