 9    -5.544493    5.117143    0.826982
1.584050  0.306209  -0.722096  0.029006  -2.123688  -1.829934  0.920972  -0.910938  0.595995  2.324745  -0.049952  -2.065527  0.045791  0.106866  -0.384576  -0.676318  0.195727  -0.449039  -0.653854  -0.236046  1.792894  -0.558148  -2.057404  -0.646124  -0.252330  0.356522  0.378152  -0.871000  -0.687169  -0.223007  -1.301475  0.287603  -1.024622  -1.447560  1.407380  -0.085809  
-0.300000  1.000000  1.000000  1.000000  1.000000  1.000000  1.000000  1.000000  1.000000  
 1    -0.976132    0.002124      0.571514   3315.000000      0.710821
 2    -1.550623    0.009403      0.625398   5413.000000      1.491148
 3    -2.049932    0.001563      0.672230   8704.000000      2.691738
 4    -2.510408    0.016746      0.715420   12789.000000      4.404153
 5    -2.135837    0.002897      0.680288   17895.000000      6.927378
 6    -2.349259    0.051021      0.700305   22817.000000     10.068869
 7    -2.464641    0.042370      0.711128   29077.000000     14.969294
 8    -2.997732    0.042835      0.761128   38197.000000     23.287515
 9    -3.209335    0.096237      0.780976   46531.000000     32.133339
10    -3.393603    0.048232      0.798259   59953.000000     47.072991
0.382543    0.555322    
0.568231    0.869194    0.867424    1.085875    
0.366287    0.294510    0.711915    0.784225    0.444606    1.227426    
0.323486    0.356586    0.735991    1.631544    0.811998    0.518837    1.221954    0.245869    
0.329859    0.373543    3.997388    4.997447    3.721280    0.806539    0.511017    1.309529    0.224317    0.158434    
0.334463    0.388444    3.999685    1.734716    1.771327    5.082156    0.812385    0.480436    1.354794    0.237188    1.379483    0.173004    
0.320907    0.390895    4.015217    1.660181    3.991515    1.149720    4.101794    0.793810    0.502965    1.335372    0.209523    1.474098    1.380171    0.136572    
0.318423    0.314445    0.704114    4.741422    0.384157    3.033482    0.900293    4.580655    0.766720    0.475427    1.327705    0.226104    0.201768    0.105814    1.344119    1.408229    
0.314156    0.360669    0.732836    1.710986    1.723071    5.612766    3.779266    6.145307    0.715671    0.806545    0.507748    1.265132    0.259739    1.309599    1.445802    1.482849    0.081777    1.482919    
0.316202    0.341597    0.734271    1.723700    1.731057    5.077955    3.579535    4.457735    3.637727    5.063829    0.783982    0.483195    1.273371    0.234271    1.326036    0.124318    0.078607    0.102345    0.149058    1.437177    
