 9    -4.496560    4.741456    0.267216
1.412241  2.337697  1.611915  1.649743  0.798248  -0.038336  -0.416919  0.573888  0.379333  0.395861  -0.639797  -0.622015  -1.097253  -0.040995  0.406483  1.850516  0.371162  -0.024252  0.881849  1.684386  -0.044589  -0.971817  -0.680023  -1.209145  0.695044  0.691764  0.203673  -0.572106  0.621362  -0.836067  -0.261789  0.241504  -0.153626  -0.948075  0.199662  -0.560836  
0.199518  -0.114743  -0.799998  -0.144774  -0.174762  -0.158562  -0.219986  0.117654  0.020345  
 1    -2.442510    0.027462      0.777652   3372.000000      0.660624
 2    -3.245201    0.007855      0.864542   7610.000000      1.934903
 3    -3.608263    0.008706      0.903843   12126.000000      3.418970
 4    -3.946524    0.001554      0.940460   20323.000000      6.785261
 5    -4.015792    0.000571      0.947958   32469.000000     13.210856
 6    -4.074171    0.000265      0.954277   48153.000000     22.715882
 7    -4.124309    0.000029      0.959704   77248.000000     44.959580
 8    -4.154076    0.000021      0.962927   119308.000000     81.656919
 9    -4.164691    0.000044      0.964076   189180.000000    151.724833
10    -4.170870    0.000051      0.964745   243527.000000    213.896571
6.283185    0.725397    
3.548426    5.131623    0.415363    0.501761    
3.521031    4.098536    6.283185    0.554733    0.466953    0.262309    
3.235521    3.799376    3.349934    6.283185    0.568002    0.462706    0.292758    0.282635    
2.483315    3.500882    3.411330    3.762293    4.949306    0.549444    0.440254    0.373635    0.195497    0.225276    
2.399758    3.547051    3.522441    3.954775    3.787279    6.283185    0.601379    0.459910    0.366036    0.287556    0.218970    0.128608    
2.122523    3.446670    3.472164    3.772108    4.052607    3.955324    6.283185    0.583098    0.460382    0.387615    0.286781    0.251539    0.136666    0.106339    
1.831870    3.356154    3.400762    3.558894    3.798781    4.341456    3.876565    6.283185    0.626912    0.457228    0.395097    0.335622    0.235408    0.219631    0.093779    0.101931    
1.740152    3.092360    3.204589    3.374798    3.566783    4.180474    4.123225    4.979981    4.674842    0.613781    0.443583    0.390148    0.335645    0.267892    0.213181    0.166377    0.070379    0.074186    
1.656563    3.104160    3.187659    3.297754    3.489638    3.965509    3.991467    4.870753    3.958934    6.014059    0.614514    0.450857    0.396486    0.340001    0.274602    0.236690    0.162579    0.130779    0.062786    0.055472    
