 9    -4.594427    4.129425    0.151757
1.387236  0.963562  -0.944981  1.624400  0.264741  0.367542  0.797701  -0.556226  -0.100179  0.323385  -1.814105  -0.930862  1.097972  0.485753  0.527625  0.093865  -1.150458  0.466368  0.442111  0.138366  -0.105991  -0.839403  1.688002  -0.084315  -1.454174  0.424841  -1.326656  -0.408164  0.721783  -0.506090  0.158791  -0.984932  -1.100238  0.121549  -0.658298  0.178232  
0.335135  -0.245330  -0.242179  0.236457  -0.239743  -0.211262  -0.596875  0.157941  -0.324724  
 1    -2.367297    0.115694      0.744708   3195.000000      0.646817
 2    -3.472523    0.100914      0.871398   7297.000000      1.860866
 3    -4.125145    0.123958      0.946207   11617.000000      3.351005
 4    -4.362625    0.072737      0.973429   19818.000000      6.837351
 5    -4.363144    0.079268      0.973488   24759.000000      9.510100
 6    -4.430789    0.024112      0.981242   44153.000000     21.872236
 7    -4.479251    0.610285      0.986798   77691.000000     48.070337
 8    -4.513514    0.800337      0.990725   107689.000000     75.558962
 9    -4.492659    0.538162      0.988334   147727.000000    116.535959
10    -4.555872    0.971574      0.995581   207040.000000    183.892991
5.350911    0.608563    
3.208660    4.677746    0.740193    0.438187    
2.706600    2.995131    4.283608    0.664493    0.560677    0.338295    
2.096582    2.936001    2.594440    3.893655    0.661618    0.536770    0.414505    0.281741    
2.099061    2.942381    2.598408    3.872859    5.636247    0.660944    0.538603    0.411289    0.289821    0.010845    
1.366111    2.412535    2.253578    2.190389    2.380534    3.488192    0.679242    0.510926    0.417888    0.367074    0.292020    0.193402    
1.436973    2.754810    2.588434    2.720809    5.689287    2.752459    1.805498    0.713863    0.552771    0.463295    0.429156    0.353473    1.188009    0.196893    
1.486593    2.692221    2.486336    2.661875    5.468680    2.696206    2.848692    2.472211    0.685492    0.528246    0.457171    0.387243    0.358498    1.199352    0.243017    1.458237    
1.422791    2.430666    2.243845    2.205461    2.474209    2.983892    6.283185    2.356701    1.967976    0.681239    0.495206    0.433549    0.387368    0.337167    0.322190    0.304027    1.234611    0.188304    
1.497835    2.739497    2.614595    2.801718    5.091431    2.831375    2.794040    3.766294    2.288967    1.796753    0.683907    0.546202    0.473304    0.378770    0.338835    1.233086    0.245187    1.312699    0.251171    1.458508    
