 9    -6.732469    5.300516    0.872224
0.779165  0.433715  -0.868448  0.416689  -0.606075  0.537735  -1.068886  0.371192  -1.583441  0.551922  -1.085115  0.775944  0.416375  0.780529  0.033247  1.286144  2.901189  0.521076  1.021167  -0.454762  -1.219863  -2.057769  0.471433  -0.316541  -0.748170  0.918634  -0.860999  -3.374013  -0.444010  -0.478795  -0.889080  0.608275  0.344794  0.236290  -0.185461  -0.433932  
-0.300000  1.000000  1.000000  1.000000  1.000000  1.000000  1.000000  1.000000  1.000000  
 1    -0.767299    0.001699      0.504265   2730.000000      0.668078
 2    -0.879244    0.004511      0.513568   5820.000000      1.645267
 3    -1.005767    0.006010      0.524083   9211.000000      3.079388
 4    -1.203602    0.016526      0.540524   13373.000000      5.014771
 5    -1.225037    0.003316      0.542305   17401.000000      6.920454
 6    -1.270129    0.014845      0.546053   22658.000000     10.293020
 7    -2.128353    0.008975      0.617375   29769.000000     15.707632
 8    -1.508218    0.006552      0.565839   40313.000000     24.176617
 9    -1.614742    0.005780      0.574692   52709.000000     36.620898
10    -1.849072    0.009679      0.594166   63956.000000     50.108974
0.459701    0.528089    
0.600444    0.743297    0.517588    0.250322    
0.544225    0.756229    0.602949    0.526810    0.331719    0.221341    
0.657329    0.742964    0.700454    4.835382    0.591500    0.410674    0.233879    1.330761    
0.431077    0.676775    0.837946    1.998754    5.267204    0.641292    0.319585    0.368749    1.351928    0.135182    
0.659099    0.834491    3.580924    3.067640    2.882940    5.168468    0.546019    0.309945    0.267599    1.411050    0.130216    0.160852    
0.364600    0.677976    0.666932    0.699168    0.697514    0.705933    1.833296    0.606924    0.394981    0.528598    0.381732    0.401204    0.238252    1.434078    
0.482713    0.711881    0.719619    4.867514    0.678296    5.286541    3.817587    1.177458    0.581640    0.350366    0.283006    1.344977    1.413750    1.471611    0.119280    1.409820    
0.450920    1.618047    2.212845    3.845927    1.833818    5.758678    1.126440    0.671484    5.826810    0.438722    0.115610    0.213878    1.311529    1.553908    1.347626    0.069623    1.363075    1.382592    
0.321040    0.406737    1.514990    1.823882    3.696537    2.096644    0.591617    3.158552    5.543278    2.946772    0.529478    0.244889    0.122436    1.320472    0.052521    1.269059    1.328684    1.219675    1.432032    1.440439    
