 9    -5.249128    5.741694    0.037833
-0.374470  1.163536  1.171028  0.762805  -1.399164  -0.805286  -0.567384  0.003154  0.933997  -1.232669  0.347803  0.644465  0.018927  -0.473181  -1.407803  -1.970348  0.821106  0.569608  -1.868063  0.428322  2.014901  -0.007186  0.598445  0.461798  -1.053029  0.552033  -0.613530  0.955068  1.682189  0.854499  2.816151  0.037141  -0.240715  -0.597208  -0.573777  -0.062244  
-0.300000  1.000000  1.000000  1.000000  1.000000  1.000000  1.000000  1.000000  1.000000  
 1    -0.284610    0.010551      0.548303   2706.000000      0.666602
 2    -0.383307    0.000646      0.557283   5810.000000      1.867979
 3    -0.657779    0.019212      0.582256   9830.000000      3.474154
 4    -0.707568    0.007510      0.586786   14386.000000      5.473226
 5    -0.839021    0.004501      0.598746   18925.000000      7.393142
 6    -0.986881    0.026149      0.612199   27881.000000     12.922497
 7    -1.084040    0.024295      0.621039   33973.000000     18.676740
 8    -1.128719    0.027339      0.625105   43250.000000     26.456267
 9    -1.209554    0.012318      0.632459   54377.000000     38.059489
10    -1.238897    0.047040      0.635129   64891.000000     49.808628
6.283185    0.651826    
4.864912    2.056306    0.891992    0.355846    
5.764951    6.283185    3.490993    0.188049    1.181299    0.896146    
6.283185    5.534708    5.566091    2.999785    0.509936    0.072772    0.361426    1.315813    
6.275919    5.782831    5.368000    3.329705    3.601202    0.571211    0.081757    0.480466    1.455717    1.193779    
5.999005    6.088948    3.524162    6.221040    5.938293    2.619144    0.257922    1.233344    0.815893    1.430037    0.218373    0.307088    
5.272028    1.057188    3.231375    3.731895    5.989306    2.360300    4.442266    0.652151    0.571117    0.343783    1.439951    0.647556    1.430495    0.356930    
5.203037    1.340932    2.856778    4.794422    0.678386    4.918500    5.348350    1.691697    0.719038    0.368657    0.512126    1.213676    0.486725    1.077796    1.321114    0.098527    
5.783399    6.185036    3.506233    1.442278    0.344462    6.283185    4.625942    2.427863    3.155491    0.209771    1.255118    1.039444    1.366116    0.159999    1.407610    0.449561    1.291592    1.318924    
4.984831    1.941108    0.942529    1.536712    4.536326    4.243547    2.093205    4.841626    6.018700    1.835324    0.672683    0.417420    0.072855    0.388874    1.169359    0.189333    0.320249    1.315601    0.194748    0.248732    
