 9    -6.411604    5.184329    0.554599
-1.485170  -0.260205  -1.424565  -0.891399  0.761163  -0.698757  -0.396650  1.243787  0.074518  -0.322948  1.461472  1.241821  0.259419  1.071688  -0.130218  1.885784  -0.705359  0.335575  0.568752  -0.916734  -1.059760  -1.918972  1.679736  -1.131580  -1.168810  -0.301069  3.244311  1.609465  -1.323539  -1.015974  -0.859412  1.091355  -0.047849  0.167719  1.658327  -0.051820  
-0.369349  -0.244159  -0.137688  -0.288401  -0.284787  0.287584  0.240070  -0.252601  -0.263459  
 1    -3.478221    0.345795      0.747033   3324.000000      0.656975
 2    -5.057758    0.681046      0.883248   6837.000000      1.719731
 3    -6.048727    0.897511      0.968707   12172.000000      3.572157
 4    -6.303325    0.950306      0.990662   20461.000000      7.041498
 5    -6.353475    0.968447      0.994987   38182.000000     16.525301
 6    -6.394096    0.994371      0.998490   49435.000000     23.637858
 7    -6.406223    0.997830      0.999536   89332.000000     56.152064
 8    -6.408784    0.998557      0.999757   122229.000000     84.947654
 9    -6.410465    0.999661      0.999902   146158.000000    109.669307
10    -6.410555    0.999701      0.999910   200914.000000    174.569980
5.692880    0.561334    
4.201110    5.426617    0.801902    0.422408    
3.738109    3.861790    4.463649    0.731394    0.549178    0.318791    
2.627253    3.640666    3.537635    3.985391    0.669380    0.581757    0.425702    0.229922    
1.867265    3.487184    3.170769    3.464320    3.959451    0.690719    0.568224    0.480247    0.372833    0.169326    
1.857268    3.349948    3.153758    3.542768    3.923900    5.171880    0.672859    0.554908    0.494282    0.392245    0.258565    0.092635    
1.540280    3.002270    2.897016    2.989962    3.291868    3.699800    4.787162    0.675612    0.529655    0.477297    0.405512    0.317498    0.204599    0.087990    
1.454921    2.777146    2.593226    2.421322    2.452037    2.823151    3.444821    4.515969    0.664777    0.499902    0.426168    0.350696    0.295692    0.251545    0.170965    0.078916    
1.499002    2.810043    2.654378    2.555447    2.571972    2.785108    3.384862    4.364060    5.385500    0.667437    0.502885    0.440239    0.366496    0.298156    0.253270    0.182882    0.118483    0.028522    
1.478980    2.734533    2.577753    2.449608    2.508961    2.822229    3.435212    4.648201    5.300696    6.280938    0.660827    0.492899    0.426820    0.358259    0.298126    0.254432    0.178181    0.091753    1.566244    1.554415    
