 9    -6.292451    6.458834    0.174499
0.363580  1.314545  -1.146046  -0.488436  0.720190  -0.065189  1.841201  0.129148  1.689050  0.924599  -0.364502  1.552866  0.687094  1.868193  -2.101154  -0.860455  -1.583306  0.702538  1.232649  1.126887  -1.175439  -0.901862  -1.811378  0.775169  0.132982  1.972961  0.004686  -0.345795  -0.113918  0.131261  -0.202970  -0.681772  0.618107  -1.763596  1.099349  1.798983  
0.202068  0.756881  -0.494468  -0.617877  -0.527004  -0.566400  -0.591081  -0.543226  0.708821  
 1    -3.255470    0.310145      0.761829   4140.000000      0.846512
 2    -4.947104    0.585078      0.894493   7333.000000      1.883757
 3    -5.832759    0.768085      0.963949   10689.000000      3.128297
 4    -6.061509    0.833284      0.981889   16453.000000      5.411700
 5    -6.020290    0.908751      0.978656   22964.000000      8.827825
 6    -6.201774    0.963117      0.992889   30250.000000     13.637598
 7    -6.088025    0.956090      0.983968   44308.000000     23.935276
 8    -6.089530    0.949542      0.984086   57726.000000     36.909251
 9    -6.238333    0.978822      0.995756   79176.000000     60.692927
10    -6.267635    0.987231      0.998054   103261.000000     87.249964
1.199215    0.559317    
0.915742    1.175491    0.817020    0.441956    
0.791840    0.761389    0.934881    0.707305    0.531731    0.323551    
0.566087    0.755846    0.747653    0.875678    0.669494    0.569010    0.426624    0.220246    
0.737946    0.738872    0.915841    4.580798    1.223115    0.686640    0.539597    0.390735    1.378867    1.441765    
0.541520    0.757405    0.721729    0.876405    4.732658    1.217550    0.670222    0.568801    0.429921    0.284178    1.406798    1.449164    
0.735623    0.741814    0.903202    4.442175    0.988008    1.023076    4.845077    0.685647    0.542542    0.384590    1.373418    1.354384    1.429959    0.028496    
0.721635    0.739010    0.909813    4.553405    4.844597    4.908529    5.983948    1.192697    0.681736    0.549933    0.388674    1.434975    0.105092    1.494547    1.465017    1.495192    
0.512108    0.777461    0.719751    0.857071    4.655410    4.803450    4.831464    5.969532    4.802348    0.678459    0.581678    0.437311    0.300987    1.461905    0.105150    1.481681    1.497382    0.038960    
0.367147    0.699626    0.656832    0.735170    0.892050    5.429861    6.165374    4.874596    4.756328    2.343374    0.682253    0.549362    0.486918    0.376286    0.175836    1.531242    1.499730    0.099545    1.459694    0.061145    
