 9    -3.528878    3.916788    0.018072
0.709056  0.857144  1.688367  2.164774  -0.970375  1.072576  1.688920  0.015477  -0.012332  0.213066  0.651998  -0.178201  -0.044454  0.014322  0.032892  -0.075229  0.562198  -0.798122  0.466570  -1.022600  -0.664590  0.718755  -0.118972  0.880513  -1.007053  -0.598255  1.452177  -0.683331  0.170553  0.251468  -1.086515  -0.127056  -0.801120  0.643634  -0.408132  0.304167  
0.563714  0.011274  -0.078258  -0.223916  -0.355335  0.281719  0.209522  -0.268915  0.222316  
 1    -1.932023    0.167674      0.785532   3282.000000      0.653153
 2    -2.935728    0.343080      0.920336   6733.000000      1.827731
 3    -3.284679    0.441870      0.967203   12615.000000      3.809378
 4    -3.362724    0.478621      0.977685   21349.000000      7.302976
 5    -3.392018    0.539181      0.981619   29965.000000     12.082268
 6    -3.411837    0.568947      0.984281   60352.000000     32.836385
 7    -3.429428    0.626452      0.986643   84496.000000     51.138702
 8    -3.438825    0.637906      0.987905   136945.000000     97.675308
 9    -3.445865    0.661877      0.988851   183331.000000    142.756718
10    -3.449654    0.669585      0.989360   254268.000000    224.647902
5.644096    0.554285    
4.649173    5.602303    0.778610    0.412501    
3.793738    3.739063    4.450664    0.661424    0.484198    0.275607    
2.826312    3.457846    3.547210    4.134845    0.609444    0.500811    0.364938    0.180186    
2.918747    3.500713    3.570274    4.105559    5.534458    0.620323    0.504680    0.379173    0.260000    0.091097    
2.254176    3.327269    3.306584    3.679805    4.389554    5.350080    0.603932    0.504569    0.414721    0.325804    0.208809    0.091472    
2.359640    3.299166    3.286816    3.764826    4.449447    5.198500    5.627053    0.586120    0.497150    0.397108    0.315454    0.207341    0.169601    0.073581    
1.632512    3.301973    3.197945    3.419045    3.975360    4.668463    4.907894    5.502792    0.648983    0.512732    0.441336    0.358870    0.271970    0.186010    0.154768    0.069806    
1.678010    3.174059    3.172677    3.382609    3.879478    4.659715    4.936455    5.444858    5.677430    0.625367    0.505976    0.443380    0.364347    0.279640    0.192596    0.159491    0.122772    0.052094    
1.496003    2.984726    3.006909    3.126022    3.536282    4.062629    4.704926    4.853575    5.112831    5.482247    0.639611    0.497624    0.437415    0.379700    0.308976    0.226655    0.178748    0.138804    0.109857    0.047780    
