 9    -3.875169    4.832687    0.073017
1.388700  1.788755  0.578529  -1.270554  -1.258753  -0.139977  -0.346450  -1.133400  0.839501  -1.195614  -0.891264  0.056036  -0.382613  -1.776864  -0.436097  0.527447  -0.499284  0.978743  -0.462637  -0.235565  0.134705  0.247562  -0.517419  -0.054777  0.724381  -0.410012  0.210369  -0.298181  -1.063472  0.189191  0.456209  -0.417063  1.802967  0.102135  0.327872  -2.098674  
0.224671  0.107933  -0.148888  0.799962  0.138951  0.182173  -0.092698  0.220173  0.163203  
 1    -1.985854    0.214809      0.783033   3126.000000      0.614513
 2    -2.942340    0.529547      0.892875   6974.000000      1.767815
 3    -3.291007    0.697031      0.932916   12165.000000      3.534746
 4    -3.646709    0.812576      0.973764   19340.000000      6.570587
 5    -3.752302    0.914517      0.985890   32434.000000     13.226536
 6    -3.805798    0.942489      0.992033   53406.000000     26.880394
 7    -3.839460    0.969682      0.995899   77363.000000     44.701704
 8    -3.860960    0.987269      0.998368   113409.000000     75.933634
 9    -3.870519    0.995079      0.999466   175340.000000    138.122133
10    -3.872834    0.996893      0.999732   235076.000000    207.018156
6.283185    0.670953    
3.924971    5.171475    0.448907    0.467937    
3.393483    4.091025    4.538203    0.511845    0.389752    0.255760    
3.300243    3.832003    3.265027    6.283185    0.577084    0.465539    0.303020    0.275492    
2.936420    3.559140    3.308428    4.124800    4.021747    0.575987    0.445283    0.350439    0.178746    0.201419    
2.046414    3.485821    3.382224    3.513794    3.877025    4.343678    0.602863    0.462700    0.381579    0.300634    0.178108    0.148162    
2.039471    3.271307    3.272385    3.480901    3.630521    3.986848    4.700669    0.601360    0.458605    0.384619    0.302378    0.257474    0.133954    0.097235    
1.762151    3.209098    3.211371    3.312714    3.437844    4.132443    3.390454    6.283185    0.628137    0.454881    0.392493    0.338338    0.242649    0.210432    0.105225    0.079891    
1.708427    2.955104    2.986981    3.083317    3.188566    3.690637    3.715943    4.101595    4.605724    0.616485    0.437024    0.380244    0.327817    0.277432    0.200008    0.184699    0.053504    0.075563    
1.543065    2.582111    2.759940    2.864956    3.003110    3.222555    3.639384    3.671204    4.562645    4.131665    0.589985    0.418811    0.373622    0.324980    0.292598    0.227050    0.186495    0.143254    0.055512    0.056523    
