 9    -4.881144    5.821934    0.335218
0.865590  -0.505806  0.978056  0.089766  -0.313105  -0.997138  -0.062213  -0.719255  0.387988  0.285235  -2.107092  1.542011  -0.122495  -0.217374  1.046019  1.691346  1.035376  -0.154498  0.326185  -1.045922  -0.085956  -0.631021  -1.049734  0.551428  0.243106  -1.882774  1.321947  -0.329868  -1.139055  1.343185  -1.124240  0.546957  1.477139  -1.810112  -1.513006  1.365347  
-0.300000  1.000000  1.000000  1.000000  1.000000  1.000000  1.000000  1.000000  1.000000  
 1    -0.200079    0.000711      0.562643   3369.000000      0.730730
 2    -0.357338    0.005651      0.577336   6397.000000      1.808152
 3    -0.461750    0.010051      0.587091   9814.000000      3.112869
 4    -0.648321    0.002714      0.604523   13921.000000      4.906963
 5    -0.710061    0.014979      0.610291   19123.000000      7.474926
 6    -0.878252    0.021066      0.626006   23628.000000     10.457160
 7    -0.948481    0.003126      0.632567   31758.000000     16.396902
 8    -1.024586    0.035115      0.639678   39220.000000     22.355953
 9    -1.089696    0.028966      0.645761   51393.000000     34.886279
10    -1.169195    0.056838      0.653189   61070.000000     47.812470
5.282726    0.964252    
4.623144    1.650724    1.068444    0.646885    
5.360895    2.181207    1.070328    0.832167    0.280858    1.321617    
5.473981    2.119788    1.050620    2.157359    0.857309    0.303260    1.225695    0.318408    
5.303468    2.347299    4.735606    3.541678    1.146294    0.894958    0.211128    0.267054    0.426656    0.560660    
4.852216    2.936829    4.981150    1.757862    3.316531    5.475032    0.844028    0.532396    1.216986    0.297865    1.206505    0.149257    
4.757303    1.524758    4.059701    5.474964    3.951025    4.347405    0.779900    1.037990    0.505168    1.380850    1.217160    0.134592    1.200980    0.276215    
0.339437    1.057361    3.784076    1.158631    5.108936    1.286141    4.896121    1.364655    1.124498    1.348183    0.276217    1.275235    0.260073    0.324921    0.120777    1.412870    
4.745008    1.591956    3.156976    2.427974    1.129166    5.494057    4.799119    2.108981    1.508592    1.079682    0.533206    1.171937    0.226166    1.161864    1.425643    1.427764    0.268483    1.453548    
5.500337    2.009560    1.084401    2.135511    1.619041    3.263365    2.528427    5.989519    6.082524    0.668560    0.861621    0.419914    1.169161    0.477181    0.277198    0.244786    0.307020    1.389807    0.392478    1.118991    
