 9    -3.871679    5.359048    0.407319
-0.835604  0.665364  0.481271  -0.938764  -0.122347  -1.126123  -0.846273  -1.317148  -1.813608  -0.155595  0.611860  0.014949  0.795852  0.011985  0.922505  0.349768  0.002359  -0.999109  0.421646  -0.261758  0.127665  0.056907  -0.229472  -0.957703  -0.424170  0.020671  -0.415321  0.213133  0.117778  1.360823  -0.434741  -0.066807  0.645877  -1.553138  -2.486736  1.837397  
-0.300000  1.000000  1.000000  1.000000  1.000000  1.000000  1.000000  1.000000  1.000000  
 1    -0.492918    0.000021      0.633966   3114.000000      0.710273
 2    -0.845689    0.000482      0.672183   6021.000000      1.788967
 3    -1.047864    0.000738      0.694085   9091.000000      3.156991
 4    -1.134420    0.001705      0.703462   13827.000000      5.211413
 5    -1.152174    0.007771      0.705386   18456.000000      7.700884
 6    -1.083708    0.008910      0.697968   24853.000000     11.193954
 7    -1.319121    0.001742      0.723472   30977.000000     15.941431
 8    -1.235225    0.000624      0.714383   41075.000000     24.240275
 9    -1.132276    0.041336      0.703230   52168.000000     36.508124
10    -1.460546    0.001423      0.738793   61276.000000     46.612203
1.006444    0.895141    
0.495595    1.152701    0.494476    1.185029    
0.444331    1.093429    1.366165    0.478132    1.339785    0.269912    
0.459096    1.135490    1.075373    0.431453    0.492221    1.267356    0.204755    0.241213    
0.409079    3.598578    0.440651    6.221104    3.792665    0.617914    1.434601    1.238418    1.357728    1.387547    
0.415345    4.049953    2.516886    3.700403    3.789486    2.001225    0.659960    1.284958    0.049583    1.374387    1.350508    1.528212    
0.430116    6.009165    4.037937    5.709756    6.146577    2.868023    6.103081    0.592269    0.191890    1.348517    0.154311    0.223776    0.299218    0.161606    
0.453013    1.141533    5.868754    1.595879    5.219770    4.302578    2.534504    1.194242    0.458814    1.331204    1.492531    0.062291    1.466670    0.192264    1.570796    0.157352    
0.941577    6.016411    5.127135    5.849236    2.409698    2.202031    5.105726    4.101203    6.283185    0.847249    0.307125    1.392839    0.159424    0.124781    0.143885    1.386033    1.502302    0.084201    
0.412184    5.997030    4.018688    5.694943    6.219205    2.867654    6.182099    2.985686    3.089707    3.003790    0.559593    0.124418    1.396954    0.112208    0.176798    0.228618    0.150449    0.154948    0.077707    0.107678    
