 9    -5.280487    4.075675    0.020743
0.045279  -0.499267  -1.271602  -0.517983  0.510143  -0.288202  -0.237575  -0.498752  -0.734063  1.241094  0.074512  0.214214  0.209978  -1.570645  -0.863728  1.809023  0.669490  -0.298024  -0.167692  -2.031620  1.059673  -2.258756  -0.929584  -0.955863  1.005101  0.164662  0.974701  0.318961  0.884123  1.323747  -0.590289  0.275798  -1.551299  -0.529185  0.183199  0.274387  
-0.240274  0.373564  0.394144  -0.397304  -0.367944  0.209050  0.050975  0.676299  0.141159  
 1    -2.685576    0.116223      0.722652   3762.000000      0.772366
 2    -4.350942    0.213769      0.900649   6689.000000      1.678604
 3    -4.895854    0.253869      0.958890   12014.000000      3.479105
 4    -5.081139    0.249732      0.978693   17953.000000      5.819659
 5    -5.171710    0.214843      0.988374   26951.000000     10.285163
 6    -5.219622    0.188383      0.993495   38256.000000     16.936811
 7    -5.239783    0.165740      0.995650   57164.000000     30.722835
 8    -5.253004    0.140168      0.997063   80049.000000     51.841353
 9    -5.258341    0.124743      0.997633   104322.000000     74.663460
10    -5.260443    0.113079      0.997858   140138.000000    114.959707
3.073749    0.571300    
2.560005    3.054345    0.748933    0.394847    
2.107495    2.337356    2.610102    0.675483    0.506302    0.262487    
1.766274    2.169079    2.181627    2.537549    0.649826    0.511426    0.372117    0.170434    
1.661507    2.038557    2.077978    2.387985    3.031213    0.624436    0.502074    0.381524    0.265579    0.104152    
1.288242    1.984583    1.922314    2.137383    2.546982    3.088991    0.634622    0.507801    0.414790    0.316841    0.208925    0.094289    
1.129776    1.836927    1.828314    1.972471    2.289620    2.702045    2.926641    0.621304    0.499840    0.425794    0.347765    0.250316    0.159396    0.069738    
0.995681    1.802273    1.775422    1.854804    2.115456    2.422655    2.823150    3.168576    0.640652    0.501375    0.430497    0.367576    0.288693    0.197411    0.134099    0.052791    
0.914166    1.663289    1.667282    1.714129    1.919747    2.182357    2.485071    2.722561    3.007816    0.630625    0.486593    0.419450    0.368896    0.308770    0.233533    0.163671    0.105744    0.043860    
0.835676    1.577026    1.600646    1.617823    1.770061    1.964431    2.222711    2.449329    2.773717    2.944380    0.628708    0.480169    0.413201    0.365231    0.311795    0.249450    0.185967    0.134775    0.082820    0.029609    
