 9    -6.135139    5.487143    1.091982
0.883490  -0.457785  -0.092110  -1.329808  3.064264  2.017759  0.917338  -1.485646  0.912503  -1.919773  -1.823598  -0.359470  -1.803942  0.538994  -0.087634  0.240699  0.057595  0.656237  0.850275  -0.592950  -0.088395  0.097974  0.060302  0.677781  1.689936  -0.224493  0.448526  1.783406  0.098638  -0.307988  0.184015  -0.121434  1.003841  1.061911  -0.633580  0.211638  
-0.202015  0.142207  -0.141078  0.126946  -0.113638  0.799962  0.114648  -0.136002  -0.096016  
 1    -2.335931    0.184110      0.673110   3108.000000      0.611062
 2    -4.564386    0.623054      0.864850   6988.000000      1.802308
 3    -5.310155    0.792966      0.929017   11608.000000      3.400214
 4    -5.618455    0.846557      0.955544   19960.000000      6.921536
 5    -5.933327    0.927112      0.982636   31033.000000     12.622029
 6    -6.036545    0.951578      0.991517   50210.000000     24.547597
 7    -6.081976    0.965806      0.995426   71781.000000     40.835866
 8    -6.099222    0.975089      0.996910   111085.000000     75.850694
 9    -6.120435    0.993885      0.998735   169708.000000    135.786231
10    -6.129526    0.997680      0.999517   256156.000000    235.699827
6.283185    0.604720    
5.854329    5.546075    0.442000    0.423189    
4.144182    5.494823    4.372038    0.459148    0.357755    0.254914    
3.865958    5.059344    4.694876    5.798782    0.582002    0.455232    0.236270    0.221302    
3.776658    4.514512    4.142496    5.552701    4.421731    0.587906    0.451159    0.327330    0.181937    0.188094    
2.672415    4.160529    4.103654    4.332934    5.085286    4.655393    0.567552    0.454200    0.384403    0.268962    0.180198    0.145829    
2.270259    3.970150    3.914796    4.123186    4.228495    5.202559    4.659331    0.613296    0.448713    0.382041    0.324595    0.246414    0.148093    0.110586    
2.220123    3.659969    3.671473    3.836657    4.043227    4.353557    5.058273    4.714964    0.592898    0.434163    0.375834    0.311510    0.276043    0.198834    0.113690    0.078720    
2.247737    3.891194    3.849943    3.963293    4.057976    4.784176    4.600645    5.563602    5.333714    0.613786    0.444448    0.376410    0.322912    0.268828    0.197905    0.189989    0.029390    0.092034    
2.119676    3.481392    3.534942    3.702080    3.848410    4.142391    4.627299    4.514063    6.283185    4.713862    0.594717    0.419078    0.368607    0.314463    0.286104    0.216319    0.191704    0.139022    0.052401    0.074876    
