 9    -5.129678    4.362280    0.088882
1.181663  3.286588  -1.621765  0.949320  0.052378  0.064238  -0.407483  -0.086520  0.716453  1.220180  -0.421267  -0.436458  0.176678  0.855759  1.180917  0.303532  0.876488  0.409602  0.206339  -0.013353  -1.192493  -0.792464  0.517279  -0.487682  -0.779472  0.365687  -0.736046  0.139248  0.935475  1.379081  0.828823  0.572097  -0.226923  -0.796798  1.773026  0.437690  
0.686244  -0.278461  -0.545334  0.466193  -0.049327  -0.418639  0.503670  0.403416  -0.572599  
 1    -2.855558    0.230011      0.760416   4083.000000      0.825523
 2    -4.120735    0.450760      0.893705   7843.000000      2.009961
 3    -4.834886    0.587715      0.968943   11595.000000      3.414065
 4    -5.024992    0.633750      0.988971   18234.000000      6.059611
 5    -5.039209    0.668894      0.990469   26206.000000     10.038260
 6    -5.066115    0.809390      0.993304   36889.000000     16.879834
 7    -5.071350    0.831239      0.993855   50959.000000     28.109666
 8    -5.065972    0.610114      0.993288   69151.000000     44.591469
 9    -5.078597    0.870669      0.994619   113313.000000     89.959713
10    -5.099125    0.742780      0.996781   148579.000000    133.106658
1.901545    0.547919    
1.476054    1.910450    0.791147    0.421310    
1.246112    1.263712    1.566266    0.685265    0.534802    0.323944    
0.862442    1.261658    1.215166    1.407655    0.655251    0.564205    0.415501    0.225503    
0.856993    1.258649    1.203935    1.418050    5.834104    0.655749    0.563148    0.416808    0.249462    0.033447    
0.843882    1.271667    1.193454    1.418630    6.042096    2.105690    0.659418    0.566795    0.416601    0.266495    0.111116    0.083642    
0.821652    1.280492    1.186564    1.406808    5.987279    2.140520    6.017572    0.661871    0.569490    0.420967    0.269079    0.117815    0.101956    0.022373    
0.750830    1.271267    1.163785    1.350576    3.599456    4.218746    4.201867    5.947548    0.678629    0.568278    0.447898    0.320490    1.444455    0.081851    1.519101    1.549641    
0.797478    1.267340    1.189461    1.396092    5.664327    2.046042    5.977288    3.929379    5.786707    0.661964    0.570713    0.434894    0.291227    0.128144    0.090863    0.050094    1.512133    1.544840    
0.605277    1.106631    1.090383    1.171462    1.381451    5.820668    4.291177    6.149915    1.876468    5.545642    0.668863    0.532217    0.479525    0.375030    0.224181    0.068899    1.527687    1.500991    1.504918    1.553200    
