 9    -5.685796    4.906882    0.300679
-1.945109  0.620710  -0.432221  0.462573  0.020115  -0.392806  2.213288  1.454509  -1.097804  0.429880  0.343355  0.253077  0.832716  0.277569  -0.227005  0.024562  -1.309637  -0.479140  0.549007  -0.083391  0.370486  0.223746  -0.543539  -0.007769  -0.247837  -2.646761  -1.998196  -0.599280  -0.526701  -1.153541  0.319954  -0.002845  0.365779  0.084837  -0.581482  -2.112574  
-0.238046  -0.104876  0.115917  0.146053  0.141858  0.111655  0.799962  0.112126  0.148304  
 1    -2.601076    0.166633      0.708788   3219.000000      0.632237
 2    -4.492282    0.551049      0.887326   6948.000000      1.748832
 3    -4.896684    0.678450      0.925504   12161.000000      3.553400
 4    -5.320494    0.827799      0.965514   20107.000000      6.868690
 5    -5.525277    0.889859      0.984846   33953.000000     14.266054
 6    -5.605486    0.945908      0.992418   52346.000000     26.219514
 7    -5.645453    0.978066      0.996191   82927.000000     49.290679
 8    -5.664876    0.988571      0.998025   126483.000000     88.751786
 9    -5.679380    0.997684      0.999394   184656.000000    148.303279
10    -5.683622    0.999280      0.999795   266531.000000    239.590041
6.283185    0.676179    
4.583320    6.283185    0.396791    0.499697    
3.977863    4.993603    6.283185    0.497137    0.414778    0.257569    
3.663539    4.767374    4.357522    6.283185    0.606617    0.462788    0.255519    0.286227    
3.080281    4.169346    3.998024    4.352386    6.145975    0.555939    0.438739    0.375504    0.194367    0.252092    
2.368322    4.143521    4.037136    4.210289    4.398322    5.864058    0.600321    0.458933    0.381796    0.313332    0.184511    0.186212    
2.272799    3.849451    3.842526    4.063559    4.204194    4.848727    5.302348    0.603266    0.446072    0.383346    0.321454    0.262652    0.148727    0.125374    
2.112180    3.735318    3.778633    3.928614    4.162002    4.655100    4.567814    6.283185    0.592082    0.444137    0.388903    0.327020    0.264489    0.215843    0.113222    0.083594    
2.028789    3.612024    3.663511    3.765688    3.885941    4.452283    4.537253    4.609239    6.094148    0.605249    0.436174    0.379790    0.329069    0.281032    0.206696    0.195454    0.059259    0.083485    
1.870146    3.226355    3.393943    3.517870    3.667087    3.953731    4.427686    4.403633    5.571246    5.005727    0.588946    0.416887    0.370468    0.324066    0.293437    0.227004    0.195126    0.151493    0.054619    0.065232    
