 9    -5.389425    4.858199    1.024673
-0.200346  -0.722750  -1.006436  -0.435368  0.930336  -0.694714  -3.291892  -0.638987  0.114389  0.204070  -0.750726  0.169636  0.328819  -0.584229  0.753944  0.230280  0.240640  -1.494794  -1.133634  0.667369  -0.284219  -0.135895  -1.029348  -0.889640  -0.206062  0.312559  0.289747  -0.294751  1.042046  1.039606  -0.413697  0.161573  -2.458694  -0.152347  0.520745  -1.290890  
-0.310661  0.111262  -0.207811  -0.177390  0.846834  -0.189808  -0.189020  -0.211936  -0.288836  
 1    -2.745025    0.260069      0.741950   3279.000000      0.673925
 2    -4.079148    0.589956      0.872138   6428.000000      1.629771
 3    -4.653543    0.759852      0.928190   11129.000000      3.179508
 4    -5.067308    0.845506      0.968567   19114.000000      6.335449
 5    -5.249644    0.925600      0.986360   28264.000000     11.092623
 6    -5.311775    0.945308      0.992423   42026.000000     19.882200
 7    -5.347425    0.983321      0.995901   55716.000000     29.288452
 8    -5.349400    0.983172      0.996094   67198.000000     38.419885
 9    -5.375696    0.993323      0.998660   119872.000000     92.512834
10    -5.369916    0.993113      0.998096   194983.000000    180.766859
5.542963    0.671174    
2.916575    3.475423    0.517052    0.434404    
2.422871    2.829890    2.909807    0.549886    0.391429    0.253782    
2.310690    2.807822    2.520299    3.700548    0.637312    0.495814    0.298272    0.252530    
2.105366    2.465601    2.277881    2.803132    2.704799    0.611265    0.455960    0.365320    0.201101    0.188514    
1.395518    2.348135    2.312883    2.352620    2.696817    2.815993    0.605535    0.481689    0.402865    0.311946    0.198506    0.140494    
1.311205    2.436074    2.364016    2.375657    2.772587    2.728858    6.283185    0.641760    0.490720    0.407665    0.332613    0.196117    0.229487    0.098403    
1.306804    2.418358    2.348106    2.368726    2.706506    2.766431    6.283185    3.097698    0.636971    0.487957    0.408083    0.333939    0.210910    0.230096    0.096493    1.551322    
1.339532    2.193712    2.097472    2.169531    2.231124    2.809652    2.510555    6.196296    3.880415    0.649668    0.454337    0.381967    0.331001    0.272779    0.187755    0.184748    0.095366    1.543810    
1.270412    2.286652    2.264063    2.263205    2.423146    2.982809    6.132819    3.642404    2.312179    4.564321    0.628268    0.480152    0.401856    0.343698    0.237144    0.254618    0.160403    1.441183    0.080287    1.490157    
