 9    -5.389425    4.858199    1.024673
-0.200346  -0.722750  -1.006436  -0.435368  0.930336  -0.694714  -3.291892  -0.638987  0.114389  0.204070  -0.750726  0.169636  0.328819  -0.584229  0.753944  0.230280  0.240640  -1.494794  -1.133634  0.667369  -0.284219  -0.135895  -1.029348  -0.889640  -0.206062  0.312559  0.289747  -0.294751  1.042046  1.039606  -0.413697  0.161573  -2.458694  -0.152347  0.520745  -1.290890  
-0.300000  1.000000  1.000000  1.000000  1.000000  1.000000  1.000000  1.000000  1.000000  
 1    -0.620319    0.002974      0.534613   2955.000000      0.646963
 2    -1.665353    0.004538      0.636592   6284.000000      1.768122
 3    -2.140531    0.002102      0.682961   9446.000000      3.034151
 4    -2.424958    0.004113      0.710717   12941.000000      4.506474
 5    -2.541794    0.001150      0.722118   17924.000000      6.875034
 6    -2.323615    0.004549      0.700827   23677.000000     10.438953
 7    -2.562986    0.005286      0.724186   30374.000000     16.012920
 8    -2.692599    0.011791      0.736834   41841.000000     24.728542
 9    -2.308739    0.032278      0.699376   56413.000000     40.965498
10    -2.456302    0.000760      0.713775   65613.000000     54.939570
0.382355    0.533478    
0.548552    0.899997    0.844971    1.029678    
0.417561    0.773848    0.416081    0.733522    1.086204    1.260880    
0.401853    0.756520    0.385738    0.818402    0.719210    1.093755    1.165122    0.207136    
0.408444    0.758324    0.367455    0.773024    1.238507    0.728115    1.099543    1.185913    0.274236    0.147608    
0.405742    0.776641    0.403450    2.936743    0.926297    6.101083    0.727285    1.107690    1.262664    1.411757    0.125186    1.510621    
0.417455    0.744454    0.378820    0.820559    4.685685    1.825542    3.737645    0.729665    1.092104    1.142562    0.303340    0.091703    1.459574    1.523149    
0.403704    0.734562    0.379791    0.815266    4.556406    3.445602    1.118681    3.923086    0.720250    1.104278    1.132008    0.340920    0.038972    0.117961    1.531893    1.419500    
0.510666    0.867275    4.787482    0.365168    3.268065    5.584817    3.114920    6.119809    2.830143    0.834304    1.110398    0.135261    0.165706    0.137680    0.146362    0.057764    1.460846    0.037494    
0.375015    0.794894    0.417492    3.805295    0.526163    3.188374    5.152898    3.699633    3.890952    2.236755    0.733186    1.072142    1.157423    0.054838    0.112087    0.059167    1.427833    0.095535    1.468154    1.520459    
