 9    -5.580000    5.127118    0.745992
0.522022  0.069947  0.869230  0.424554  -0.220960  -0.632086  -0.455699  -0.681874  0.387163  -0.009748  -1.344962  -0.010275  0.704485  -1.958639  0.153709  1.233067  -0.504342  1.349764  0.731516  1.011621  -0.637194  -0.194763  1.103719  -0.072570  -1.162580  0.324676  -0.032394  0.351848  -1.702749  -0.089254  -0.822555  -1.831628  -0.537568  -1.319745  0.014571  2.606340  
-0.300000  1.000000  1.000000  1.000000  1.000000  1.000000  1.000000  1.000000  1.000000  
 1    -0.307974    0.007484      0.507615   2409.000000      0.569291
 2    -0.617072    0.001919      0.536483   5771.000000      1.610961
 3    -0.696016    0.022953      0.543856   8569.000000      2.694274
 4    -0.803527    0.028775      0.553897   12927.000000      4.513919
 5    -1.038612    0.026618      0.575853   18304.000000      7.123193
 6    -1.371990    0.057071      0.606989   23088.000000     10.339944
 7    -1.466042    0.103632      0.615773   29288.000000     15.078772
 8    -1.378604    0.112895      0.607607   39793.000000     24.330158
 9    -1.760215    0.118864      0.643248   49946.000000     34.485715
10    -1.946513    0.182936      0.660647   62719.000000     51.020420
0.354771    0.813314    
0.313863    0.371522    0.779319    0.395946    
0.542939    1.206398    5.855219    0.930301    0.370892    0.297461    
0.539441    1.248215    5.896163    5.395359    0.929625    0.308534    0.176592    1.336057    
0.358301    0.334859    3.035514    4.835061    6.283185    0.806202    0.520255    1.422945    0.096588    1.254542    
0.341501    0.380936    6.283185    6.141710    6.283185    6.283185    0.815042    0.539043    1.378349    1.536372    0.109105    1.258754    
0.316696    0.357959    3.222351    6.131066    2.855254    5.983357    2.037708    0.828003    0.597632    1.337281    1.352017    1.315458    1.331758    1.412363    
0.385535    3.639584    5.621889    1.475185    4.381139    5.937314    1.954942    4.495921    0.635710    0.217600    1.276294    0.177412    1.495296    1.421177    1.336255    0.163721    
0.344221    0.393693    6.283185    6.006587    3.251426    2.573381    3.384710    3.532232    5.941537    0.830682    0.522668    1.369385    1.423060    0.049387    1.508609    1.552479    1.348760    1.322197    
0.351748    0.375415    6.283185    1.518208    5.908687    4.491636    6.283185    3.942289    3.479952    5.466669    0.831553    0.533713    1.439556    0.107586    0.140746    1.398385    0.161078    0.093138    1.452094    0.208317    
