 9    -4.930511    6.202983    0.771188
1.023492  0.283144  -0.004423  -0.507907  0.852055  -1.412692  0.568955  1.263137  -1.571967  -0.876978  -0.225261  0.303901  0.219018  0.460761  -0.189678  -1.520499  -1.072632  -0.267436  -1.661053  -1.062456  1.171652  -0.160575  -0.663102  0.434856  -0.596899  -0.137532  -1.480474  0.245122  0.438490  0.202227  -1.345522  -0.221028  0.868873  0.070822  -2.903281  1.128442  
-0.333322  0.320713  0.322674  0.312656  0.296282  0.254657  -0.364343  0.240858  -0.454033  
 1    -2.774873    0.377762      0.806383   3369.000000      0.674514
 2    -3.880838    0.712976      0.905719   7009.000000      1.783358
 3    -4.662698    0.924616      0.975945   11894.000000      3.467959
 4    -4.865882    0.976730      0.994195   18385.000000      6.110125
 5    -4.908910    0.990754      0.998060   26147.000000      9.807358
 6    -4.891490    0.987325      0.996495   34109.000000     14.313524
 7    -4.901285    0.991563      0.997375   48546.000000     25.286277
 8    -4.824222    0.973270      0.990453   66333.000000     40.820185
 9    -4.925402    0.998506      0.999541   98310.000000     72.119567
10    -4.929407    0.999677      0.999901   171175.000000    153.349830
4.044505    0.554298    
2.926051    3.865956    0.824094    0.442819    
2.584304    2.551534    3.110273    0.734517    0.556862    0.337582    
1.728994    2.549340    2.456892    2.820849    0.684492    0.606426    0.444972    0.243945    
1.299888    2.355455    2.164883    2.414191    2.759383    0.703588    0.570596    0.499700    0.387596    0.181590    
1.621706    2.532165    2.325835    2.654318    6.283185    6.283185    0.686605    0.600746    0.451691    0.296523    1.503320    0.026862    
1.493084    2.519120    2.250655    2.627887    6.283185    6.283185    3.296875    0.697101    0.593263    0.472711    0.336385    1.442792    0.105637    0.074254    
1.965506    2.546056    2.752282    6.128964    3.039096    6.283185    5.820969    6.283185    0.690839    0.602637    0.436988    1.276513    1.347693    0.097248    1.531625    0.021537    
1.165841    2.173260    2.125492    2.252231    2.498444    6.283185    6.283185    6.283185    6.283185    0.691568    0.555360    0.510048    0.404244    0.256681    1.489294    0.043349    1.544616    0.011490    
1.028436    1.882251    1.864439    1.863766    1.992530    2.263544    6.121108    3.062337    6.283185    6.238068    0.671234    0.514930    0.464194    0.403753    0.322995    0.217485    1.445030    1.487664    0.023227    1.565526    
