 9    -6.582292    8.686824    0.014145
-1.416842  1.141139  -0.062071  0.221127  -1.024472  -0.338375  2.052339  -0.303012  -1.444028  -2.597116  -2.753540  -1.642764  0.524421  -0.364225  -0.637291  0.086793  -1.483513  1.732859  0.351637  0.585125  -0.091862  0.001853  0.595091  -0.665807  0.793773  -0.278339  0.412654  -2.365867  1.255806  -1.336100  -0.537524  2.357279  -0.418594  1.781215  2.487691  -0.598725  
-0.300000  1.000000  1.000000  1.000000  1.000000  1.000000  1.000000  1.000000  1.000000  
 1    -0.722515    0.014904      0.616233   2961.000000      0.645544
 2    -0.969720    0.022081      0.632423   6162.000000      1.703159
 3    -1.138266    0.027873      0.643462   9420.000000      2.908821
 4    -1.274431    0.009464      0.652379   13141.000000      4.620933
 5    -1.525670    0.021536      0.668833   18183.000000      7.104614
 6    -1.559815    0.001837      0.671070   23626.000000     10.591981
 7    -1.893520    0.031998      0.692924   30780.000000     16.261570
 8    -1.864504    0.015963      0.691024   40420.000000     24.381990
 9    -2.132418    0.007468      0.708570   51617.000000     36.633930
10    -2.545439    0.013167      0.735620   61730.000000     50.902707
0.496565    0.586902    
0.414930    6.045745    0.644179    0.298055    
0.413622    6.038437    1.664576    0.647591    0.366299    0.183043    
0.465110    6.092866    1.571230    5.676973    0.601372    0.228175    0.172993    1.282200    
0.581162    1.024317    2.519659    5.650110    5.110831    0.858760    1.143572    0.243241    1.281780    1.387158    
0.380772    5.979797    3.472978    2.537054    2.628799    5.086338    0.630932    0.369902    0.177530    0.113746    0.181130    0.217349    
0.339743    0.371971    5.301254    5.180847    0.682285    2.265332    4.065018    0.759122    0.448485    1.381701    1.152113    1.256490    0.134256    1.374203    
0.348409    0.395422    1.865592    3.498316    4.996749    2.057936    0.696591    5.127865    0.850314    0.428754    1.442704    1.351385    1.479727    0.306272    0.200570    1.354464    
0.458648    6.004983    4.860776    1.014853    0.723364    2.834465    5.626797    0.881987    4.216310    0.632289    0.231603    1.476021    0.204176    0.103764    0.230631    1.295932    1.477278    1.413013    
0.322277    0.398453    1.215677    5.999261    1.975768    1.699386    6.213282    6.274636    2.136245    3.529267    0.786481    0.493777    0.314472    0.108105    1.435905    1.477346    0.167489    1.351311    0.241542    0.190655    
