 9    -4.368688    6.315182    0.014019
1.044560  -1.449536  0.588023  1.842537  1.549008  -0.023531  -0.878637  1.253610  1.377716  0.376270  -0.124098  0.904463  -0.398546  0.898816  -0.822881  -1.367960  -0.748894  0.512918  0.068307  0.592726  -0.537103  0.225458  1.405063  0.255229  2.156938  -0.267134  0.162833  1.164157  -0.475942  0.694334  -0.167675  0.151874  1.628564  1.952197  1.432127  0.866104  
-0.300000  1.000000  1.000000  1.000000  1.000000  1.000000  1.000000  1.000000  1.000000  
 1    -0.494530    0.006161      0.637383   2709.000000      0.601130
 2    -0.576636    0.005243      0.645068   5895.000000      1.665641
 3    -0.620709    0.005568      0.649193   9693.000000      3.136169
 4    -0.776009    0.002573      0.663729   14568.000000      5.212525
 5    -0.906598    0.009541      0.675952   20131.000000      8.106324
 6    -0.982852    0.005698      0.683089   27983.000000     12.479491
 7    -1.081085    0.005655      0.692284   31663.000000     15.609082
 8    -1.111452    0.004182      0.695126   41771.000000     25.022448
 9    -1.098202    0.007383      0.693886   52950.000000     36.362108
10    -1.233103    0.017486      0.706512   68808.000000     54.901455
0.282339    1.318647    
0.205571    0.636740    1.266008    1.451317    
0.251957    0.824994    4.367163    1.286274    1.440213    0.145982    
0.295711    5.279543    0.452706    6.194229    1.384336    0.547283    0.665181    1.214152    
0.293884    0.929430    4.473360    3.939506    0.640070    1.277379    1.477655    0.176646    0.405753    0.342871    
0.284802    0.930761    4.464923    4.008061    0.697727    3.071253    1.246168    1.459552    0.152745    0.387264    0.364716    1.406976    
0.272047    0.914515    4.475490    3.997522    0.742723    3.068435    1.023667    1.241261    1.477439    0.160061    0.375997    0.322387    1.406981    1.408273    
0.274644    0.930884    4.478419    3.998538    0.737829    3.072149    1.008387    2.291805    1.237189    1.484607    0.158840    0.389534    0.317043    1.399831    1.406695    0.087200    
0.381257    4.668829    1.511232    1.473386    2.749428    2.260783    2.681540    2.408854    1.860820    1.326123    0.183496    0.493045    0.316496    0.130471    0.273347    1.323002    0.202097    0.307323    
0.265398    0.935101    4.351051    4.073047    0.723910    3.049449    1.004264    4.154196    6.039038    4.287320    1.222427    1.462229    0.169463    0.379568    0.296126    1.419110    1.444367    0.086309    0.103448    1.449256    
