 9    -5.284156    5.054617    0.304229
0.445292  -0.280395  -1.876685  -0.387690  0.596937  0.683369  0.232692  0.715544  0.804504  0.348361  -0.195662  -0.923606  0.598020  -1.569014  -0.119666  0.392834  1.194875  0.806525  1.582657  1.459610  -0.604105  -0.870248  -0.041871  1.678362  -0.365394  1.448301  0.201462  -1.036387  -1.578782  1.290704  0.082736  1.025227  -2.579276  0.602220  1.016007  -1.174483  
-0.238808  0.218840  -0.227214  -0.179164  0.815624  0.195762  0.218838  0.204670  0.278631  
 1    -2.665447    0.272329      0.746710   3432.000000      0.686123
 2    -4.025801    0.627023      0.878288   7449.000000      1.875337
 3    -4.626673    0.787797      0.936406   12046.000000      3.449978
 4    -5.068182    0.879742      0.979110   19188.000000      6.368827
 5    -5.197913    0.971329      0.991658   28938.000000     11.733948
 6    -5.252188    0.988925      0.996908   44793.000000     21.396605
 7    -5.273996    0.997065      0.999017   66537.000000     36.708338
 8    -5.278512    0.998207      0.999454   106810.000000     73.228457
 9    -5.282389    0.999567      0.999829   152000.000000    118.211924
10    -5.283437    0.999827      0.999930   214889.000000    190.956985
5.478717    0.680786    
2.790291    3.748184    0.563290    0.450414    
2.425933    2.695548    3.367257    0.584340    0.432695    0.279811    
2.249691    2.692957    2.352235    3.839631    0.641470    0.497287    0.331948    0.276650    
2.008394    2.366896    2.170641    2.544905    2.794588    0.616919    0.454659    0.379535    0.208521    0.208734    
1.276723    2.329531    2.260126    2.245321    2.511788    2.837092    0.632324    0.501174    0.413308    0.333457    0.206590    0.161384    
1.223156    2.106109    2.026064    2.107241    2.196640    2.668309    2.581394    0.645638    0.463925    0.401820    0.350320    0.279487    0.173343    0.107794    
1.170859    1.873573    1.849338    1.896577    1.962190    2.113630    2.504272    2.474034    0.621910    0.432346    0.384445    0.330388    0.290639    0.210135    0.144058    0.074435    
1.150742    1.923864    1.889734    1.923432    1.998114    2.199342    2.387253    2.556068    3.274127    0.627455    0.442962    0.390253    0.340389    0.298486    0.220102    0.188356    0.080549    0.052777    
1.060565    1.697090    1.726461    1.763796    1.844550    1.937711    2.204647    2.318329    2.770457    2.864416    0.603904    0.414460    0.373980    0.332044    0.299748    0.246419    0.200227    0.156625    0.064146    0.046985    
