 9    -3.875169    4.832687    0.073017
1.388700  1.788755  0.578529  -1.270554  -1.258753  -0.139977  -0.346450  -1.133400  0.839501  -1.195614  -0.891264  0.056036  -0.382613  -1.776864  -0.436097  0.527447  -0.499284  0.978743  -0.462637  -0.235565  0.134705  0.247562  -0.517419  -0.054777  0.724381  -0.410012  0.210369  -0.298181  -1.063472  0.189191  0.456209  -0.417063  1.802967  0.102135  0.327872  -2.098674  
-0.300000  1.000000  1.000000  1.000000  1.000000  1.000000  1.000000  1.000000  1.000000  
 1    -0.695214    0.000868      0.634818   2748.000000      0.592670
 2    -1.086092    0.000527      0.679706   5730.000000      1.587848
 3    -1.262467    0.000155      0.699960   8831.000000      2.764756
 4    -1.387926    0.002733      0.714368   12650.000000      4.256100
 5    -1.358701    0.003248      0.711012   16745.000000      6.370265
 6    -1.527135    0.006461      0.730354   22775.000000     10.048270
 7    -1.607332    0.001324      0.739564   28350.000000     14.443244
 8    -1.767732    0.003794      0.757984   34614.000000     20.346041
 9    -1.715297    0.000101      0.751963   45605.000000     30.796490
10    -1.799660    0.007275      0.761651   54897.000000     41.454323
0.444652    0.538450    
0.331785    0.434598    0.833223    0.476741    
0.279981    0.253356    0.326160    0.688331    0.517546    0.333917    
0.337149    0.369055    6.169490    5.543703    0.808927    0.506082    0.238275    0.167953    
0.331395    0.375819    6.164590    5.959814    2.201170    0.812625    0.518710    0.212509    1.443700    1.442445    
0.336036    0.366853    6.179591    5.548834    3.497219    0.812686    0.808484    0.497753    0.186538    0.210918    1.472945    1.447260    
0.339617    0.374844    6.178056    5.063732    4.342921    4.316611    4.326943    0.826759    0.489934    0.164438    1.441318    0.115190    1.406819    0.096489    
0.334286    0.322179    0.743089    4.233759    3.776860    6.094073    4.751177    3.835483    0.777464    0.471211    1.190372    0.208993    0.155994    1.481732    1.392514    1.425064    
0.329796    0.409066    6.158245    5.080862    4.325886    5.140047    4.290558    0.802458    4.834531    0.809879    0.488938    0.219278    1.428610    0.076086    1.489297    0.185476    0.130796    0.133601    
0.325886    0.384114    6.184104    4.277900    0.701884    3.555839    4.766870    1.746863    3.849151    1.338279    0.795169    0.478249    0.224653    1.439031    1.348072    0.131916    0.113563    0.120930    0.122045    1.459387    
