 9    -6.548185    3.992906    0.762691
-1.789561  -0.620432  -1.171035  0.148565  0.893654  -1.575155  -0.288518  -0.152455  -0.774642  -0.676979  1.407445  0.790398  -1.298069  -1.898607  -0.394314  -0.811435  0.276450  0.234359  -0.670887  0.533213  -0.724677  0.912850  0.602760  -1.331720  -1.004301  -0.549175  -1.811160  -1.036142  -1.130660  0.340955  0.095783  -1.201586  -0.285413  -0.224714  0.232842  -0.593356  
-0.300000  1.000000  1.000000  1.000000  1.000000  1.000000  1.000000  1.000000  1.000000  
 1    -1.400771    0.003727      0.511681   3318.000000      0.727665
 2    -2.621666    0.009129      0.627504   6067.000000      1.694666
 3    -3.355865    0.001260      0.697155   9002.000000      2.791972
 4    -3.361061    0.002525      0.697648   12148.000000      4.136909
 5    -3.189610    0.004117      0.681383   17347.000000      6.842788
 6    -3.680739    0.000612      0.727974   21776.000000      9.675621
 7    -3.941968    0.003370      0.752756   29475.000000     14.989610
 8    -4.486713    0.001060      0.804435   36140.000000     21.390701
 9    -4.348631    0.001159      0.791335   47873.000000     32.427437
10    -4.591643    0.000060      0.814389   67347.000000     55.777975
0.387737    0.578053    
0.506453    0.895198    0.833620    1.121929    
0.306859    0.321028    0.765799    0.757775    0.497582    1.268976    
0.402675    0.747483    0.400628    0.840434    0.716308    1.109951    1.149217    0.227775    
0.409381    0.767556    0.355953    1.692914    4.409317    0.735768    1.164342    1.303652    0.114934    1.507222    
0.332135    0.393312    3.953583    6.157455    0.419341    1.659514    0.821930    0.493439    1.426018    1.304519    1.290544    0.081269    
0.323570    0.401087    3.968055    3.061763    0.499617    4.138955    0.459741    0.813324    0.490265    1.439589    1.423613    1.390985    0.251361    0.217863    
0.308516    0.345527    0.741813    1.776958    2.966966    4.955266    4.953401    4.165259    0.782270    0.511407    1.309933    0.130805    0.145762    1.448827    0.129958    1.475369    
0.310975    0.343842    0.714488    4.851328    2.939797    1.936434    5.029006    2.778936    6.206884    0.775905    0.496015    1.307846    0.129635    0.094902    1.441187    0.103884    0.088058    0.095910    
0.315013    0.351009    0.736879    6.186440    2.991611    0.485628    4.458319    0.491047    4.270044    0.416989    0.782112    0.487475    1.368087    1.498644    1.436959    1.453059    0.123549    0.130277    1.412636    1.456343    
