 9    -4.320308    3.799955    0.258445
-0.923498  -0.196534  0.260503  -0.102614  -0.289689  0.713549  1.119250  -0.355867  -0.124338  0.141519  0.018409  -0.366028  0.248184  -0.044728  -1.645756  0.499089  0.988699  -0.835499  -1.171304  0.700343  -0.401667  -0.034007  0.791615  1.123036  -0.257931  -0.761827  -0.188643  -0.265364  -0.121081  1.140362  -1.382377  -1.137642  0.134821  -0.174638  -0.251077  1.593456  
0.264902  0.224484  0.248726  -0.207307  -0.175368  0.862459  0.185365  -0.194847  0.273398  
 1    -2.179673    0.289532      0.736384   3339.000000      0.678432
 2    -3.262106    0.652710      0.869684   7112.000000      1.793519
 3    -3.753660    0.831147      0.930218   11866.000000      3.396404
 4    -4.087979    0.902866      0.971389   19788.000000      6.577664
 5    -4.242019    0.974060      0.990359   28708.000000     11.499098
 6    -4.291843    0.990650      0.996495   42530.000000     20.792876
 7    -4.311955    0.997023      0.998971   62200.000000     34.573202
 8    -4.316062    0.998308      0.999477   102515.000000     70.518225
 9    -4.318768    0.999481      0.999810   142801.000000    109.885628
10    -4.319661    0.999755      0.999920   197453.000000    171.730897
5.202879    0.636302    
2.756973    3.276611    0.523426    0.425224    
2.277917    2.673950    2.721330    0.564167    0.392321    0.260381    
2.133136    2.648737    2.425839    3.298216    0.649912    0.505735    0.303935    0.251358    
1.951313    2.312548    2.121410    2.586769    2.512697    0.619599    0.462436    0.371179    0.210942    0.188386    
1.272554    2.199609    2.162163    2.178656    2.496062    2.591829    0.613121    0.492052    0.412420    0.321454    0.205514    0.145550    
1.180347    2.022981    1.960293    2.045189    2.126156    2.578709    2.460575    0.639309    0.463543    0.402505    0.349317    0.277620    0.172432    0.104268    
1.121727    1.793425    1.780542    1.831024    1.902271    2.039013    2.408724    2.335533    0.616030    0.431436    0.384125    0.330132    0.292240    0.210218    0.142487    0.075128    
1.084627    1.822936    1.823574    1.850634    1.923077    2.101201    2.280433    2.474105    2.993322    0.619504    0.443247    0.392033    0.341025    0.300866    0.226417    0.187346    0.086846    0.050665    
1.000565    1.631325    1.664812    1.693288    1.769184    1.848608    2.082865    2.207919    2.608996    2.687135    0.600079    0.417399    0.373219    0.332043    0.300030    0.248204    0.203378    0.158309    0.070109    0.046138    
