 9    -3.711965    5.187205    0.395639
1.594854  -0.655138  1.016982  0.369841  -0.070009  -0.682898  -0.254259  -0.672071  0.295525  0.098739  -0.925285  0.296286  -0.202728  -0.416951  -0.139597  1.161232  -0.213925  -1.273170  -0.021132  0.436229  -0.325183  1.304758  -0.506358  -0.392422  -0.848370  -1.617793  -1.177994  -0.524107  -0.350363  -1.682789  0.256443  -0.872514  0.177065  -0.927713  1.373764  1.081309  
0.361040  -0.256210  0.264761  -0.277009  0.265384  0.218050  -0.280638  -0.255790  0.357967  
 1    -2.213572    0.381591      0.831626   3144.000000      0.627151
 2    -2.935209    0.714380      0.912716   7155.000000      1.825380
 3    -3.537251    0.929774      0.980367   12743.000000      3.697556
 4    -3.678383    0.983860      0.996226   20374.000000      7.094757
 5    -3.704681    0.995788      0.999182   33751.000000     14.053614
 6    -3.708835    0.998126      0.999648   58364.000000     30.537657
 7    -3.710883    0.999630      0.999878   106182.000000     69.307994
 8    -3.711717    0.999888      0.999972   133411.000000     95.749877
 9    -3.711725    0.999892      0.999973   190317.000000    154.797585
10    -3.711779    0.999913      0.999979   242354.000000    211.716535
5.429843    0.544734    
3.894972    5.298601    0.848865    0.457534    
3.424783    3.300651    4.176063    0.734285    0.563695    0.348774    
2.260473    3.366265    3.224029    3.714076    0.684460    0.611866    0.446939    0.249441    
1.646159    3.071578    2.863712    3.191682    3.630368    0.708206    0.570105    0.515788    0.398458    0.193556    
1.493530    2.746484    2.684469    2.816903    3.002541    3.529798    0.688088    0.542272    0.501514    0.412673    0.291898    0.115703    
1.437290    2.655986    2.567906    2.628671    2.810187    3.120299    4.031419    0.686296    0.530431    0.484341    0.412172    0.329148    0.212036    0.078659    
1.367380    2.435750    2.269811    2.155312    2.172152    2.348574    2.895270    3.933559    0.671132    0.492412    0.430650    0.362250    0.301527    0.257003    0.181710    0.074954    
1.341075    2.380423    2.270799    2.185045    2.140387    2.272699    2.874888    3.857811    6.164700    0.665562    0.489093    0.435480    0.366359    0.293387    0.255644    0.184424    0.068917    1.565425    
1.299063    2.318087    2.197957    2.049310    2.056499    2.289695    2.664318    3.019569    6.260617    3.317508    0.662396    0.487122    0.420137    0.355279    0.311680    0.272057    0.187904    0.079598    1.545658    1.551668    
