 9    -6.767294    5.161683    1.313779
-0.377364  0.166759  0.682802  1.921379  -0.197037  -0.759879  -2.089066  -0.036373  -1.217749  -1.428905  -0.170528  1.160940  -1.061140  -1.408500  0.839550  -0.099625  -1.736265  -0.307186  -0.080870  0.834319  1.885460  0.440898  0.439874  1.070767  0.404252  0.133472  1.937107  1.002275  -0.047000  1.153260  0.019985  -1.579930  -0.197842  -0.220196  -0.267084  -0.412130  
0.262620  -0.153873  -0.177972  -0.862459  -0.189472  0.211602  0.180485  0.209180  0.284130  
 1    -3.410880    0.284609      0.718634   3396.000000      0.702074
 2    -5.114609    0.635333      0.861456   6877.000000      1.704800
 3    -5.849624    0.816215      0.923072   11524.000000      3.293703
 4    -6.370431    0.895397      0.966731   18082.000000      6.026329
 5    -6.631443    0.968047      0.988612   28029.000000     10.974124
 6    -6.716931    0.985396      0.995778   44008.000000     20.802227
 7    -6.750209    0.993071      0.998568   59580.000000     32.500193
 8    -6.757436    0.995026      0.999174   96429.000000     65.507792
 9    -6.763217    0.998757      0.999658   142134.000000    110.842076
10    -6.765530    0.999479      0.999852   211214.000000    189.782112
5.482041    0.662419    
3.005422    3.342524    0.502206    0.422906    
2.404430    2.897141    2.809781    0.540564    0.381999    0.248440    
2.292778    2.843171    2.609620    3.528801    0.639591    0.497649    0.287092    0.249078    
2.088893    2.488051    2.311205    2.847922    2.655786    0.610574    0.460750    0.365051    0.204540    0.188517    
1.365028    2.367254    2.332226    2.359414    2.720841    2.758994    0.603677    0.485136    0.407363    0.314404    0.198608    0.145869    
1.243444    2.174851    2.129337    2.221415    2.306824    2.808926    2.635588    0.632691    0.459600    0.399258    0.346161    0.271838    0.168185    0.105210    
1.183786    1.936072    1.938343    1.988477    2.061128    2.218112    2.624491    2.512692    0.610807    0.430461    0.380745    0.325905    0.288380    0.206351    0.139835    0.075967    
1.180134    2.013468    1.999275    2.038222    2.114376    2.355109    2.515958    2.646490    3.411205    0.618970    0.443134    0.388450    0.336983    0.294134    0.213498    0.186431    0.071466    0.054388    
1.082356    1.780681    1.846683    1.897943    1.983458    2.096668    2.375443    2.458075    3.000972    2.941584    0.596486    0.418602    0.377507    0.332794    0.300275    0.241309    0.197325    0.153846    0.058225    0.049807    
