 9    -5.054358    7.413364    0.023397
0.054388  0.066855  -0.313268  -0.714383  0.437518  -1.693630  -1.272009  -1.185710  -1.177596  0.719244  -0.728957  1.291943  0.025615  -2.176068  -0.111670  -1.228390  0.600072  -0.060992  1.393044  -0.406947  1.332656  0.430316  2.726738  -1.551158  -0.821410  -0.160150  -1.142316  -0.558194  0.147042  1.593731  0.620259  0.539776  -1.157280  0.402325  -0.447798  -0.231301  
0.163523  0.144541  0.124721  0.122778  -0.799990  -0.122428  0.117539  0.161117  -0.074855  
 1    -2.213316    0.095239      0.772128   3120.000000      0.609285
 2    -3.803280    0.135682      0.899655   7171.000000      1.784312
 3    -3.988001    0.115154      0.914471   11373.000000      3.215265
 4    -4.017003    0.161348      0.916797   17853.000000      5.887321
 5    -4.368858    0.614396      0.945018   29172.000000     11.630820
 6    -4.617021    0.828520      0.964922   50210.000000     25.619429
 7    -4.811689    0.867467      0.980536   83052.000000     50.895958
 8    -4.660131    0.841889      0.968380   112856.000000     77.483762
 9    -4.699395    0.853917      0.971529   147930.000000    114.084962
10    -4.910429    0.887426      0.988456   220023.000000    192.803001
6.283185    0.714167    
4.495467    6.283185    0.350204    0.547185    
3.897554    5.298120    6.283185    0.441082    0.455888    0.216022    
4.012437    5.247278    6.281504    1.121963    0.481320    0.477309    0.000000    0.238604    
6.138377    4.335344    6.283185    3.528447    6.210148    0.363313    0.481229    0.510877    0.970672    0.305706    
5.550305    5.369463    5.274118    4.631508    6.273984    4.106595    0.368694    0.466875    0.503463    1.061803    0.816006    1.075936    
3.718678    4.727991    4.076759    6.283185    2.735408    5.979608    3.451564    0.543851    0.429805    0.299504    0.543737    1.163642    0.604577    1.224757    
6.283185    5.522750    5.068363    4.904023    6.125471    4.873874    0.950841    4.171314    0.421870    0.445580    0.534389    1.024972    0.883287    1.325036    1.387180    1.427666    
6.283185    5.355833    5.067293    4.755799    6.158974    4.502066    4.998602    4.433189    6.084538    0.398468    0.457553    0.512336    1.038796    0.924690    1.047620    1.570796    1.320291    0.194773    
2.636818    3.829304    3.981743    3.979214    2.487108    6.000959    2.604871    5.197729    2.804953    4.995753    0.524063    0.410335    0.372149    0.281908    1.570796    0.490599    1.280548    0.350581    1.176012    0.163693    
