 9    -5.080570    4.235769    0.644317
1.319751  -0.169291  -0.060430  0.880154  0.440474  0.282055  -1.219574  -0.679306  -0.367388  -0.797539  0.622276  -0.818255  -0.316651  -2.039845  0.708758  -0.138086  0.106757  -0.657646  0.217738  -0.925505  -0.420240  -0.215826  0.618240  -1.075169  -1.079639  -0.515391  0.871164  -0.995943  0.940282  -0.051731  -1.061947  -1.776930  -0.799917  0.075276  -0.179210  -1.648911  
-0.300000  1.000000  1.000000  1.000000  1.000000  1.000000  1.000000  1.000000  1.000000  
 1    -1.996663    0.000847      0.668979   3060.000000      0.656239
 2    -3.294651    0.001159      0.808302   6148.000000      1.678631
 3    -3.547376    0.000044      0.835429   9644.000000      3.002621
 4    -3.907877    0.000017      0.874125   12631.000000      4.327124
 5    -3.433579    0.001168      0.823215   17419.000000      6.794278
 6    -3.652447    0.000139      0.846708   22856.000000     10.043326
 7    -3.542376    0.000236      0.834893   30678.000000     15.378737
 8    -3.698347    0.000536      0.851634   38277.000000     22.633631
 9    -4.091827    0.000117      0.893870   49921.000000     33.824725
10    -4.061509    0.000049      0.890616   62065.000000     48.493536
0.418856    0.565776    
0.322772    0.417641    0.819175    0.449235    
0.324580    0.383497    1.162888    0.797813    0.491509    0.153193    
0.274180    0.264047    0.324982    1.645466    0.697123    0.521877    0.341358    1.537385    
0.328255    0.399280    5.627033    2.857731    2.074540    0.820437    0.478015    1.456358    1.528897    0.065428    
0.322402    0.381451    1.201302    2.192558    1.340997    4.368229    0.793725    0.503392    0.206972    0.136059    0.049439    1.538435    
0.330057    0.396242    1.625138    4.019396    0.835672    4.143802    2.931787    0.806935    0.489239    1.486479    1.442721    0.071784    0.066103    0.049234    
0.320200    0.378840    1.208306    2.248616    2.601866    3.201380    2.171016    1.800420    0.790912    0.505726    0.201633    0.120408    1.509355    1.499909    1.486948    0.051212    
0.195286    0.264424    0.263658    0.313401    2.693954    0.913597    6.254414    4.910458    5.737620    0.657244    0.570292    0.418193    0.241133    1.493151    0.085208    0.052675    1.521418    0.023875    
0.246203    0.258082    0.319505    1.192118    0.865425    1.564431    4.902962    4.914021    4.920341    4.884631    0.671854    0.550178    0.401172    0.150491    1.476748    0.054712    1.501106    0.075192    1.509750    0.034448    
