 8    -4.113464    4.642032    0.469725
0.238444  0.083739  -0.285309  0.820320  2.772535  1.922071  0.717749  0.194126  -1.362224  1.075911  0.656403  0.149734  0.320614  0.914567  -1.547847  2.150050  0.871377  -0.892210  0.312259  0.446726  -0.424200  1.268882  -0.513329  0.799139  1.440468  0.658850  0.837964  -0.497161  
-0.293514  0.077113  -0.151792  0.119802  -0.799962  0.138923  0.129278  -0.180209  
 1    -2.188170    0.230764      0.780105   3504.000000      0.568576
 2    -3.186452    0.594652      0.894122   7677.000000      1.503245
 3    -3.507549    0.706606      0.930796   13196.000000      2.914438
 4    -3.863559    0.837142      0.971457   20000.000000      4.967051
 5    -3.955278    0.920818      0.981933   32750.000000      9.780528
 6    -4.003208    0.935402      0.987407   46757.000000     16.222545
 7    -4.056774    0.971795      0.993525   78276.000000     33.586202
 8    -4.089267    0.987083      0.997236   121063.000000     57.845946
 9    -4.101904    0.993976      0.998680   182354.000000     98.106384
10    -4.109413    0.998275      0.999537   229654.000000    134.767715
6.283185    0.727953    
4.053775    5.102408    0.429474    0.483270    
3.583581    4.216513    5.336555    0.514717    0.414715    0.236110    
3.417325    3.991997    3.495245    6.283185    0.571873    0.457114    0.267327    0.262335    
3.004116    3.686873    3.531672    4.502011    4.208411    0.562576    0.441653    0.338620    0.172804    0.190223    
2.695319    3.660084    3.616236    4.231938    3.801450    6.283185    0.595132    0.454065    0.345945    0.268190    0.191851    0.108488    
2.257728    3.509264    3.545863    3.900216    4.188391    3.942848    6.283185    0.568704    0.454487    0.379211    0.267976    0.248685    0.112281    0.100632    
1.923354    3.460517    3.525998    3.702662    3.880395    4.570957    3.959145    6.283185    0.630496    0.451589    0.386640    0.334327    0.229429    0.210775    0.080937    0.097078    
1.833207    3.177835    3.323569    3.538799    3.692303    4.346756    4.320124    5.175682    4.683325    0.615714    0.437912    0.383720    0.331525    0.267242    0.203754    0.159364    0.066251    0.071392    
1.764910    3.160814    3.264516    3.411992    3.606210    4.167918    4.096337    5.224896    3.889931    6.282521    0.612830    0.438611    0.384346    0.332495    0.268686    0.225761    0.156680    0.120787    0.061447    0.050576    
