 8    -3.477381    2.618687    0.155463
-0.923498  -0.196534  0.260503  -0.102614  -0.289689  0.713549  1.119250  -0.355867  -0.124338  0.141519  0.018409  -0.366028  0.248184  -0.044728  -1.645756  0.499089  0.988699  -0.835499  -1.171304  0.700343  -0.401667  -0.034007  0.791615  1.123036  -0.257931  -0.761827  -0.188643  -0.265364  
-0.261668  -0.158486  -0.268270  -0.201027  -0.231537  0.200553  0.155228  0.909331  
 1    -1.771763    0.010284      0.720210   3153.000000      0.506413
 2    -2.547448    0.001703      0.847454   6774.000000      1.378340
 3    -2.973376    0.000657      0.917323   12035.000000      2.712656
 4    -3.214058    0.000181      0.956804   18503.000000      4.556996
 5    -3.275509    0.000013      0.966885   30788.000000      9.224693
 6    -3.305619    0.000024      0.971824   42478.000000     14.922783
 7    -3.314219    0.000009      0.973235   69445.000000     28.921486
 8    -3.319551    0.000025      0.974109   104965.000000     48.604328
 9    -3.320842    0.000010      0.974321   171219.000000     94.811201
10    -3.321337    0.000002      0.974402   232166.000000    141.037423
5.339980    0.647541    
3.052635    3.975214    0.584923    0.404485    
2.709844    3.162390    4.312682    0.623381    0.492036    0.283775    
2.305922    3.066624    2.887479    3.973480    0.629560    0.505730    0.340731    0.240993    
1.784085    2.696700    2.670999    2.971130    3.466905    0.603760    0.477915    0.409732    0.264223    0.176419    
1.428100    2.658365    2.579721    2.620218    2.953897    3.456846    0.638884    0.491220    0.413780    0.333600    0.220988    0.126211    
1.329854    2.429952    2.444587    2.502260    2.698664    3.163159    3.521984    0.629980    0.477215    0.412075    0.346188    0.271109    0.173797    0.069908    
1.262566    2.339920    2.384991    2.469843    2.652219    3.047224    3.235104    4.036158    0.629427    0.472437    0.415977    0.359426    0.286662    0.218141    0.110489    0.048478    
1.114750    2.030344    2.180411    2.292700    2.429211    2.694423    2.894480    3.237144    3.693394    0.606770    0.448283    0.405080    0.360493    0.310111    0.236494    0.175622    0.082951    0.041582    
0.905526    1.788398    2.086335    2.187164    2.279767    2.419903    2.621265    2.828462    3.287801    3.603200    0.593096    0.459902    0.409574    0.365660    0.324305    0.265246    0.205169    0.149818    0.073905    0.036330    
