 8    -4.351906    3.386161    0.514991
-0.200346  -0.722750  -1.006436  -0.435368  0.930336  -0.694714  -3.291892  -0.638987  0.114389  0.204070  -0.750726  0.169636  0.328819  -0.584229  0.753944  0.230280  0.240640  -1.494794  -1.133634  0.667369  -0.284219  -0.135895  -1.029348  -0.889640  -0.206062  0.312559  0.289747  -0.294751  
0.387334  -0.048341  0.125546  0.174902  -0.862459  -0.162032  0.138955  0.289841  
 1    -2.499645    0.185600      0.760630   3981.000000      0.678726
 2    -2.942004    0.084144      0.817797   8243.000000      1.591647
 3    -3.416230    0.161105      0.879081   13368.000000      2.891384
 4    -3.640021    0.411018      0.908002   21273.000000      5.244913
 5    -3.894316    0.629273      0.940865   28834.000000      8.096632
 6    -3.980892    0.696689      0.952053   46034.000000     15.802527
 7    -3.982884    0.692196      0.952311   77792.000000     33.332718
 8    -3.999797    0.707756      0.954496   101364.000000     47.760247
 9    -4.007720    0.712930      0.955520   130687.000000     67.125424
10    -4.011593    0.713464      0.956021   160435.000000     89.874903
5.768547    0.770115    
2.528349    3.799306    0.424136    0.511139    
2.872216    3.135149    5.358512    0.583109    0.513839    0.290315    
2.420491    3.300350    6.078770    1.723945    0.520184    0.560127    0.580252    1.206206    
2.548696    3.345700    6.243332    2.166709    3.498866    0.581933    0.536459    0.624267    1.054294    0.204033    
2.830821    3.130180    5.930068    1.870465    3.826078    2.148602    0.550894    0.526107    0.587503    1.163926    0.378138    1.303035    
2.814176    3.141070    5.992629    1.914926    3.833525    1.796916    6.072242    0.554091    0.525775    0.596424    1.155561    0.401727    1.322455    1.530221    
2.876793    3.095982    5.823087    1.743507    3.973369    1.932538    6.283185    6.283185    0.545272    0.524476    0.589841    1.175102    0.330880    1.323316    1.499188    0.083869    
2.859690    3.075606    5.854845    1.782170    3.916483    1.569847    6.283185    6.283185    6.283185    0.541672    0.524053    0.586959    1.173765    0.392001    1.303366    1.470744    0.012953    0.064709    
2.823752    3.103020    5.961168    1.890151    3.818872    1.434692    6.283185    2.172975    5.462035    6.123543    0.546419    0.525556    0.586705    1.171486    0.442804    1.275147    1.456919    0.000000    0.009568    0.069078    
