 8    -4.166280    4.079810    0.734578
1.980655  1.795750  -0.728124  -0.283760  1.757234  -0.700888  0.749530  1.466181  -0.359759  -0.314563  -0.497060  -0.582411  0.826093  0.847297  -0.248796  -1.247295  -0.320472  0.092944  -0.984481  -0.621929  0.498765  0.203754  0.685531  1.081797  -0.182269  -1.166652  0.568559  0.322269  
-0.460324  0.186844  0.276359  -0.253932  -0.270328  0.310703  0.310103  -0.202160  
 1    -2.296030    0.388190      0.773196   3192.000000      0.564557
 2    -3.430734    0.727744      0.910801   6750.000000      1.353967
 3    -3.971014    0.914391      0.976320   12169.000000      2.663881
 4    -4.108108    0.963490      0.992946   19819.000000      5.064953
 5    -4.142062    0.982221      0.997063   30730.000000      9.149067
 6    -4.159541    0.996728      0.999183   48954.000000     17.165879
 7    -4.164135    0.998801      0.999740   82960.000000     36.511500
 8    -4.165059    0.999561      0.999852   119473.000000     58.019076
 9    -4.165233    0.999558      0.999873   173900.000000     94.068200
10    -4.165810    0.999813      0.999943   210911.000000    123.036935
4.732405    0.533762    
3.767923    4.768594    0.796403    0.430118    
3.087694    3.305850    3.826238    0.691793    0.527285    0.299790    
2.209602    3.221801    3.044416    3.522324    0.659639    0.552757    0.400019    0.209702    
1.789472    2.988075    2.747152    3.049468    3.625213    0.662850    0.533054    0.436910    0.337285    0.139623    
1.548403    2.862326    2.721406    2.979563    3.385385    4.390354    0.666998    0.527674    0.464866    0.370319    0.244989    0.081419    
1.358512    2.475685    2.451317    2.548741    2.847201    3.267990    4.184967    0.654003    0.491003    0.443580    0.382236    0.299556    0.189707    0.073188    
1.335376    2.481299    2.470813    2.579084    2.859804    3.239907    3.955801    4.519976    0.653274    0.499545    0.450324    0.394347    0.320033    0.217068    0.120567    0.031128    
1.329933    2.444852    2.455079    2.554255    2.866851    3.300277    4.934823    2.939189    5.957556    0.652512    0.492571    0.445968    0.388779    0.304045    0.194299    0.072959    1.525150    1.540776    
1.255583    2.284574    2.266908    2.225565    2.182971    2.331570    2.912375    3.757447    4.192311    6.281596    0.640722    0.474589    0.417920    0.351425    0.276625    0.237346    0.177032    0.100972    0.019633    1.564449    
