 8    -5.035498    4.042018    0.327040
0.284659  -1.315573  -0.206194  -1.485032  -0.567317  1.520115  0.523557  0.024520  -1.685001  -0.604265  -0.469087  0.473629  0.909703  0.246694  0.447508  -0.673319  0.623387  0.470458  0.175019  0.545834  -1.600765  -1.239361  -0.603169  0.650523  -0.163636  2.189504  -1.149463  -1.317210  
-0.300000  1.000000  1.000000  1.000000  1.000000  1.000000  1.000000  1.000000  
 1    -0.443817    0.000832      0.494170   2460.000000      0.610930
 2    -0.689515    0.000933      0.521236   5675.000000      1.366928
 3    -0.955769    0.002668      0.550568   9580.000000      2.252250
 4    -0.983914    0.001487      0.553668   13681.000000      3.338838
 5    -1.083081    0.004990      0.564593   18808.000000      5.052459
 6    -1.226822    0.008922      0.580427   26126.000000      8.233031
 7    -1.366431    0.030559      0.595807   32645.000000     11.447996
 8    -1.471564    0.141030      0.607389   42794.000000     16.773753
 9    -1.593422    0.148495      0.620813   54200.000000     24.267529
10    -1.647268    0.143661      0.626745   70419.000000     36.664250
0.441714    0.557359    
0.386101    0.861928    0.670564    1.240936    
0.389888    0.745621    0.465969    0.738880    1.123066    1.219994    
0.399117    0.725207    0.498728    1.904799    0.745951    1.085548    1.157971    0.106432    
0.385757    5.318322    4.306017    2.921612    2.770131    0.722960    0.291209    0.392357    1.390144    0.271315    
0.473999    5.352423    4.186656    5.687026    4.896228    4.767310    0.767375    0.328447    0.257851    0.218975    1.259860    1.432486    
0.588323    2.086882    5.335276    6.128686    4.404232    2.556824    5.367259    0.627348    0.347131    1.172878    0.712856    1.234252    0.204206    0.159938    
0.934682    0.268050    1.014378    1.637042    4.106526    3.170241    4.520562    1.631709    0.977347    0.227999    1.168326    1.394206    1.354731    1.340753    1.453883    0.249840    
0.980831    0.298215    0.940961    1.593794    4.106170    3.205447    6.192803    1.164415    5.125866    1.018332    0.233465    1.136151    1.415406    1.369873    1.376677    0.219666    1.411455    0.179966    
0.749359    0.931367    2.147409    1.000707    5.013887    4.383171    2.833317    2.655680    5.890488    2.681870    0.719619    1.187305    0.520931    1.115396    1.145568    0.519923    0.246387    0.221966    0.089973    1.280621    
