 8    -4.062286    4.630526    0.456510
0.993539  -0.758112  -0.351157  0.938245  -1.000467  -1.201973  2.034609  0.008307  0.258243  0.446007  -0.069812  -0.033584  -0.685347  1.140189  -1.653406  0.232497  -0.203918  -1.100841  1.758511  -0.430515  1.327838  0.925540  0.184446  1.811597  2.076887  -0.405200  0.515850  -1.207827  
-0.300000  1.000000  1.000000  1.000000  1.000000  1.000000  1.000000  1.000000  
 1    -0.309749    0.006468      0.568317   2724.000000      0.469263
 2    -0.626672    0.012589      0.604775   6074.000000      1.320210
 3    -0.683022    0.006796      0.611258   9977.000000      2.370385
 4    -1.019441    0.011388      0.649958   15193.000000      3.780357
 5    -0.904494    0.026416      0.636735   20531.000000      5.745743
 6    -1.226200    0.001842      0.673744   27235.000000      8.632827
 7    -1.241469    0.052800      0.675500   36709.000000     12.938270
 8    -1.396901    0.037523      0.693381   45250.000000     18.525072
 9    -1.404692    0.080112      0.694277   56052.000000     25.356523
10    -1.497200    0.056040      0.704919   67559.000000     33.811417
4.876043    0.462304    
2.088099    4.588768    0.362799    0.543666    
5.792480    2.561670    2.079687    0.654432    1.054924    0.338257    
2.079568    4.609278    2.287940    1.971090    0.374114    0.527999    0.284860    0.122713    
5.238669    1.484544    2.070391    4.671672    4.051534    0.178150    1.134825    0.130489    0.276094    0.232630    
2.089851    4.578936    2.129447    1.729289    4.798347    5.450861    0.357833    0.597520    0.256191    0.191092    0.228188    0.067264    
5.829421    1.016281    1.917557    5.235594    3.725197    5.804765    2.239299    0.116861    0.961014    0.334267    0.152830    0.506482    0.298061    0.158906    
4.836539    5.863186    2.431659    5.664231    2.895075    5.046665    4.598346    4.207365    0.353606    1.025883    1.362441    1.407330    0.261187    1.273560    0.395487    1.408305    
5.131213    1.724975    1.259932    1.846751    4.227475    2.609368    1.009171    2.022104    0.309574    0.132834    0.907088    0.509053    1.270028    0.380582    1.402567    1.436165    1.290232    0.264034    
4.827212    5.883665    2.446166    5.581060    2.957427    5.043724    4.685553    4.173824    2.305822    3.078482    0.353402    1.028564    1.304759    1.412331    0.255859    1.304921    0.341851    1.459391    1.480531    0.126167    
