 8    -3.532896    4.221886    0.183429
1.387236  0.963562  -0.944981  1.624400  0.264741  0.367542  0.797701  -0.556226  -0.100179  0.323385  -1.814105  -0.930862  1.097972  0.485753  0.527625  0.093865  -1.150458  0.466368  0.442111  0.138366  -0.105991  -0.839403  1.688002  -0.084315  -1.454174  0.424841  -1.326656  -0.408164  
0.218368  0.018215  -0.119903  0.799991  -0.127617  0.137447  -0.163322  -0.151802  
 1    -1.492134    0.002219      0.736838   3192.000000      0.515498
 2    -2.233410    0.000180      0.832428   7046.000000      1.418299
 3    -2.378058    0.000604      0.851081   11970.000000      2.619598
 4    -2.526608    0.000094      0.870236   20086.000000      4.990283
 5    -2.591513    0.000046      0.878606   32244.000000      9.422214
 6    -2.612363    0.000005      0.881295   48429.000000     16.750985
 7    -2.620907    0.000000      0.882397   84514.000000     35.672221
 8    -2.637373    0.000001      0.884520   130849.000000     64.180009
 9    -2.648638    0.000001      0.885973   158283.000000     81.672379
10    -2.668113    0.000004      0.888484   213956.000000    122.873906
6.283185    0.661863    
4.507291    5.466550    0.419165    0.448919    
3.354063    4.850741    4.439896    0.448846    0.378116    0.221982    
3.391149    4.507992    4.302107    6.283185    0.596308    0.462878    0.256950    0.253975    
2.833453    3.943192    4.040310    5.029426    4.739863    0.570682    0.447359    0.348997    0.204455    0.183174    
2.093588    3.856501    3.920475    4.192116    4.839748    4.988698    0.589075    0.445164    0.378508    0.295488    0.170837    0.126543    
2.187746    3.605380    3.849046    4.197067    4.356530    5.155092    5.394443    0.597325    0.440267    0.374736    0.314594    0.255285    0.122094    0.091051    
2.182856    3.917801    4.082088    4.429237    4.990464    5.075968    6.283185    5.422403    0.604471    0.447474    0.380516    0.303539    0.223764    0.205697    0.050431    0.116574    
2.333236    3.900689    4.065178    4.529066    5.093835    5.261696    6.283185    5.565995    6.283185    0.584706    0.454134    0.391410    0.288144    0.230221    0.163023    0.135268    0.069015    0.099136    
2.248004    3.923254    4.157120    4.621276    4.847948    5.934712    6.283185    5.958405    6.059053    6.095196    0.623014    0.454980    0.373585    0.321331    0.199361    0.173233    0.061686    0.180691    0.032614    0.117042    
