 8    -4.435606    4.484703    0.984572
-0.270164  0.934725  -0.978179  1.679502  -0.282496  -2.137573  -0.087249  -0.115780  1.694825  0.442736  0.904835  -0.777380  -0.167235  0.549352  0.270288  -0.407457  0.289694  -0.826243  0.196590  -0.202494  -0.952162  -0.713718  -1.209645  1.367745  -1.526735  -1.657416  0.561338  -0.300495  
-0.300000  1.000000  1.000000  1.000000  1.000000  1.000000  1.000000  1.000000  
 1    -0.378484    0.002104      0.545181   2814.000000      0.473109
 2    -0.679601    0.020752      0.578938   6116.000000      1.367601
 3    -0.823526    0.000034      0.595072   9098.000000      2.028706
 4    -1.142320    0.003579      0.630810   13069.000000      3.191236
 5    -1.189342    0.002209      0.636082   17208.000000      4.662225
 6    -1.200655    0.006342      0.637350   23264.000000      7.062232
 7    -1.390010    0.007128      0.658577   31358.000000     10.751350
 8    -1.377782    0.025297      0.657207   41405.000000     16.213577
 9    -1.574151    0.013579      0.679220   52865.000000     24.399284
10    -1.682893    0.011701      0.691411   63449.000000     32.639999
0.373029    0.551986    
0.360280    4.879852    0.345170    1.153943    
0.422244    5.614682    5.420670    0.569764    0.293041    1.276635    
0.638757    0.810915    6.283185    5.569160    0.806687    1.140509    0.334406    1.276727    
0.642417    0.803840    6.283185    1.814672    3.743891    0.817451    1.139388    0.350526    0.091894    1.274251    
1.144998    5.405835    1.712819    4.763130    1.940587    0.323014    0.826350    0.318207    1.155735    1.298350    0.385677    1.292384    
0.382645    5.576482    4.724507    0.911691    6.011905    5.323583    3.400283    0.569323    0.216608    0.263422    1.169119    1.400323    0.178776    1.403846    
0.409885    5.646020    4.714746    0.860726    4.719730    0.680090    5.280071    2.378025    0.663884    0.282336    0.262695    1.117618    1.457068    0.194389    1.417740    0.126340    
0.465590    0.744219    5.312251    5.489925    3.463799    4.039202    5.667504    0.705568    1.343419    0.751848    1.169756    0.380658    1.227718    1.443853    1.489841    0.078028    1.477217    0.111485    
0.382338    0.816402    1.742119    5.314760    5.419167    5.528352    6.188326    6.136737    4.960642    3.856793    0.694107    1.157346    0.328548    1.318573    0.210582    1.435767    1.462319    1.428450    1.450430    1.515943    
