 8    -3.985685    4.669792    0.330650
1.044560  -1.449536  0.588023  1.842537  1.549008  -0.023531  -0.878637  1.253610  1.377716  0.376270  -0.124098  0.904463  -0.398546  0.898816  -0.822881  -1.367960  -0.748894  0.512918  0.068307  0.592726  -0.537103  0.225458  1.405063  0.255229  2.156938  -0.267134  0.162833  1.164157  
-0.300000  1.000000  1.000000  1.000000  1.000000  1.000000  1.000000  1.000000  
 1    -0.454632    0.000728      0.592044   2553.000000      0.432678
 2    -0.632358    0.000760      0.612577   6174.000000      1.272658
 3    -0.779849    0.000830      0.629618   9668.000000      2.217096
 4    -0.929195    0.042287      0.646872   14597.000000      3.693577
 5    -1.072393    0.006413      0.663416   19762.000000      5.332683
 6    -1.126184    0.032845      0.669631   25550.000000      7.787621
 7    -1.232885    0.030699      0.681959   34688.000000     12.216360
 8    -1.373547    0.060118      0.698210   41300.000000     16.650060
 9    -1.354323    0.018903      0.695989   53587.000000     24.574555
10    -1.412937    0.027325      0.702761   74839.000000     41.586349
0.295740    1.292241    
0.227564    0.618843    1.205704    1.397953    
0.261412    0.649124    5.265031    1.225448    1.405378    0.200760    
3.299878    4.839810    3.212943    3.040753    0.263965    0.849428    0.284419    1.270495    
0.340072    2.829708    0.876001    2.393920    1.025576    1.323979    0.458938    0.417022    1.331781    1.314752    
3.268783    4.751404    1.974803    1.637676    0.667902    5.616150    0.288729    1.126458    0.313221    0.208429    1.362442    0.180201    
4.696928    2.100057    3.761839    5.903867    1.339924    3.837727    5.178983    0.426384    1.324340    1.279992    1.234698    1.411014    0.298443    1.298964    
4.761676    5.993233    6.227692    1.136344    3.761021    6.283185    3.742154    0.552438    0.359928    1.243124    1.235870    1.033610    0.165639    0.410785    1.396964    0.248028    
4.634685    6.018101    4.496917    2.621859    5.099147    5.047850    5.386380    2.134093    6.142817    0.340818    1.122772    0.230148    0.326412    1.379096    0.199720    0.211217    1.305012    0.190871    
5.689146    1.432713    3.893805    2.272496    6.065711    5.448924    2.624741    4.371749    3.516342    2.645152    0.538604    0.286541    1.210648    0.894462    1.570796    0.146319    0.369174    0.021653    0.323654    0.171461    
