 8    -4.414554    5.653647    0.372202
-1.243488  -2.264139  0.865807  -1.336708  -1.279517  1.240628  -0.033184  -0.820098  1.200778  0.918955  -1.424009  2.450503  -0.537670  0.570585  0.081665  1.937139  -0.584177  -0.168090  0.839135  -0.710069  0.423163  -0.202745  0.808552  -0.285661  0.982600  -0.669389  -0.243496  0.163524  
-0.300000  1.000000  1.000000  1.000000  1.000000  1.000000  1.000000  1.000000  
 1    -0.406033    0.005268      0.601863   3012.000000      0.507668
 2    -0.528891    0.022779      0.614066   6005.000000      1.243070
 3    -0.847290    0.012566      0.645690   10074.000000      2.258974
 4    -0.915251    0.006435      0.652440   13953.000000      3.480956
 5    -1.170087    0.068922      0.677751   19156.000000      5.308020
 6    -1.222730    0.055929      0.682980   25145.000000      7.780291
 7    -1.396214    0.092526      0.700211   32380.000000     11.147909
 8    -1.470356    0.093404      0.707575   40196.000000     15.538184
 9    -1.515545    0.027149      0.712063   52220.000000     24.148770
10    -1.689706    0.105736      0.729361   67272.000000     35.489587
5.645723    1.075958    
5.672749    3.693390    1.012056    0.284808    
5.539373    3.847002    1.301066    0.933660    0.360289    1.178080    
5.560136    3.836472    1.163036    6.094535    0.942521    0.386442    1.262319    1.356259    
5.529260    3.845064    1.415240    5.926474    3.069510    0.908591    0.361094    1.240198    1.547619    0.279853    
5.516641    3.950219    1.436095    5.943017    3.085952    2.194714    0.895958    0.382659    1.217796    1.570796    0.300842    1.449860    
5.564500    3.921187    1.397506    5.950842    2.959783    0.215819    6.119343    0.937240    0.378109    1.205651    1.484327    0.806197    0.978167    0.100313    
5.755046    3.415973    4.534443    3.249098    1.363764    5.948302    5.242425    6.253434    0.878952    0.250667    0.508392    0.188319    0.362744    1.188605    0.211308    1.386297    
5.409849    3.914722    0.976004    1.188680    5.051339    2.742105    3.643038    0.537876    5.055538    0.770594    0.309276    1.115102    0.252472    1.149402    0.229083    1.341038    0.082511    0.277979    
5.654976    3.858426    0.800702    6.283185    5.404325    5.294654    2.394786    3.608480    5.721836    5.506652    0.961883    0.470172    1.406591    1.325259    0.143542    1.350983    0.298499    0.227067    0.100691    1.391208    
