 8    -6.601031    6.316458    0.803693
-0.994205  -0.671251  -0.887883  0.195603  1.382997  0.888781  -0.060407  -0.573972  0.071070  -1.079800  1.842317  -1.375264  1.536962  1.111330  0.582643  0.988356  0.304395  -0.174480  0.961648  -1.968457  2.608949  1.927321  -0.187514  1.218037  -2.363810  1.078523  1.704040  -1.534157  
0.137716  0.150036  0.125645  -0.114385  0.799989  -0.110438  0.130632  0.163609  
 1    -3.286940    0.235669      0.743442   3129.000000      0.490158
 2    -5.590400    0.687339      0.921763   7463.000000      1.433585
 3    -5.994580    0.863248      0.953052   12259.000000      2.617481
 4    -6.262489    0.886583      0.973792   19286.000000      4.691520
 5    -6.500809    0.968877      0.992241   31684.000000      9.189878
 6    -6.570387    0.987209      0.997628   51165.000000     18.288940
 7    -6.591826    0.994443      0.999287   76355.000000     31.830009
 8    -6.597372    0.996745      0.999717   120416.000000     59.133409
 9    -6.599900    0.999595      0.999912   202635.000000    115.415922
10    -6.600601    0.999881      0.999967   297073.000000    194.125108
6.283185    0.662987    
4.880161    5.966182    0.376623    0.485307    
3.794196    5.284000    4.154537    0.403777    0.366532    0.232499    
3.611878    4.756647    4.494474    6.283185    0.615071    0.452060    0.242034    0.276078    
3.420959    4.146274    4.098643    5.462961    4.554136    0.579510    0.449533    0.329547    0.183871    0.210044    
2.369871    3.859251    3.921575    4.258430    5.052265    4.640270    0.550612    0.446510    0.378353    0.264993    0.184516    0.146884    
2.058383    3.640710    3.731001    3.997727    4.212446    5.155495    4.688421    0.596425    0.427602    0.373173    0.318944    0.243763    0.144181    0.106621    
1.963143    3.225963    3.423763    3.611914    3.832282    4.140778    5.093338    4.491983    0.582761    0.408473    0.357490    0.306401    0.279579    0.191544    0.121955    0.081262    
1.965648    3.425310    3.569016    3.705168    3.883037    4.419657    4.750425    4.849960    5.926537    0.595806    0.421041    0.366610    0.317926    0.280200    0.199734    0.180300    0.058363    0.064430    
1.654544    2.988686    3.420398    3.605221    3.804362    4.112607    4.631403    4.827074    5.317783    5.727075    0.572198    0.423853    0.377299    0.329251    0.297985    0.241166    0.186557    0.146313    0.051810    0.053030    
