 8    -4.872066    4.032685    0.214734
1.181663  3.286588  -1.621765  0.949320  0.052378  0.064238  -0.407483  -0.086520  0.716453  1.220180  -0.421267  -0.436458  0.176678  0.855759  1.180917  0.303532  0.876488  0.409602  0.206339  -0.013353  -1.192493  -0.792464  0.517279  -0.487682  -0.779472  0.365687  -0.736046  0.139248  
0.393816  -0.196905  -0.307252  0.266233  0.249173  -0.142766  0.314659  0.212133  
 1    -2.594613    0.362017      0.744243   3264.000000      0.526309
 2    -4.043025    0.697483      0.906899   7045.000000      1.360494
 3    -4.649643    0.897171      0.975022   12257.000000      2.782946
 4    -4.802287    0.954154      0.992164   18389.000000      4.593624
 5    -4.841072    0.974053      0.996519   30999.000000      9.289429
 6    -4.863261    0.995375      0.999011   51993.000000     18.488963
 7    -4.869588    0.998360      0.999722   94884.000000     41.881405
 8    -4.870508    0.998840      0.999825   153014.000000     77.711493
 9    -4.870911    0.999140      0.999870   175942.000000     94.317134
10    -4.871461    0.999694      0.999932   182758.000000    101.893644
5.258391    0.554026    
4.376452    5.411621    0.772973    0.405592    
3.672376    3.864689    4.464570    0.683924    0.513221    0.287785    
2.633851    3.594168    3.583164    4.056248    0.629971    0.535744    0.390272    0.199678    
1.921542    3.454584    3.224950    3.500138    4.135711    0.653447    0.529168    0.435943    0.334084    0.145276    
1.766661    3.318153    3.199010    3.435907    3.924047    5.020993    0.657228    0.523879    0.456874    0.361309    0.239820    0.077796    
1.522654    2.879773    2.912113    2.989421    3.346408    3.851681    4.863020    0.650575    0.494997    0.441553    0.381430    0.299702    0.189980    0.070519    
1.443898    2.691200    2.690332    2.510143    2.278289    2.677519    3.584808    4.711156    0.640914    0.476628    0.407134    0.320114    0.247512    0.235540    0.165112    0.063387    
1.346358    2.519780    2.652355    2.574088    2.250732    2.234264    3.072460    3.742029    4.369017    0.634399    0.478575    0.418113    0.342416    0.239634    0.236213    0.200547    0.117775    0.042744    
1.192490    2.296306    2.622587    2.629314    2.513220    2.351436    2.872629    3.630650    4.438838    5.219608    0.620519    0.487094    0.431689    0.373718    0.291361    0.243359    0.228343    0.165484    0.090562    0.022622    
