 8    -4.403326    4.547749    0.791739
0.050657  0.392329  0.609438  -0.588129  1.443758  0.402090  0.166803  0.853984  1.658907  0.699776  -1.693152  -0.962174  -2.420045  -0.416890  -0.337671  0.421032  -1.120160  -0.961434  0.302471  0.846941  0.373882  -0.822025  -1.224561  -0.630809  -1.119728  -0.142730  0.364224  -0.979682  
-0.300000  1.000000  1.000000  1.000000  1.000000  1.000000  1.000000  1.000000  
 1    -1.160235    0.004203      0.637687   2895.000000      0.487721
 2    -2.545411    0.004745      0.792437   6141.000000      1.231370
 3    -2.816688    0.003480      0.822743   9192.000000      2.025396
 4    -2.933702    0.002260      0.835816   14400.000000      3.579006
 5    -2.967525    0.029030      0.839595   16933.000000      4.595922
 6    -2.139586    0.001460      0.747099   22176.000000      6.746051
 7    -3.173255    0.003453      0.862578   29782.000000     10.375028
 8    -3.153538    0.000336      0.860376   38428.000000     15.413444
 9    -3.325023    0.024217      0.879534   51884.000000     24.427545
10    -3.400123    0.000418      0.887924   63768.000000     34.319264
0.399099    0.606818    
0.332586    0.435871    0.802993    0.464167    
0.333649    0.396606    1.236092    0.777505    0.493550    0.176168    
0.334107    0.383558    1.247664    2.340304    0.768282    0.494580    0.184491    0.103076    
0.346422    0.422724    4.546825    5.685395    0.514794    0.805822    0.511855    0.097103    0.190977    0.185037    
0.408538    1.277006    0.780754    0.336985    0.477096    2.805688    0.669523    0.299829    1.336407    1.239675    1.445282    0.101841    
0.335410    0.393584    1.278334    2.384230    0.527576    3.738782    2.862670    0.775602    0.487477    0.172590    0.186003    0.196583    0.038959    0.053439    
0.327951    0.051389    0.349174    1.254817    0.941367    1.619300    5.043826    5.044666    0.773393    1.570796    0.501015    0.229025    1.438916    0.066339    1.474334    0.062537    
0.254062    0.266036    0.318403    3.543625    3.830941    3.754963    4.317426    3.765923    4.244735    0.645489    0.505679    0.343798    0.058333    0.102848    0.070602    1.444637    1.491929    0.080081    
0.200460    0.266727    0.258653    0.333898    1.921127    3.485149    1.692578    5.520782    2.702781    0.479594    0.637827    0.521002    0.380056    0.191684    1.502874    1.523917    0.104032    0.074693    1.442452    1.458254    
