 8    -3.117025    3.526864    0.125004
0.522022  0.069947  0.869230  0.424554  -0.220960  -0.632086  -0.455699  -0.681874  0.387163  -0.009748  -1.344962  -0.010275  0.704485  -1.958639  0.153709  1.233067  -0.504342  1.349764  0.731516  1.011621  -0.637194  -0.194763  1.103719  -0.072570  -1.162580  0.324676  -0.032394  0.351848  
-0.300000  1.000000  1.000000  1.000000  1.000000  1.000000  1.000000  1.000000  
 1    -0.420596    0.012486      0.594149   2820.000000      0.519910
 2    -0.504911    0.022875      0.606840   6470.000000      1.294873
 3    -0.580671    0.011725      0.618243   10258.000000      2.275919
 4    -0.649324    0.003670      0.628576   14041.000000      3.504313
 5    -0.817058    0.002019      0.653822   18538.000000      5.166292
 6    -0.872289    0.001470      0.662135   24229.000000      7.589252
 7    -0.942152    0.027626      0.672651   32126.000000     11.461279
 8    -1.127732    0.003903      0.700583   43269.000000     17.695726
 9    -1.141029    0.094262      0.702584   55521.000000     26.633467
10    -1.156210    0.030191      0.704869   64400.000000     35.478321
5.661272    1.004379    
3.826328    3.077006    0.605630    1.043546    
5.771203    2.559823    6.139909    0.806607    0.333786    0.330164    
5.603361    4.598496    3.083604    1.322768    0.938663    0.239466    1.317846    1.348676    
5.518052    2.423235    5.526039    1.271075    3.495211    0.960260    0.117885    1.338732    1.307471    1.309062    
5.519143    2.431503    5.521247    1.240887    3.555658    4.043739    0.952999    0.093673    1.314456    1.321187    1.265651    0.128951    
5.536639    2.385278    5.653424    1.257730    1.740570    3.185320    1.017341    0.993798    0.057286    1.332640    1.368568    1.363471    1.354618    1.372438    
5.702740    2.235013    5.665712    0.278474    3.782320    5.616987    2.047790    3.128454    1.125094    0.134184    0.957732    0.579038    1.344457    1.310447    0.160293    1.402196    
6.022183    2.690708    1.576435    1.725317    0.716596    5.001238    3.260283    3.171863    2.091230    0.614078    0.438432    0.258655    0.357554    0.827038    0.354665    0.360932    1.323828    1.307920    
4.624263    3.931757    1.769975    4.801829    2.953148    2.299158    5.993801    3.566970    6.266204    4.964281    1.226322    0.460094    1.163538    0.052486    0.111852    1.380866    1.352311    1.250571    1.325737    0.095328    
