 8    -5.287835    6.711482    0.076714
-0.022632  1.838848  2.505268  0.975403  1.654330  -1.869582  -0.764621  -0.785072  0.028540  -0.021013  -0.984052  -1.679671  -0.721709  0.394450  -1.455288  0.784736  0.940057  2.082766  1.098766  0.717849  0.395293  0.238120  -2.359960  -0.268181  0.140543  -0.061805  1.234644  2.880286  
0.396931  -0.180092  -0.338443  -0.012335  -0.302626  -0.271394  -0.250572  0.390753  
 1    -3.054222    0.241153      0.813855   3126.000000      0.524043
 2    -4.433319    0.438781      0.928786   6515.000000      1.280523
 3    -5.068853    0.531080      0.981750   12109.000000      2.669478
 4    -5.207189    0.557058      0.993279   20530.000000      5.238213
 5    -5.240186    0.569242      0.996029   32159.000000      9.645728
 6    -5.252899    0.588212      0.997089   52610.000000     18.847143
 7    -5.255871    0.595032      0.997336   96200.000000     41.582474
 8    -5.257114    0.621454      0.997440   153397.000000     77.319573
 9    -5.259749    0.678580      0.997659   239299.000000    138.056125
10    -5.267760    0.796054      0.998327   386407.000000    252.057243
4.909777    0.535001    
4.003498    5.148207    0.787586    0.422830    
3.009577    3.477699    4.273527    0.654826    0.538853    0.306178    
2.284980    3.242261    3.078867    3.704242    0.630857    0.514429    0.375311    0.206576    
1.701695    3.047587    2.858971    3.122514    3.842475    0.649933    0.510203    0.423415    0.329675    0.147055    
1.586604    2.950315    2.888742    3.074731    3.621677    4.807063    0.646854    0.512102    0.439777    0.347352    0.230667    0.072926    
1.382227    2.495888    2.543746    2.703485    3.079282    3.597027    4.656745    0.627850    0.467451    0.423048    0.370155    0.284757    0.174214    0.062629    
1.451912    2.664721    2.650848    2.853578    3.252354    3.781532    4.817438    5.961900    0.633831    0.481150    0.432655    0.371555    0.286847    0.176724    0.105589    0.034964    
1.509458    2.806090    2.715855    2.965938    3.462810    4.219883    4.884300    5.423622    5.216086    0.641046    0.488604    0.431448    0.356618    0.257800    0.147812    0.121915    0.105063    0.050335    
1.532449    2.812977    2.835836    2.979416    3.629803    6.283185    6.283185    4.368753    4.179968    4.554297    0.638666    0.500278    0.438127    0.341274    0.195077    0.023773    0.103769    0.170941    0.165365    0.082351    
