 8    -4.007779    3.946590    0.459535
0.445292  -0.280395  -1.876685  -0.387690  0.596937  0.683369  0.232692  0.715544  0.804504  0.348361  -0.195662  -0.923606  0.598020  -1.569014  -0.119666  0.392834  1.194875  0.806525  1.582657  1.459610  -0.604105  -0.870248  -0.041871  1.678362  -0.365394  1.448301  0.201462  -1.036387  
0.351544  -0.236517  0.246909  0.298689  -0.237986  -0.279404  0.293694  0.304610  
 1    -2.483330    0.432428      0.808351   3237.000000      0.516287
 2    -3.307841    0.774089      0.912006   7098.000000      1.355081
 3    -3.856939    0.949891      0.981037   12954.000000      2.764414
 4    -3.978142    0.986808      0.996274   20913.000000      5.260001
 5    -3.999719    0.995594      0.998987   34898.000000     10.644135
 6    -4.005109    0.999109      0.999664   53778.000000     19.340509
 7    -4.007314    0.999828      0.999942   89892.000000     39.271242
 8    -4.007178    0.999725      0.999924   132657.000000     67.033016
 9    -4.007318    0.999825      0.999942   133415.000000     66.967929
10    -4.007361    0.999842      0.999947   152381.000000     82.310239
5.159187    0.546612    
3.877064    4.975581    0.796359    0.411608    
3.430161    3.138681    4.101775    0.684197    0.528515    0.331411    
2.218963    3.295853    3.097696    3.540722    0.649976    0.572685    0.403086    0.230642    
1.562945    3.053620    2.829979    3.094783    3.551664    0.691939    0.543470    0.478696    0.367091    0.175485    
1.555219    2.948886    2.834075    3.075845    3.407977    4.319596    0.681393    0.540717    0.485767    0.389895    0.254819    0.074840    
1.387448    2.585800    2.513144    2.604971    2.860900    3.236568    4.213142    0.661316    0.500580    0.451076    0.390719    0.310352    0.199098    0.075241    
1.348915    2.498428    2.477158    2.549284    2.795566    3.285629    5.157266    4.091585    0.653032    0.493787    0.446196    0.386056    0.296926    0.168066    1.570796    1.532938    
1.385880    2.577143    2.512443    2.608522    2.860106    3.239565    4.223605    2.186167    2.750223    0.660601    0.500139    0.451449    0.390949    0.308478    0.195139    0.066880    1.570313    1.566310    
1.375967    2.559261    2.509371    2.614839    2.858761    3.224785    4.218689    3.752904    3.729224    4.406268    0.659953    0.500786    0.452826    0.395093    0.311816    0.194789    0.042425    1.524621    1.524151    1.550330    
