 8    -3.587827    5.130739    0.141684
1.412241  2.337697  1.611915  1.649743  0.798248  -0.038336  -0.416919  0.573888  0.379333  0.395861  -0.639797  -0.622015  -1.097253  -0.040995  0.406483  1.850516  0.371162  -0.024252  0.881849  1.684386  -0.044589  -0.971817  -0.680023  -1.209145  0.695044  0.691764  0.203673  -0.572106  
-0.300000  1.000000  1.000000  1.000000  1.000000  1.000000  1.000000  1.000000  
 1    -0.324281    0.005573      0.625679   2814.000000      0.480886
 2    -0.898493    0.025269      0.691539   5943.000000      1.250464
 3    -0.987524    0.018094      0.701751   9741.000000      2.233147
 4    -1.050031    0.022429      0.708920   13670.000000      3.450078
 5    -1.171361    0.002854      0.722837   18039.000000      5.013013
 6    -1.160496    0.039361      0.721591   25701.000000      8.126313
 7    -1.410685    0.092203      0.750287   31819.000000     11.309612
 8    -1.462414    0.118525      0.756220   41370.000000     17.005382
 9    -1.496886    0.092448      0.760174   51432.000000     24.353734
10    -1.595717    0.055093      0.771509   65101.000000     35.916009
1.509550    0.362391    
0.680059    1.090695    0.257545    0.443441    
0.699888    1.068103    3.271782    0.261719    0.391884    0.143212    
0.688768    1.107341    2.199354    0.310927    0.226289    0.448656    1.254972    0.344548    
0.711451    0.977560    3.387726    0.441646    1.214398    0.259990    0.427431    0.193921    1.394498    0.173478    
0.683627    0.994966    3.359700    3.714345    4.766183    1.142987    0.253373    0.485383    0.165045    1.570796    0.169196    1.369701    
1.469310    1.023987    3.198643    3.374688    2.731952    5.392105    3.409640    0.324325    0.228626    0.155538    0.239313    0.320400    0.131178    0.271233    
1.465032    1.027639    3.162552    3.404890    2.713054    5.424475    3.385805    2.127529    0.329234    0.228801    0.165918    0.234864    0.301247    0.127246    0.256826    1.472980    
0.596005    1.041634    6.173642    3.531256    3.354054    1.147058    4.412301    4.796151    2.170158    0.429400    0.353369    0.065567    1.310132    1.470431    0.075714    0.187756    1.356919    0.161977    
0.496098    0.678444    1.443628    5.430740    3.828554    1.656546    2.477773    5.623301    5.854007    1.778329    0.437584    0.520709    0.319600    0.144253    0.214404    0.226574    0.118835    0.063504    0.216623    0.136573    
