 8    -4.189148    4.203361    0.147510
0.339865  0.191300  -1.140822  0.778411  1.707351  1.008358  -1.292085  -0.473293  0.210802  -0.992069  0.924987  0.120085  -0.173989  1.086957  1.130888  -0.286387  0.510305  1.395815  -0.250652  0.675379  -1.229298  -0.628359  0.987545  0.796753  0.540241  2.103185  -0.631635  -0.040769  
-0.178359  -0.117441  0.181544  -0.175782  -0.110550  0.129568  -0.094319  -0.799988  
 1    -1.673915    0.199366      0.700300   3117.000000      0.492317
 2    -3.208373    0.632222      0.883137   6537.000000      1.248419
 3    -3.652101    0.795433      0.936009   11591.000000      2.511019
 4    -3.984724    0.914674      0.975642   18956.000000      4.727171
 5    -4.116205    0.966548      0.991309   32232.000000      9.848818
 6    -4.165286    0.986310      0.997157   48971.000000     17.513462
 7    -4.178419    0.993195      0.998722   77256.000000     33.527808
 8    -4.184261    0.997511      0.999418   106916.000000     50.318053
 9    -4.187585    0.999328      0.999814   176289.000000     98.043446
10    -4.188328    0.999620      0.999902   242923.000000    148.587843
6.283185    0.630824    
6.073514    6.283185    0.521125    0.393417    
4.702413    5.907419    6.283185    0.562001    0.411224    0.238719    
4.338701    5.921056    5.794346    6.283185    0.637111    0.496179    0.287591    0.214435    
3.717467    5.107514    4.959811    5.857144    5.862261    0.593814    0.461714    0.378413    0.226900    0.159274    
2.725510    4.988315    4.891910    5.020070    5.653743    6.123431    0.625952    0.479088    0.402300    0.320830    0.196438    0.122113    
2.517348    4.438049    4.526667    4.723824    5.023496    5.909909    5.960334    0.616061    0.457577    0.397308    0.335484    0.262217    0.157938    0.076084    
2.345915    4.260864    4.452845    4.648739    4.946543    5.508790    5.946674    6.283185    0.608207    0.459646    0.404733    0.344694    0.278923    0.204257    0.103394    0.045478    
2.186123    3.916493    4.160272    4.387040    4.630147    5.114775    5.324758    5.987574    6.283185    0.599254    0.438806    0.395577    0.346926    0.292189    0.219193    0.161664    0.070626    0.041753    
1.775559    3.301927    3.833817    4.049096    4.259563    4.541198    4.968522    5.271034    6.102339    6.283185    0.572870    0.430608    0.389253    0.348252    0.308518    0.250528    0.194460    0.139345    0.064303    0.035327    
