 8    -4.403326    4.547749    0.791739
0.050657  0.392329  0.609438  -0.588129  1.443758  0.402090  0.166803  0.853984  1.658907  0.699776  -1.693152  -0.962174  -2.420045  -0.416890  -0.337671  0.421032  -1.120160  -0.961434  0.302471  0.846941  0.373882  -0.822025  -1.224561  -0.630809  -1.119728  -0.142730  0.364224  -0.979682  
-0.149336  0.175789  0.862459  -0.179040  0.192366  0.238128  0.212122  0.273544  
 1    -2.251452    0.302839      0.759596   3549.000000      0.561260
 2    -3.366068    0.657927      0.884119   7115.000000      1.351101
 3    -3.884852    0.787690      0.942077   12547.000000      2.682735
 4    -4.225036    0.892642      0.980082   19531.000000      4.731796
 5    -4.323735    0.955499      0.991108   31730.000000      9.275591
 6    -4.373337    0.978642      0.996650   43278.000000     14.666341
 7    -4.387318    0.986851      0.998212   63930.000000     25.669105
 8    -4.396083    0.995842      0.999191   97446.000000     45.048900
 9    -4.400416    0.998483      0.999675   146612.000000     78.447036
10    -4.401872    0.999319      0.999838   227205.000000    139.521023
5.394272    0.697610    
2.891552    3.707141    0.540826    0.438029    
2.473552    2.905315    3.563285    0.571670    0.431862    0.265400    
2.203555    2.863970    2.592426    3.903940    0.613914    0.485807    0.313625    0.247026    
1.812186    2.504471    2.434472    2.773195    3.107360    0.594614    0.453270    0.384675    0.222518    0.186930    
1.349746    2.465362    2.413717    2.465873    2.749942    3.119428    0.633064    0.480172    0.398932    0.324946    0.196488    0.138516    
1.264799    2.196511    2.220651    2.327574    2.460424    2.938323    2.988051    0.622748    0.454672    0.395116    0.336179    0.265307    0.160949    0.085885    
1.260007    2.237576    2.270934    2.368008    2.517725    2.925789    2.933877    3.888354    0.623104    0.462024    0.404044    0.345160    0.267611    0.212516    0.096420    0.061083    
1.183620    2.047133    2.089866    2.172414    2.295147    2.588214    2.717755    3.121740    3.304358    0.609155    0.438836    0.387940    0.336442    0.287856    0.217158    0.173059    0.070506    0.058699    
1.012109    1.848207    2.041374    2.109774    2.197143    2.383574    2.606497    2.804936    3.217782    3.324243    0.596111    0.445983    0.398625    0.345277    0.305142    0.246852    0.194273    0.140179    0.069021    0.044382    
