 8    -5.287835    6.711482    0.076714
-0.022632  1.838848  2.505268  0.975403  1.654330  -1.869582  -0.764621  -0.785072  0.028540  -0.021013  -0.984052  -1.679671  -0.721709  0.394450  -1.455288  0.784736  0.940057  2.082766  1.098766  0.717849  0.395293  0.238120  -2.359960  -0.268181  0.140543  -0.061805  1.234644  2.880286  
-0.300000  1.000000  1.000000  1.000000  1.000000  1.000000  1.000000  1.000000  
 1    -0.222225    0.007830      0.577842   2931.000000      0.495081
 2    -0.636199    0.001807      0.612342   6319.000000      1.278550
 3    -0.826063    0.020901      0.628164   10146.000000      2.290285
 4    -1.074524    0.008673      0.648871   14848.000000      3.721429
 5    -1.156960    0.016649      0.655741   19974.000000      5.466943
 6    -1.458109    0.207658      0.680838   26207.000000      8.169422
 7    -1.581121    0.074325      0.691090   33117.000000     11.287787
 8    -1.652598    0.068385      0.697046   42597.000000     16.930268
 9    -1.731074    0.014719      0.703586   52881.000000     23.893755
10    -2.652142    0.379513      0.780346   61780.000000     29.842145
5.591199    1.194051    
5.709413    1.048693    1.052205    0.898059    
2.658988    2.120042    5.822556    0.391161    0.497558    0.327742    
0.000000    0.110071    1.814518    6.240989    0.962857    1.082690    0.430631    0.627987    
5.509248    1.535080    4.884326    0.814473    5.359796    1.251019    0.304207    1.019553    1.342264    0.337776    
0.526636    0.781138    1.290141    2.962279    1.034120    3.379991    1.110042    0.684139    0.293838    0.097068    0.461590    1.255226    
5.626111    5.135572    5.881151    6.283185    5.791042    6.283185    4.489401    1.184727    1.435235    0.465820    1.151352    1.419052    0.216093    1.472686    
5.759664    1.531078    4.740560    1.416941    2.269507    3.725663    3.844249    5.538903    1.290790    0.437294    1.048713    1.417029    1.223429    0.487691    1.087478    1.311540    
5.648529    1.017416    5.276018    3.295709    2.678258    4.372561    1.230890    5.166182    4.579844    0.990500    0.926383    0.928479    1.255380    1.397616    1.382017    1.424137    0.088868    1.434123    
0.000000    0.496021    1.187468    4.597379    5.155710    3.404702    5.234687    4.619977    1.772134    4.087497    0.834629    0.699018    0.278754    1.369814    1.333381    0.227943    0.163760    1.346466    1.437392    1.452780    
