 8    -3.451934    4.440951    0.675689
-0.253089  -0.637147  -1.909595  -0.106139  0.001714  -0.962448  0.254333  -1.112221  0.210460  1.389632  0.656688  -0.053128  0.415673  0.704063  -0.896223  0.479744  1.144388  2.050119  0.674869  -0.860506  0.399698  -0.648903  0.244611  -0.701113  -0.574387  -0.681646  0.402290  1.027078  
-0.208183  0.262135  0.238329  -0.193765  -0.807774  -0.196124  -0.165726  -0.293054  
 1    -1.745941    0.284000      0.783857   3504.000000      0.571701
 2    -2.676095    0.668612      0.901704   7320.000000      1.407004
 3    -3.060525    0.807387      0.950410   12227.000000      2.639006
 4    -3.326009    0.911282      0.984046   21224.000000      5.281234
 5    -3.397466    0.973829      0.993099   29718.000000      8.571658
 6    -3.431039    0.988305      0.997353   43500.000000     14.531059
 7    -3.442243    0.994428      0.998772   66077.000000     26.294748
 8    -3.449381    0.998940      0.999676   92325.000000     42.035386
 9    -3.451355    0.999775      0.999927   156035.000000     85.641357
10    -3.451628    0.999880      0.999961   216826.000000    134.376269
4.862377    0.709816    
2.717013    3.336741    0.559516    0.431198    
2.331470    2.648910    3.231831    0.580964    0.432981    0.251891    
2.131627    2.629384    2.385184    3.570763    0.624460    0.485439    0.309999    0.241021    
1.824326    2.283447    2.188658    2.571231    2.748128    0.597660    0.446694    0.373045    0.214217    0.177995    
1.223032    2.273056    2.218156    2.245088    2.531280    2.861196    0.634443    0.484168    0.401164    0.323175    0.199871    0.132354    
1.191653    2.043965    2.064063    2.143966    2.281774    2.705695    2.820193    0.629299    0.459713    0.397657    0.335075    0.264256    0.159717    0.078462    
1.139397    2.035646    2.060030    2.147697    2.298600    2.677315    2.701729    3.531715    0.631061    0.461720    0.405248    0.348443    0.269300    0.210663    0.096862    0.055343    
1.079156    1.833926    1.857630    1.914379    2.013919    2.249887    2.421394    2.717441    3.139221    0.614790    0.431800    0.381466    0.331504    0.284264    0.211260    0.172221    0.072458    0.051473    
0.869390    1.496409    1.745651    1.817040    1.902831    2.033377    2.285436    2.473135    2.890040    3.008039    0.571992    0.424600    0.386643    0.341187    0.303285    0.250156    0.195403    0.146666    0.065503    0.040410    
