 8    -5.253674    4.888646    0.102670
0.286737  -1.614226  -2.273977  -0.592228  0.483037  0.143706  -2.061878  -0.378867  -1.044350  -0.467956  -1.944020  -0.360842  -0.845624  -0.393506  -0.128412  1.699103  -0.205102  -1.353236  0.078569  -0.912648  0.287707  0.720950  2.542370  1.214664  -0.456812  -0.948636  -0.651693  1.089899  
-0.300000  1.000000  1.000000  1.000000  1.000000  1.000000  1.000000  1.000000  
 1    -0.589875    0.001548      0.540164   2910.000000      0.493566
 2    -0.893487    0.017143      0.570100   6409.000000      1.301026
 3    -0.975861    0.001690      0.578221   9548.000000      2.190832
 4    -1.269537    0.001410      0.607177   13989.000000      3.486571
 5    -1.458587    0.001716      0.625817   20096.000000      5.588231
 6    -1.428083    0.019179      0.622809   26073.000000      8.372109
 7    -1.626231    0.004789      0.642346   34101.000000     12.282883
 8    -1.815108    0.019779      0.660969   41125.000000     16.410911
 9    -1.804101    0.016418      0.659883   53344.000000     24.973702
10    -1.885722    0.105280      0.667931   63839.000000     34.530282
5.466151    1.059204    
3.576319    1.648542    0.847655    0.633291    
5.521616    3.466581    2.534930    1.060762    1.304324    1.335920    
5.586166    3.346689    2.896145    6.283185    0.984651    1.206384    1.357293    0.270935    
5.535014    3.328409    2.701096    6.283185    6.283185    1.048980    1.238145    1.315588    0.250364    0.215527    
5.520752    5.722771    1.560650    1.701425    5.795595    2.968416    1.090396    1.301935    1.457839    1.475074    0.246221    0.257678    
5.566728    3.372846    2.714558    6.283185    6.053577    4.679584    1.990208    1.061493    1.256528    1.335069    0.240055    0.129873    1.403620    0.173293    
5.495754    3.337052    2.618341    6.213731    4.669341    3.518053    2.270795    6.215529    1.069437    1.275828    1.286551    0.390306    0.134215    0.393036    1.276328    1.496150    
5.611821    3.485569    2.587723    6.283185    6.074151    4.660292    2.127979    5.826794    3.824088    1.087415    1.255239    1.348290    0.282593    0.177537    1.354075    0.267791    1.350854    0.065143    
3.398792    1.941640    4.540889    6.247855    5.529283    4.036253    1.656556    2.630353    4.058445    3.745717    0.945598    0.731227    1.391278    1.002465    0.114436    1.349191    0.337659    1.362060    1.378111    1.434077    
