 8    -4.822632    4.360647    0.364683
-0.387979  1.027428  -0.161652  -1.247563  0.865654  -0.059300  -0.902750  -0.009563  0.619805  0.494273  0.241427  -0.782034  -0.710795  0.554494  0.314347  0.665382  0.619601  0.789661  0.478173  -0.066191  0.159553  -1.213747  -1.279232  -1.144129  -0.167654  0.087212  -3.364413  -1.137771  
-0.300000  1.000000  1.000000  1.000000  1.000000  1.000000  1.000000  1.000000  
 1    -0.959331    0.005493      0.579311   3060.000000      0.510322
 2    -1.364670    0.002285      0.623450   6030.000000      1.188252
 3    -1.459921    0.021132      0.633822   9137.000000      2.052877
 4    -1.507167    0.067960      0.638967   12939.000000      3.145196
 5    -1.694119    0.011006      0.659325   17103.000000      4.635188
 6    -1.863061    0.104507      0.677722   21650.000000      6.537710
 7    -2.425214    0.271759      0.738937   28578.000000      9.894913
 8    -2.500633    0.345157      0.747149   34046.000000     13.305912
 9    -2.830221    0.428022      0.783039   43706.000000     19.718436
10    -2.661498    0.322440      0.764666   54685.000000     27.911883
0.420288    0.552406    
0.344838    0.427709    0.800967    0.425833    
0.367239    0.373122    4.951043    0.794337    0.469274    1.393794    
0.341071    0.723136    0.413118    5.742238    0.687016    1.145292    1.102717    1.404087    
0.351786    0.391673    5.409109    5.120493    0.440471    0.786005    0.439140    0.203775    1.307442    1.364784    
0.336675    0.325467    5.572054    2.182901    4.876614    4.436617    0.740622    0.469157    0.147559    0.101431    0.110213    1.342839    
0.297210    0.320889    0.686060    0.421423    5.273271    3.513270    4.339550    0.726436    0.487827    1.154627    1.148312    0.225983    1.374023    0.156087    
0.400479    0.825305    1.258634    2.657163    2.947036    2.983646    2.395240    2.980338    0.717894    1.183925    1.350900    1.429788    1.298353    1.361514    0.186839    0.177650    
0.326791    0.321593    0.778213    1.707358    5.152193    3.031781    3.390970    2.999915    1.327330    0.741782    0.446198    1.225569    0.151601    1.342832    1.342197    0.185894    0.199254    1.421299    
0.330668    0.325104    0.754889    1.699482    4.266943    2.004260    3.468844    3.961764    0.692523    1.255735    0.759217    0.397921    1.255630    0.199208    1.398594    1.436523    0.195535    0.176652    0.063058    0.166297    
