 8    -3.976341    3.713786    0.054053
-1.105140  -1.607770  -1.264305  -0.061869  -0.944557  -1.679209  -0.822992  -0.049193  -0.700455  0.428230  -1.542561  0.340174  1.443574  -0.181025  0.498420  0.636785  -0.874873  -0.610991  0.944186  0.764858  0.946040  -0.456936  -0.665911  -1.666717  -0.734193  0.241131  1.866028  0.123527  
-0.323906  0.112877  -0.215252  -0.159961  -0.895660  0.176465  -0.162577  -0.283570  
 1    -2.325479    0.276741      0.785327   3714.000000      0.594957
 2    -3.099962    0.624913      0.886038   7457.000000      1.443587
 3    -3.456957    0.717368      0.932461   12815.000000      2.753158
 4    -3.790170    0.850718      0.975791   19625.000000      4.894141
 5    -3.868064    0.937669      0.985920   29894.000000      8.879998
 6    -3.915695    0.974626      0.992114   48146.000000     16.741437
 7    -3.920862    0.977375      0.992786   65233.000000     26.375444
 8    -3.938633    0.982409      0.995096   110417.000000     54.327943
 9    -3.957354    0.991071      0.997531   195751.000000    113.721114
10    -3.964075    0.994238      0.998405   278941.000000    182.334549
5.416188    0.737188    
2.701078    3.395828    0.479190    0.460962    
2.395781    2.750788    3.690775    0.548244    0.439300    0.243688    
2.227844    2.612594    2.299491    4.228960    0.581429    0.464560    0.306162    0.263041    
1.876825    2.376356    2.297345    2.739107    2.916821    0.575536    0.440826    0.361398    0.194260    0.193115    
1.898969    2.336774    2.304620    2.923218    2.621491    6.091177    0.566636    0.448489    0.363209    0.208475    0.265524    0.103573    
1.816520    2.320999    2.318332    2.813490    2.729132    6.283185    2.940879    0.567159    0.449354    0.370893    0.223118    0.270231    0.105257    1.542097    
1.620070    2.232001    2.296764    2.636684    2.583976    5.578900    4.892007    0.739901    0.602531    0.458419    0.391796    0.289287    0.311040    0.231036    1.192495    0.405401    
1.246652    2.363291    2.318997    2.408518    2.709367    2.979515    6.282594    0.201375    2.924424    0.645608    0.465713    0.395754    0.337022    0.204189    0.229250    1.570796    0.099706    1.537693    
1.189519    2.362932    2.297544    2.355587    2.599102    2.957264    5.637513    0.170809    4.724345    0.777172    0.639115    0.468344    0.399637    0.347706    0.228674    0.265547    1.234475    0.512390    1.391395    0.196873    
