 8    -3.728135    4.992384    0.193530
-1.271091  0.176137  -0.296216  0.326929  -0.973419  0.227681  -0.819328  0.107223  0.975278  0.081974  -0.476623  -1.492172  -0.403465  0.694778  0.212153  0.090990  -1.548855  -0.044827  1.556763  1.947111  -0.785140  -2.139212  -1.264259  0.294987  0.806489  0.277670  -1.243845  0.787274  
0.447899  0.461870  0.286506  -0.498617  0.488427  0.536546  0.293968  -0.403776  
 1    -1.986958    0.372149      0.800336   4329.000000      0.687484
 2    -3.065369    0.729629      0.923999   7859.000000      1.530666
 3    -3.564962    0.933229      0.981289   11947.000000      2.528547
 4    -3.595943    0.951705      0.984841   17691.000000      4.184322
 5    -3.701034    0.990267      0.996892   25092.000000      6.857296
 6    -3.648115    0.972859      0.990824   35624.000000     11.393436
 7    -3.706899    0.990703      0.997565   50790.000000     19.374691
 8    -3.657380    0.972513      0.991886   78108.000000     35.687685
 9    -3.661551    0.972235      0.992365   106883.000000     55.596365
10    -3.707979    0.992140      0.997689   151632.000000     89.741140
1.990976    0.554401    
1.596247    1.983741    0.777558    0.411461    
1.365997    1.441083    1.613993    0.696727    0.512379    0.286984    
1.298074    1.404684    1.591421    3.750238    0.685838    0.513538    0.320425    1.514201    
0.992795    1.315718    1.289782    1.523057    4.191526    0.642122    0.533883    0.390923    0.223411    1.520444    
1.158273    1.358937    1.538257    3.720782    4.438415    4.221904    0.655577    0.541021    0.363136    1.441570    0.096409    1.529724    
0.911674    1.295175    1.213727    1.403308    3.849661    4.278011    6.283185    0.642596    0.525905    0.400153    0.259181    1.493632    0.042896    0.026043    
1.130727    1.380584    1.532042    3.615374    4.409598    6.283185    6.270384    4.663914    0.657840    0.549608    0.369963    1.448885    0.086085    0.051806    0.031721    1.529030    
1.128911    1.392660    1.528161    3.611142    4.449335    5.558895    3.000831    4.169662    4.434002    0.661507    0.553135    0.368479    1.453332    0.068807    0.000000    1.508072    0.062843    1.518809    
0.919346    1.292011    1.205071    1.395143    3.897598    4.062810    6.264251    5.838948    4.442954    2.101369    0.642138    0.523092    0.396960    0.255873    1.488286    0.045522    0.016387    1.570796    1.549711    1.564775    
