 8    -4.039774    5.709799    0.351766
0.277660  1.805239  -0.840097  -0.895218  0.561813  -0.478703  0.312600  -1.203183  -1.609399  -0.798519  -0.206177  -0.118149  0.223079  0.612972  1.086046  0.936871  -0.778794  1.019699  0.968641  1.117000  -0.644645  -0.159126  -1.731727  2.054992  -1.788954  -1.960834  0.559302  -0.342946  
0.259854  -0.236334  -0.255853  -0.195208  0.251516  0.100757  -0.674995  0.123178  
 1    -2.206307    0.293504      0.811944   3378.000000      0.533009
 2    -3.278025    0.623466      0.921868   7124.000000      1.342293
 3    -3.720922    0.789856      0.967296   12298.000000      2.665263
 4    -3.916231    0.889296      0.987328   18910.000000      4.573993
 5    -3.967285    0.928487      0.992565   31268.000000      9.191849
 6    -4.002188    0.965960      0.996145   49122.000000     17.453219
 7    -4.024496    0.987890      0.998433   72278.000000     29.254661
 8    -4.035376    0.997634      0.999549   107818.000000     50.835377
 9    -4.037711    0.998822      0.999788   165804.000000     90.787715
10    -4.038473    0.999236      0.999866   229426.000000    141.423164
5.620434    0.612898    
3.871765    5.031205    0.674874    0.380602    
3.176260    3.742717    4.687233    0.624869    0.495579    0.270399    
2.598493    3.633314    3.396765    4.351011    0.637227    0.504164    0.358708    0.214934    
1.893152    3.236640    3.242928    3.459514    4.239072    0.628254    0.499091    0.420368    0.302354    0.153807    
1.843644    3.186374    3.077243    3.165588    3.622263    4.537119    0.651425    0.493471    0.411395    0.327951    0.226950    0.091245    
1.718228    3.066381    3.060913    3.112281    3.532288    4.034218    5.260262    0.633858    0.498649    0.421307    0.337856    0.258091    0.162527    0.073264    
1.540945    2.809180    2.831532    2.920291    3.181155    3.685592    4.057369    4.732108    0.637574    0.479371    0.418805    0.358798    0.287134    0.216324    0.123169    0.063910    
1.392126    2.489229    2.603471    2.660349    2.805034    3.145707    3.460856    3.939155    4.283962    0.619728    0.455432    0.405091    0.350833    0.300417    0.232398    0.174610    0.100822    0.052217    
1.280795    2.313354    2.501180    2.473771    2.180473    2.113473    2.935838    3.493336    4.009192    4.157412    0.608400    0.448499    0.396960    0.323529    0.231746    0.227426    0.213713    0.159560    0.091448    0.042136    
