 8    -7.355482    4.488477    1.346498
0.054388  0.066855  -0.313268  -0.714383  0.437518  -1.693630  -1.272009  -1.185710  -1.177596  0.719244  -0.728957  1.291943  0.025615  -2.176068  -0.111670  -1.228390  0.600072  -0.060992  1.393044  -0.406947  1.332656  0.430316  2.726738  -1.551158  -0.821410  -0.160150  -1.142316  -0.558194  
-0.300000  1.000000  1.000000  1.000000  1.000000  1.000000  1.000000  1.000000  
 1    -0.544418    0.002844      0.424934   3243.000000      0.548225
 2    -1.082477    0.000921      0.470362   6314.000000      1.277901
 3    -1.452881    0.002033      0.501636   10206.000000      2.265443
 4    -1.350571    0.044905      0.492998   14130.000000      3.416611
 5    -1.599903    0.003837      0.514049   18696.000000      5.117499
 6    -1.633271    0.001923      0.516867   24524.000000      7.625753
 7    -1.619354    0.078119      0.515692   33236.000000     12.064011
 8    -2.116723    0.142450      0.557685   41569.000000     16.754686
 9    -2.225998    0.145571      0.566911   54738.000000     25.731172
10    -2.162123    0.148450      0.561518   63912.000000     33.702687
0.462723    0.510684    
0.565504    0.883831    0.738303    1.092594    
0.362984    0.741619    0.467672    0.673344    1.088662    1.161848    
0.485197    3.984535    0.590472    4.859116    0.525259    1.144129    1.358459    0.237112    
0.350872    0.742382    0.400367    1.103216    0.795633    0.677688    1.153288    1.125372    0.106978    0.145280    
0.344063    0.753362    0.408255    1.110414    0.775343    5.693583    0.670989    1.125890    1.113416    0.162615    0.114221    1.472328    
0.416463    3.983203    5.287543    2.801264    0.991162    2.359675    5.956209    0.472705    1.140395    0.289967    1.251250    0.096345    1.519061    1.370962    
0.523133    4.021109    0.595815    4.902723    2.946522    3.729088    0.970360    2.243160    0.533808    1.101728    1.361437    0.277494    1.368046    1.321217    1.296281    1.407481    
0.484406    4.024593    0.618945    4.921849    0.831692    2.103965    3.658761    1.081229    3.270744    0.523232    1.069909    1.366821    0.336239    1.446952    1.325177    1.311407    1.327767    0.099104    
0.508016    4.019711    0.599984    4.889763    2.999939    3.707960    0.922421    2.352805    5.732238    5.216427    0.532023    1.106184    1.379294    0.273984    1.375059    1.343433    1.282372    1.414130    1.499576    1.505793    
