 8    -3.961617    5.285949    1.184759
-0.217286  -0.915852  1.062431  0.444871  -0.375857  -1.325971  -0.652894  -0.842896  -0.447425  1.539325  0.027425  -0.777571  -1.614024  0.688196  -0.014051  0.026840  0.549220  0.855711  0.291851  -0.626174  -2.124388  0.198757  0.726640  -0.387585  0.110386  2.242068  -0.104016  0.801473  
-0.334333  -0.233896  -0.295133  0.254687  0.234230  -0.304696  0.349733  -0.217362  
 1    -2.154228    0.408711      0.804555   3342.000000      0.528849
 2    -3.216121    0.753242      0.919385   7011.000000      1.335443
 3    -3.765113    0.935395      0.978751   12146.000000      2.619653
 4    -3.902240    0.976709      0.993579   20477.000000      5.109900
 5    -3.938684    0.989799      0.997520   30459.000000      8.953617
 6    -3.956211    0.997995      0.999415   44775.000000     15.386527
 7    -3.959961    0.999330      0.999821   85774.000000     37.955556
 8    -3.960576    0.999646      0.999887   111328.000000     53.080794
 9    -3.961013    0.999789      0.999935   154956.000000     82.176113
10    -3.961077    0.999807      0.999942   177957.000000    101.269941
5.080418    0.551750    
3.918694    5.087150    0.802301    0.435652    
3.295944    3.312724    4.047789    0.690742    0.523755    0.316190    
2.261842    3.284884    3.189180    3.702332    0.652943    0.562158    0.407266    0.219522    
1.799470    3.160514    2.866538    3.208154    3.826441    0.674572    0.549759    0.445614    0.347966    0.144476    
1.568423    2.994434    2.852862    3.097861    3.520935    4.575168    0.679337    0.540793    0.476796    0.381039    0.253391    0.083075    
1.403570    2.597553    2.525529    2.616821    2.917025    3.330645    4.316521    0.663166    0.498363    0.446024    0.386720    0.303629    0.193094    0.074466    
1.394012    2.619237    2.555769    2.658517    2.953375    3.336384    4.160735    4.804350    0.663381    0.505198    0.453311    0.396170    0.321106    0.216702    0.118721    0.026582    
1.296947    2.359518    2.360044    2.376624    2.493241    2.710512    3.163036    3.826002    4.706463    0.646443    0.478974    0.429571    0.375971    0.312223    0.248261    0.168583    0.099703    0.024887    
1.267845    2.285281    2.347670    2.418148    2.554809    2.689612    3.038521    3.823986    4.240515    6.171656    0.639675    0.472888    0.433901    0.386808    0.315541    0.239024    0.160966    0.088610    0.008754    1.562464    
