 8    -4.447035    4.074782    0.014987
1.228264  -0.961592  -1.375194  -0.666736  -0.408250  -0.159367  -1.010143  -0.272901  1.148510  0.304371  0.659412  1.625798  -1.085026  -0.277913  0.463255  -0.990108  0.434097  -0.866149  1.488676  -0.134554  0.149314  0.151039  -1.374282  -0.378194  0.792847  -1.594435  -0.553262  -1.656346  
-0.300000  1.000000  1.000000  1.000000  1.000000  1.000000  1.000000  1.000000  
 1    -0.425912    0.002823      0.528138   3018.000000      0.506367
 2    -0.813953    0.011828      0.573673   5939.000000      1.206666
 3    -1.140803    0.028603      0.612027   9406.000000      2.093306
 4    -1.548153    0.018435      0.659828   12217.000000      3.052014
 5    -1.873652    0.009915      0.698024   18001.000000      4.966987
 6    -1.894665    0.064216      0.700490   23666.000000      7.324014
 7    -2.211433    0.017535      0.737661   29981.000000     10.517697
 8    -2.480125    0.027797      0.769191   37769.000000     15.348591
 9    -2.109630    0.038050      0.725715   51241.000000     24.271409
10    -2.385265    0.042260      0.758060   56945.000000     29.168077
0.429631    0.446745    
0.348607    5.620783    0.565177    0.353109    
0.416446    5.595083    3.777835    0.638606    0.309343    0.330405    
0.353631    0.783922    1.775919    1.833602    0.641824    1.248745    0.285187    1.285491    
0.371538    0.776293    1.796577    1.852102    1.898588    0.662982    1.235468    0.279327    1.280559    0.217753    
0.404667    5.431842    0.441965    4.046552    1.276523    4.207067    0.570350    0.322576    0.331704    1.379474    1.284671    0.171529    
0.450849    0.805122    1.788626    5.318265    3.852261    4.078603    3.792493    0.686006    1.181193    0.299152    1.375741    1.470771    0.206662    0.206387    
0.381838    0.765088    1.800733    1.868848    1.918957    5.482385    4.747367    4.302423    0.663094    1.239693    0.269921    1.257806    0.173911    1.404245    1.373616    0.194623    
0.377493    3.923468    1.724053    5.501628    4.337264    1.722494    3.686965    4.095884    3.243454    0.464790    1.388216    0.064355    1.388803    0.219934    1.414063    1.380927    0.121903    1.422423    
0.416084    5.470561    0.458336    5.259553    1.790762    6.192504    4.971211    4.827206    4.129942    3.737115    0.621759    0.394440    0.416010    1.326441    0.045257    0.150195    0.226913    0.118791    1.385796    1.451653    
