 8    -4.843151    5.105283    0.043723
1.106323  0.363394  -0.936566  0.047962  0.263298  -0.084500  -0.391316  0.255723  0.376680  -0.973780  0.143114  -1.327974  2.457710  1.226160  -0.086657  -0.573588  -0.182010  -2.922650  1.607104  -0.050218  -0.684451  0.899178  -1.532244  0.367452  -1.576856  -0.121400  -0.714569  -1.170924  
-0.300000  1.000000  1.000000  1.000000  1.000000  1.000000  1.000000  1.000000  
 1    -0.811809    0.000903      0.594776   2799.000000      0.471022
 2    -1.450466    0.000603      0.658973   5818.000000      1.154082
 3    -1.646912    0.000260      0.678719   9553.000000      2.092597
 4    -1.651269    0.000248      0.679157   12823.000000      3.104095
 5    -1.642839    0.000906      0.678310   17153.000000      4.676934
 6    -1.711615    0.000062      0.685223   22888.000000      7.236254
 7    -1.698958    0.000922      0.683951   32394.000000     11.721918
 8    -2.342188    0.001556      0.748607   42405.000000     18.011899
 9    -2.305450    0.001560      0.744915   50668.000000     24.512330
10    -2.710582    0.000513      0.785638   61876.000000     33.775577
0.397219    0.566166    
0.331021    0.414455    0.786174    0.437687    
0.269423    0.269277    0.327869    0.659137    0.494437    0.295301    
0.266955    0.267542    0.329878    2.651071    0.656878    0.493741    0.300346    1.544680    
0.333795    0.364360    1.261647    2.289181    5.145560    0.750726    0.486145    0.166438    0.125425    1.497576    
0.232155    0.266209    0.322407    1.287765    0.950358    5.236328    0.639200    0.527276    0.393149    0.151930    1.448820    0.060960    
0.343181    0.370093    1.678906    1.788250    1.878911    2.695464    3.778861    0.765810    0.498751    1.349452    0.218373    1.500775    0.150976    0.134152    
0.364244    0.391323    6.039259    6.162555    5.695741    5.398230    4.208947    6.248577    0.755903    0.535603    1.401072    1.374238    1.263855    0.010514    0.146483    1.377023    
0.363777    0.389938    5.966842    6.113575    2.954085    6.178775    2.944385    4.602105    4.554539    0.783818    0.552349    1.524410    1.417468    0.119910    1.390739    0.069398    1.443822    0.160560    
0.343573    0.386244    5.083826    3.604009    4.909339    2.598310    5.924550    2.005465    4.997430    2.981912    0.770946    0.540773    1.495979    1.395905    1.501832    1.386264    1.492130    0.217333    0.076533    1.391924    
