 8    -3.944988    3.549985    0.381664
-0.579335  -0.256799  -1.403429  0.787643  -0.286088  0.092368  0.611031  -0.920969  -0.368623  0.503275  -0.321653  -0.481067  0.552648  -0.557544  0.445270  -1.708090  -0.378939  -0.515746  -0.074162  0.108905  -0.032169  -1.117253  -1.123964  0.887982  -1.546497  -1.978429  -0.450414  0.033444  
-0.300000  1.000000  1.000000  1.000000  1.000000  1.000000  1.000000  1.000000  
 1    -1.607372    0.002640      0.688109   2964.000000      0.497118
 2    -2.614399    0.000710      0.822469   5670.000000      1.117086
 3    -2.944238    0.000704      0.866477   8895.000000      1.942724
 4    -2.360152    0.000321      0.788547   12715.000000      3.082487
 5    -2.832771    0.002028      0.851605   16405.000000      4.321012
 6    -2.913848    0.000358      0.862422   23059.000000      7.162725
 7    -2.970740    0.000073      0.870013   30333.000000     10.453933
 8    -3.234353    0.000892      0.905185   37623.000000     14.368983
 9    -3.216643    0.001241      0.902822   48101.000000     21.553332
10    -3.099215    0.000810      0.887155   63456.000000     32.714718
0.402678    0.562351    
0.334964    0.419754    0.800409    0.430063    
0.331212    0.343640    0.753974    0.754477    0.457079    1.363592    
0.357274    0.745766    0.416518    1.835585    0.696470    1.171043    1.252510    0.084006    
0.335001    0.381031    5.431411    5.125517    5.695761    0.785146    0.465994    0.133897    1.439718    1.491991    
0.336113    0.396500    1.999561    0.453072    1.778306    4.659437    0.791269    0.453484    0.242033    0.243741    1.496256    0.039080    
0.335318    0.416664    6.250289    0.821451    0.433526    1.850897    4.536581    0.804861    0.461307    0.171154    1.280223    1.324917    0.084940    1.510469    
0.316184    0.330069    0.734020    0.844588    5.907137    3.132820    0.491706    3.050341    0.737252    0.453025    1.277961    0.140838    1.489898    1.436862    1.415266    1.508719    
0.325337    0.339885    0.768140    1.771665    2.847216    0.437257    1.772912    5.038316    2.181184    0.749519    0.459093    1.326784    0.098238    0.130355    0.162282    1.505503    0.066103    0.055880    
0.335592    0.379212    1.625657    0.896853    2.973599    1.608520    1.827416    1.781528    1.953440    3.160027    0.774351    0.476614    1.396749    0.150872    0.088247    1.537009    0.085801    1.427014    0.076230    0.086338    
