 8    -3.391398    3.203281    0.087840
-0.934865  0.816632  0.671318  0.859880  0.640418  0.266168  -0.867070  -0.429947  0.784486  0.648298  -1.177462  -0.270474  0.982758  0.978122  -0.218039  -1.001104  0.680115  -0.061909  0.443576  -0.178919  -0.562895  -0.681361  1.251128  0.112286  -0.010073  -1.276786  0.717665  1.291600  
-0.300000  1.000000  1.000000  1.000000  1.000000  1.000000  1.000000  1.000000  
 1    -0.304380    0.022352      0.531893   2670.000000      0.516948
 2    -0.532277    0.027816      0.566450   6088.000000      1.447431
 3    -0.674867    0.083727      0.588072   9624.000000      2.635443
 4    -0.831539    0.101898      0.611830   13927.000000      3.616701
 5    -0.875546    0.005903      0.618503   19317.000000      5.252794
 6    -0.967144    0.024085      0.632392   25752.000000      7.832357
 7    -1.071800    0.043019      0.648262   34404.000000     12.066726
 8    -1.122224    0.127448      0.655908   42492.000000     16.862074
 9    -1.244351    0.044609      0.674427   52770.000000     23.538815
10    -1.266263    0.088138      0.677750   69720.000000     36.494633
5.565430    0.971124    
5.607005    3.120810    0.944294    1.191970    
5.465214    5.719548    3.861026    0.828812    0.788407    0.465860    
5.479550    5.746194    3.875059    4.312768    0.899975    0.847276    0.359761    0.254313    
5.859046    4.291054    6.094759    1.268698    3.396967    0.733250    0.550338    1.248388    1.204964    0.212172    
5.602338    3.546967    2.812947    3.943825    1.774078    0.618098    1.067629    1.323025    1.350308    0.245921    1.287134    0.221078    
5.585885    3.152663    2.705115    5.550094    0.836565    5.745864    2.347043    0.975637    1.268259    1.289689    1.397026    0.322906    0.173811    0.203858    
5.559668    3.523953    2.497970    4.190663    4.045520    3.525719    2.054706    3.774793    0.971344    1.273097    1.356243    0.377889    0.489298    0.121927    0.302599    1.501787    
5.790876    3.805219    2.646161    3.855471    1.727834    0.604532    2.870309    6.262596    1.248956    1.086664    1.419645    1.447174    0.343553    1.189725    0.368578    0.282119    0.262713    1.343158    
5.226517    5.604199    3.987882    4.224172    1.975481    5.385956    1.583120    4.554765    1.402016    6.068480    0.814279    0.728587    0.353132    0.067417    0.014512    0.273590    1.414349    1.407406    1.433619    0.220782    
