 8    -5.293840    7.126406    0.259857
1.736738  1.897914  -2.106773  -0.148912  0.583062  -2.259233  0.137240  -0.701213  -0.620780  -0.479620  1.209739  -1.075184  0.806919  -0.290783  -0.220948  -0.169156  1.100834  0.082511  -0.004376  -1.722558  1.057556  -2.517913  -1.910640  1.306455  0.424398  -0.469168  -1.006073  -0.921923  
-0.300000  1.000000  1.000000  1.000000  1.000000  1.000000  1.000000  1.000000  
 1    -1.481335    0.003901      0.693041   2937.000000      0.492050
 2    -1.867219    0.000394      0.724110   6084.000000      1.217160
 3    -2.028695    0.001043      0.737111   8961.000000      1.993129
 4    -2.085595    0.000075      0.741692   12650.000000      3.139889
 5    -1.975713    0.000239      0.732845   17101.000000      4.748615
 6    -2.065597    0.003560      0.740082   23392.000000      7.271369
 7    -2.056178    0.001818      0.739324   31002.000000     11.443525
 8    -2.287793    0.014787      0.757972   38876.000000     16.083680
 9    -2.285306    0.031895      0.757772   47628.000000     22.207899
10    -2.943259    0.023922      0.810746   60487.000000     31.895468
0.448690    0.534546    
0.348852    0.440305    0.810913    0.426768    
0.354404    0.339617    0.737488    0.760470    0.424662    1.372200    
0.313750    0.310469    0.719107    0.851123    0.719309    0.431969    1.270978    0.146722    
0.358698    0.416089    4.408691    6.283185    2.691720    0.792120    0.513428    0.158585    1.484462    1.459352    
0.370583    0.365279    1.274132    2.788539    5.242411    3.837299    0.777781    0.475441    0.102718    1.390478    0.125830    0.086362    
0.380441    0.384260    1.635207    2.344614    2.208631    3.718407    2.715750    0.804316    0.481840    1.437763    1.396920    1.459397    1.478682    1.507638    
0.297054    0.360447    5.433249    3.808794    5.295821    2.845824    5.967257    6.047170    0.734544    0.380848    0.137322    0.175269    1.465672    1.393320    1.344323    1.410347    
0.368379    0.437940    5.543710    5.246806    5.240971    6.283185    3.245008    3.824540    5.464699    0.796540    0.429726    0.213357    1.347724    0.086381    0.026138    1.431394    1.357370    0.140077    
0.295152    0.330543    0.759066    1.725496    5.292111    4.006092    5.924096    3.210182    2.115291    4.094283    0.728588    0.444354    1.248073    0.338530    1.272590    1.411451    1.398589    0.099515    0.155274    0.143952    
