 8    -4.874826    6.446623    0.365172
1.584050  0.306209  -0.722096  0.029006  -2.123688  -1.829934  0.920972  -0.910938  0.595995  2.324745  -0.049952  -2.065527  0.045791  0.106866  -0.384576  -0.676318  0.195727  -0.449039  -0.653854  -0.236046  1.792894  -0.558148  -2.057404  -0.646124  -0.252330  0.356522  0.378152  -0.871000  
-0.271367  0.327381  0.128606  -0.257414  -0.293403  -0.288289  0.242611  0.258389  
 1    -2.546616    0.369555      0.794354   3330.000000      0.525918
 2    -4.021302    0.711401      0.924610   7115.000000      1.364714
 3    -4.653062    0.900128      0.980412   12425.000000      2.705231
 4    -4.809433    0.950397      0.994224   19934.000000      4.956123
 5    -4.847515    0.969043      0.997588   32919.000000      9.716671
 6    -4.865746    0.992461      0.999198   50492.000000     17.963978
 7    -4.872175    0.997105      0.999766   89783.000000     40.147708
 8    -4.873131    0.998084      0.999850   147829.000000     75.578371
 9    -4.873895    0.999665      0.999918   155134.000000     81.734711
10    -4.873912    0.999634      0.999919   196723.000000    113.694182
5.368378    0.539855    
4.345737    5.519530    0.781189    0.425989    
3.578589    3.914368    4.501512    0.684644    0.530017    0.298224    
2.557670    3.704583    3.560894    4.111721    0.643401    0.545716    0.399853    0.207584    
1.850128    3.458087    3.225026    3.495827    4.113676    0.666320    0.531725    0.449955    0.344266    0.156253    
1.779953    3.381400    3.246271    3.477383    3.981019    5.157079    0.668560    0.532282    0.466211    0.368053    0.243122    0.076875    
1.581619    2.939999    2.926321    3.030739    3.392241    3.898125    4.944169    0.652405    0.497947    0.444722    0.385904    0.301264    0.191247    0.073674    
1.430274    2.651371    2.728021    2.799380    3.039618    3.379668    3.836260    4.486833    0.634916    0.480579    0.430293    0.385216    0.322225    0.236449    0.140424    0.055738    
1.429076    2.639677    2.757429    2.828431    3.060714    3.380975    3.828693    4.494645    5.500110    0.636497    0.482120    0.435881    0.390037    0.329002    0.253002    0.167380    0.097874    0.024817    
1.427582    2.588279    2.677746    2.770520    3.028884    3.368433    3.830773    4.540439    5.566888    5.713330    0.631878    0.470093    0.426757    0.387343    0.329234    0.254346    0.165936    0.092203    0.015744    1.566047    
