 8    -6.747414    4.192481    1.744864
-1.945109  0.620710  -0.432221  0.462573  0.020115  -0.392806  2.213288  1.454509  -1.097804  0.429880  0.343355  0.253077  0.832716  0.277569  -0.227005  0.024562  -1.309637  -0.479140  0.549007  -0.083391  0.370486  0.223746  -0.543539  -0.007769  -0.247837  -2.646761  -1.998196  -0.599280  
-0.300000  1.000000  1.000000  1.000000  1.000000  1.000000  1.000000  1.000000  
 1    -0.911810    0.006735      0.466576   3906.000000      0.635803
 2    -1.472959    0.002795      0.517870   6801.000000      1.321187
 3    -1.547233    0.004390      0.524659   9507.000000      2.023144
 4    -1.829652    0.019905      0.550474   13424.000000      3.180296
 5    -2.107361    0.007800      0.575859   17987.000000      4.767082
 6    -2.186804    0.000133      0.583121   24714.000000      7.639618
 7    -2.472462    0.012962      0.609233   29532.000000     10.133867
 8    -2.791739    0.019643      0.638417   36639.000000     14.902929
 9    -2.854272    0.034455      0.644133   47727.000000     21.956345
10    -3.377500    0.119007      0.691961   54884.000000     26.983152
0.392884    0.580754    
0.346380    0.411942    0.792608    0.412647    
0.345793    0.372295    5.018122    0.781494    0.438041    1.436252    
0.355204    0.358276    4.594754    3.420953    0.787397    0.485971    0.269957    1.328914    
0.315232    0.325796    3.721370    3.902198    4.012414    0.740609    0.465404    0.243656    0.147338    0.203478    
0.328963    0.303204    4.624468    3.076960    3.930037    2.476865    0.724201    0.439686    0.198791    0.201434    0.195137    1.422808    
0.338957    0.370664    4.547997    3.439165    4.548589    3.462130    3.396109    0.789753    0.428607    0.267009    1.384981    0.062066    1.344729    0.173137    
0.356531    0.366085    4.628788    3.037230    2.980736    2.017195    5.947953    3.913476    0.791531    0.478383    0.168509    0.202612    0.207186    0.064411    0.216402    0.149186    
0.334609    0.369523    5.014993    1.231093    3.426939    3.007290    3.420536    2.494893    3.414548    0.777250    0.413272    1.404034    1.402634    0.113387    0.095689    1.408860    0.176414    1.356307    
0.306315    0.349238    3.713282    2.447766    2.945598    3.970224    4.092288    5.024190    6.015586    3.808663    0.734370    0.500664    0.218321    1.344737    1.411733    1.451751    1.412618    1.494002    1.368886    1.440934    
