 8    -5.727614    4.413151    0.834160
-0.785379  0.950782  -0.027696  -1.235860  -0.578111  0.713701  -0.686916  1.087173  0.024415  -1.229610  0.309458  1.095729  1.452500  -0.108886  0.952027  -0.189320  -2.661238  -0.526750  -0.667293  1.206642  0.618741  -1.492365  0.431372  -0.099084  0.579067  -1.668932  1.581917  -0.023200  
-0.300000  1.000000  1.000000  1.000000  1.000000  1.000000  1.000000  1.000000  
 1    -0.460563    0.015024      0.480606   2661.000000      0.453570
 2    -0.552887    0.020768      0.489710   5833.000000      1.194091
 3    -0.834831    0.014072      0.517513   9509.000000      2.169047
 4    -0.937480    0.016550      0.527636   13446.000000      3.353621
 5    -1.212889    0.020401      0.554794   19187.000000      5.445095
 6    -1.215399    0.115689      0.555042   25178.000000      8.049792
 7    -1.344459    0.056909      0.567769   34328.000000     12.594189
 8    -1.510059    0.036535      0.584099   41807.000000     17.477190
 9    -1.672504    0.046961      0.600118   52631.000000     24.746397
10    -1.739133    0.185708      0.606688   63943.000000     34.924105
5.068835    0.603218    
5.091956    1.581464    0.618464    0.200301    
5.034999    3.309357    2.131003    0.571124    0.368429    0.325981    
5.027656    3.293079    2.200221    5.623862    0.544464    0.370134    0.293341    0.190800    
4.990592    3.315386    2.208353    3.875291    1.732527    0.523003    0.425099    0.345065    0.210360    0.356591    
5.187548    0.992418    6.283185    0.741798    3.335423    4.755838    0.739656    0.299320    1.185244    0.185944    0.312803    0.536159    
5.822885    4.607672    5.215232    1.606065    2.391414    6.127414    2.550636    1.259140    0.696098    1.499244    1.189120    0.223949    1.437121    1.474447    
5.290343    3.166268    2.478796    5.437994    0.898399    0.733714    2.071364    4.767706    0.433482    0.444257    0.326773    0.225735    0.175899    1.362143    1.182150    1.003148    
5.246575    1.652826    3.718995    3.854691    1.841695    1.099946    2.802578    2.442954    3.312473    0.398520    0.186240    0.856199    1.196922    1.512774    0.437374    0.187414    1.312967    0.180309    
5.121390    0.966250    6.171324    1.102347    3.079880    4.860628    1.656085    2.547513    4.851487    5.333693    0.623640    0.216570    1.298093    0.055506    0.378244    0.604395    0.340101    1.100343    1.257056    1.436372    
