 8    -4.362999    5.261601    0.596621
-1.347907  0.938718  1.021825  0.788287  -2.600565  0.373243  -1.052956  0.132503  0.415469  -0.735163  2.955965  1.631560  -0.638114  -1.002116  -0.091526  -0.602506  -0.684845  -0.295842  0.911793  0.673155  0.771728  0.885360  -0.357356  0.310439  -0.297568  0.015547  -0.755597  1.064481  
-0.759570  -0.363890  0.501957  0.568040  -0.488243  -0.679749  0.414477  -0.672020  
 1    -2.303781    0.411366      0.786046   3519.000000      0.597390
 2    -3.593948    0.757257      0.920095   7498.000000      1.484145
 3    -4.188114    0.941571      0.981829   11278.000000      2.453707
 4    -4.234824    0.953693      0.986683   16616.000000      4.067238
 5    -4.263421    0.959607      0.989654   23334.000000      6.462358
 6    -4.269782    0.965615      0.990315   32412.000000     10.375452
 7    -4.276554    0.973041      0.991018   45127.000000     17.104812
 8    -4.288542    0.977773      0.992264   60701.000000     26.809438
 9    -4.292291    0.981012      0.992653   85757.000000     44.766122
10    -4.293800    0.981662      0.992810   123336.000000     71.541542
1.332400    0.556099    
1.015929    1.324653    0.810049    0.447102    
0.858120    0.845020    1.038984    0.691194    0.517824    0.314049    
0.775871    0.828891    0.980858    2.405653    0.670643    0.536820    0.369722    1.480726    
0.736954    0.832026    0.976984    2.403721    2.769205    0.662310    0.550708    0.379698    1.421714    0.062875    
0.725190    0.838246    0.974065    2.377401    2.748442    4.071516    0.662829    0.555675    0.385361    1.412617    0.080247    0.025830    
0.717650    0.837557    0.969075    2.340343    2.675846    3.976978    2.663737    0.660758    0.557504    0.385953    1.404133    0.087490    0.056199    1.534959    
0.702620    0.841575    0.965927    2.341169    2.619671    2.581690    5.744976    4.576976    0.658468    0.563481    0.392279    1.400651    0.105617    1.505026    0.017773    0.033542    
0.700164    0.855305    0.967669    2.344869    2.725141    3.931473    4.045134    5.895388    1.226260    0.664245    0.568423    0.391872    1.403042    0.085130    0.052351    0.024681    1.496010    1.508742    
0.696880    0.858767    0.964833    2.318292    2.732000    4.036741    3.971662    4.804953    4.894351    3.879787    0.665143    0.569763    0.394131    1.403078    0.078805    0.054976    0.022707    0.030490    1.537874    1.546030    
