 8    -4.570974    4.217371    0.042483
-0.865377  -0.906804  -0.216282  -1.436207  -1.287836  0.000968  0.262022  -0.588278  -0.086633  2.495468  0.738580  -1.138786  -0.119129  -1.040382  -0.558895  -1.008352  0.341405  0.190311  -0.480779  -0.992802  1.018609  0.358448  -0.657133  -0.287619  0.822581  -0.732660  0.836864  1.419409  
0.299368  -0.173489  0.224091  0.228576  0.196149  0.167322  -0.799993  -0.161746  
 1    -2.350699    0.251968      0.747361   3699.000000      0.582401
 2    -3.450824    0.632062      0.872541   7576.000000      1.433539
 3    -4.150809    0.709325      0.952191   12046.000000      2.551419
 4    -4.178855    0.712685      0.955382   18778.000000      4.467205
 5    -4.459378    0.884302      0.987302   25807.000000      7.036782
 6    -4.556546    0.973706      0.998358   36144.000000     11.379079
 7    -4.340844    0.884701      0.973814   42107.000000     14.141073
 8    -4.509748    0.902844      0.993033   88704.000000     43.041303
 9    -4.498014    0.961357      0.991698   119174.000000     64.632917
10    -4.511666    0.970625      0.993252   224263.000000    146.551735
5.790633    0.746814    
3.121583    4.369186    0.606219    0.439804    
2.772143    3.236327    4.803795    0.612167    0.518432    0.300393    
2.715256    3.257367    5.091068    6.283185    0.604247    0.541764    0.281700    1.519206    
2.260496    3.040509    2.750086    4.629329    6.283185    0.608162    0.486428    0.374842    0.255488    1.547594    
1.425782    2.576266    2.511666    2.562417    2.725065    3.880872    0.640479    0.478020    0.401185    0.342338    0.240288    0.172449    
2.146422    3.128381    3.225002    6.065064    5.028801    6.283185    6.283185    0.570259    0.480743    0.372604    1.570796    1.282869    1.460192    0.020348    
1.999846    2.911851    2.859998    3.764811    6.283185    4.377892    3.169753    5.156811    0.643498    0.499083    0.406517    0.285844    1.393147    1.306501    1.312831    1.373801    
1.781302    3.064178    2.950509    3.404763    5.986241    4.979741    5.110964    4.856657    6.283112    0.681490    0.506833    0.410098    0.356010    1.570796    1.336785    1.452787    1.570796    0.055320    
1.781768    2.892741    2.863801    3.619186    6.283185    5.024503    5.263726    6.281992    4.267814    4.389094    0.652805    0.493825    0.412623    0.345457    1.508404    1.315433    1.552795    0.205362    0.142247    0.115235    
