 8    -4.471666    3.375500    0.276025
0.441145  -0.576500  -1.269955  -2.450535  1.899251  -0.074970  -0.255748  -0.274553  -0.856710  0.858997  0.574482  0.136117  -0.110739  0.963468  0.789986  -0.354507  0.655454  -1.442845  0.516226  1.165711  -0.683643  -0.198090  0.540971  0.441133  0.138034  -0.057272  -1.105156  0.767905  
-0.300000  1.000000  1.000000  1.000000  1.000000  1.000000  1.000000  1.000000  
 1    -0.213014    0.015053      0.457301   2553.000000      0.450495
 2    -0.315318    0.009410      0.470338   5653.000000      1.193904
 3    -0.626596    0.027384      0.510005   9476.000000      2.232033
 4    -0.891834    0.028576      0.543806   14360.000000      3.743999
 5    -0.827191    0.068814      0.535568   21045.000000      6.715443
 6    -1.063182    0.076407      0.565641   27305.000000      9.182997
 7    -1.131396    0.067922      0.574334   33217.000000     11.336063
 8    -1.234166    0.004459      0.587431   43334.000000     16.974870
 9    -1.211977    0.047868      0.584603   53799.000000     23.463873
10    -1.475491    0.058455      0.618184   71060.000000     35.822371
0.283846    1.306693    
0.397946    1.172062    1.299527    1.373304    
4.158398    6.092004    0.760625    0.216525    0.950045    0.346993    
4.077197    2.315261    4.898363    4.886158    0.767498    0.901149    0.543373    1.385632    
5.338854    6.075579    3.597615    4.359140    4.625044    1.206995    1.080280    1.161395    0.339732    0.480101    
5.476129    6.025463    3.352737    1.441381    4.238004    1.225884    1.420574    1.407743    1.048801    0.489898    0.416770    0.155786    
0.472555    0.848747    5.556456    4.559698    5.612965    5.295941    1.257177    1.311997    1.153780    0.211544    1.162328    1.301054    0.240122    0.268395    
5.790591    2.906163    6.223655    1.774206    0.717552    2.598471    4.673483    3.102984    0.953420    0.244230    0.790467    0.235842    0.278042    1.415425    0.389328    0.343519    
0.289962    0.694561    1.042321    5.429548    4.591017    5.601709    0.619749    1.718676    4.166810    1.141161    1.329220    1.243906    0.208980    1.100865    1.342054    0.225741    1.509294    0.313402    
0.400791    0.881520    0.895110    6.029650    3.647661    3.516124    2.040106    6.010352    2.750524    5.813283    1.059322    1.351195    1.211530    0.248681    1.219360    1.290619    1.392047    0.393955    0.125766    1.447916    
