 8    -6.154875    4.783670    0.963965
0.779165  0.433715  -0.868448  0.416689  -0.606075  0.537735  -1.068886  0.371192  -1.583441  0.551922  -1.085115  0.775944  0.416375  0.780529  0.033247  1.286144  2.901189  0.521076  1.021167  -0.454762  -1.219863  -2.057769  0.471433  -0.316541  -0.748170  0.918634  -0.860999  -3.374013  
-0.300000  1.000000  1.000000  1.000000  1.000000  1.000000  1.000000  1.000000  
 1    -0.628530    0.003743      0.494782   2985.000000      0.550695
 2    -0.809964    0.002236      0.511369   5866.000000      1.234279
 3    -1.042958    0.000289      0.532669   9341.000000      2.194782
 4    -1.362333    0.007667      0.561867   13324.000000      3.227310
 5    -1.411865    0.005130      0.566395   17306.000000      4.641897
 6    -1.758842    0.001826      0.598115   23461.000000      7.302350
 7    -1.959396    0.052008      0.616450   29272.000000     10.246534
 8    -2.029008    0.153713      0.622814   38355.000000     15.198934
 9    -1.967735    0.056565      0.617212   49039.000000     21.983745
10    -2.332726    0.053464      0.650580   61203.000000     31.143472
0.531492    0.511044    
0.514439    5.407110    0.311436    0.429749    
0.552907    3.164095    1.210168    0.392424    0.296678    1.352769    
0.572447    2.553714    1.309294    0.840305    0.361184    1.417848    0.439734    0.457179    
0.496698    2.679482    6.028284    3.592465    3.024720    0.434063    1.388311    1.337394    1.446590    0.244037    
0.562951    2.768085    1.281075    1.733772    4.302884    3.596240    0.377748    1.318356    0.261652    0.126148    0.245144    0.227805    
0.500459    5.310380    1.668969    5.220283    4.036375    4.777611    3.996498    0.504784    0.220732    1.294747    0.200219    0.129992    0.180780    0.249318    
0.434241    5.281907    1.562419    2.992791    5.389639    3.521783    3.577195    5.111169    0.433548    0.158618    1.207845    1.359813    0.189063    1.314752    1.396509    1.368031    
0.602429    3.188677    1.052606    4.657316    5.717684    5.585209    3.052423    2.631651    1.930837    0.420202    0.314304    1.346273    1.447645    1.362178    1.357798    0.343720    1.445376    1.419914    
0.668422    0.496375    3.678898    4.807383    3.996558    1.401269    5.047879    5.334494    6.108602    5.509464    0.289035    1.069208    0.220998    0.307502    0.216849    1.333021    1.432428    0.144674    0.152778    1.440278    
