 8    -4.003053    3.556975    0.256872
0.108446  0.858697  -0.303699  -1.112064  2.308893  -1.048867  0.947621  0.883204  0.070424  0.041427  -0.289262  -0.204524  -0.044850  -0.477368  -1.277278  -0.027820  0.445678  0.686520  0.828148  0.253911  1.334424  -0.953863  -1.115720  -0.769460  0.716565  0.511641  -1.385294  -0.167641  
-0.300000  1.000000  1.000000  1.000000  1.000000  1.000000  1.000000  1.000000  
 1    -0.338193    0.001266      0.515232   2913.000000      0.500606
 2    -0.504787    0.002698      0.537268   6253.000000      1.292955
 3    -0.662030    0.000595      0.558067   9707.000000      2.329287
 4    -0.773918    0.002891      0.572867   13555.000000      3.597596
 5    -1.101599    0.125340      0.616211   18029.000000      5.680389
 6    -1.109718    0.126464      0.617285   24583.000000      7.535720
 7    -1.224404    0.154021      0.632455   31964.000000     11.009900
 8    -1.305046    0.007711      0.643122   41993.000000     16.823352
 9    -1.385875    0.151028      0.653814   51646.000000     23.400689
10    -1.534322    0.197720      0.673449   66118.000000     34.324755
0.444578    0.602632    
0.423702    4.461109    0.713262    0.304407    
0.376267    5.822097    4.950338    0.530153    1.280311    0.316627    
0.360636    5.833001    4.986536    6.038683    0.548595    1.320038    0.376034    0.230552    
0.416920    5.783432    3.667682    5.953578    0.494128    0.572311    1.094652    1.275370    1.198539    0.264992    
0.421505    5.769505    3.663809    5.851574    3.585938    1.055081    0.543499    1.128753    1.334077    1.229008    1.333443    0.168439    
0.555553    4.202614    5.260885    1.892031    5.987423    4.972643    2.099219    0.757301    0.288776    1.352274    0.912043    0.301612    1.276172    0.133801    
0.384284    0.430461    2.592609    4.750658    3.405418    5.124433    4.731360    3.420055    0.797558    0.376523    1.274158    0.123112    0.124766    0.342087    1.457798    1.446436    
0.590746    4.219191    5.225911    1.978336    5.975071    5.120491    2.398162    2.329250    0.756305    0.759457    0.257096    1.314221    0.780786    0.380264    1.437220    0.255719    1.278449    0.284183    
0.424130    5.760131    3.757362    5.839838    0.528986    3.071120    0.834935    5.526026    4.487618    6.043517    0.548929    1.121686    1.373227    1.197240    0.188552    1.314937    0.205766    0.143134    0.130086    0.035798    
