 8    -3.956688    3.851190    0.277739
1.197643  -0.714573  -0.331470  0.595437  0.338292  0.659938  -0.500032  0.115505  -0.342145  -0.596453  -0.067084  1.545699  -0.413591  0.960188  -0.016378  0.482895  -0.638031  0.569905  -2.400921  0.158575  0.180194  -0.618764  0.041434  1.062451  0.299904  0.768707  0.849697  -0.345409  
-0.300000  1.000000  1.000000  1.000000  1.000000  1.000000  1.000000  1.000000  
 1    -0.186643    0.005167      0.517148   2988.000000      0.501916
 2    -0.426508    0.034056      0.547869   5660.000000      1.168707
 3    -0.617725    0.034505      0.572360   9561.000000      2.162402
 4    -0.682737    0.135207      0.580686   14333.000000      3.564109
 5    -0.799641    0.025840      0.595659   19372.000000      5.315998
 6    -0.980747    0.161641      0.618854   26128.000000      8.119277
 7    -1.067369    0.025648      0.629948   33147.000000     11.653881
 8    -1.150596    0.087977      0.640607   40324.000000     15.873869
 9    -1.291351    0.172179      0.658635   51648.000000     23.298058
10    -1.464463    0.133404      0.680806   62343.000000     31.396711
2.388217    0.513698    
2.426794    1.094393    0.344033    1.208870    
2.656711    0.966122    2.636269    0.373541    1.062036    0.682151    
2.264768    3.016922    5.771168    3.136122    0.552226    0.976061    1.107763    0.226249    
2.600143    0.953297    2.738553    4.837310    4.483822    0.392824    1.064545    0.751241    0.129863    0.253127    
2.303480    2.936130    5.598654    3.164479    6.283185    1.415235    0.627142    1.086202    1.163486    0.260305    1.366239    0.257809    
3.072498    0.847050    5.947738    3.467115    3.848546    3.416209    3.317404    0.318700    1.186092    0.449238    0.125748    0.280902    0.335353    1.163978    
4.247704    5.643058    1.753864    3.103506    4.705920    1.047791    4.608194    2.384194    0.814491    0.253451    1.402613    1.166550    1.025561    1.448177    0.158935    0.188044    
2.306672    2.863448    5.656419    3.104528    6.014374    1.643125    4.589990    4.794249    0.241296    0.584402    1.069123    1.203484    0.282772    1.363062    0.323164    0.273698    0.547463    1.337043    
2.757164    1.027607    6.126718    2.584321    5.570677    2.199124    1.767548    4.876829    0.936428    5.322288    0.261786    1.284315    0.283922    0.233429    1.373245    0.139055    0.257112    0.328189    1.281666    1.327940    
