 8    -4.705857    3.917793    0.187597
-1.789561  -0.620432  -1.171035  0.148565  0.893654  -1.575155  -0.288518  -0.152455  -0.774642  -0.676979  1.407445  0.790398  -1.298069  -1.898607  -0.394314  -0.811435  0.276450  0.234359  -0.670887  0.533213  -0.724677  0.912850  0.602760  -1.331720  -1.004301  -0.549175  -1.811160  -1.036142  
-0.303101  -0.247622  -0.217021  -0.230236  -0.203033  0.674987  -0.182520  -0.183984  
 1    -2.542378    0.311938      0.749123   3081.000000      0.492005
 2    -3.778026    0.664429      0.892409   6723.000000      1.287693
 3    -4.348007    0.783982      0.958504   11585.000000      2.492647
 4    -4.605303    0.902156      0.988340   17886.000000      4.266023
 5    -4.608840    0.911070      0.988750   27007.000000      7.625908
 6    -4.691763    0.980816      0.998366   39156.000000     13.178981
 7    -4.698785    0.990525      0.999180   60375.000000     24.135172
 8    -4.649664    0.940063      0.993484   85744.000000     39.731716
 9    -4.703787    0.998367      0.999760   145885.000000     80.785567
10    -4.704290    0.999216      0.999818   202437.000000    126.683590
5.479817    0.646584    
3.163827    4.372746    0.652067    0.420324    
2.666145    3.098810    4.223863    0.619959    0.508884    0.292684    
2.215101    2.995754    2.714280    4.077888    0.638808    0.498879    0.373222    0.253031    
2.206460    2.973305    2.695083    4.124119    6.283185    0.638782    0.493587    0.381242    0.232180    1.542651    
1.402898    2.510714    2.438120    2.458989    2.688438    3.513307    0.647460    0.490852    0.408625    0.343328    0.240638    0.148555    
1.307382    2.283477    2.311062    2.384686    2.567787    3.020447    3.567650    0.631816    0.469954    0.413095    0.355959    0.284816    0.192198    0.078579    
2.040937    2.890006    2.727661    3.520588    6.283185    4.002482    3.036448    4.484107    0.656006    0.506829    0.403332    0.259255    1.375373    1.328409    1.350086    1.420259    
1.261120    2.189896    2.206478    2.317497    2.480324    2.839051    3.115905    4.653404    6.220167    0.626721    0.456246    0.407292    0.358740    0.297066    0.210366    0.137083    0.013703    1.537921    
1.196632    2.106595    2.173287    2.272870    2.407987    2.678613    2.961142    4.042727    6.283185    5.567944    0.620368    0.457700    0.409343    0.361514    0.309771    0.232465    0.169124    0.050866    1.523860    1.541910    
