 8    -3.467490    6.352079    0.072099
0.820438  1.229717  -0.763083  1.311323  -0.551206  2.015658  0.939756  -0.160168  -0.856489  0.569047  -0.021903  0.634637  0.393135  0.478060  2.245525  -1.140656  1.852895  -0.015412  -1.308539  -0.218185  0.112809  -1.249093  0.224914  0.503418  0.092632  -0.864026  -0.516825  -0.704061  
0.182156  0.055797  0.161047  -0.141675  -0.115694  0.799994  -0.105931  -0.140503  
 1    -1.762157    0.158507      0.826333   3444.000000      0.578991
 2    -2.914425    0.503280      0.943677   7388.000000      1.410907
 3    -3.098374    0.618838      0.962410   12767.000000      2.826281
 4    -3.311824    0.752351      0.984147   20837.000000      5.140328
 5    -3.411647    0.802068      0.994313   33155.000000      9.848727
 6    -3.443105    0.852567      0.997517   53762.000000     19.498534
 7    -3.453831    0.882679      0.998609   82085.000000     33.527873
 8    -3.459106    0.917220      0.999146   110186.000000     49.661809
 9    -3.462131    0.940294      0.999454   173812.000000     93.364534
10    -3.463666    0.961451      0.999611   247089.000000    150.273932
6.283185    0.743417    
4.386287    6.278826    0.370042    0.534406    
4.044885    5.186135    6.283185    0.477667    0.427582    0.217877    
3.585612    4.872960    4.614251    6.283185    0.599915    0.452701    0.243088    0.267647    
2.747656    4.210132    4.276544    4.678507    6.283185    0.551299    0.436900    0.372070    0.202041    0.226021    
2.229218    4.098599    4.173267    4.437080    4.784251    5.906236    0.599686    0.443786    0.374428    0.308020    0.171290    0.156816    
2.142811    3.716007    3.961445    4.290430    4.514907    5.329124    5.529564    0.595597    0.431684    0.375194    0.319345    0.250828    0.137032    0.097650    
2.012498    3.706451    3.938615    4.231314    4.562490    5.127061    5.205942    6.283185    0.590036    0.437712    0.385457    0.327739    0.256948    0.203098    0.089027    0.069160    
1.910196    3.470560    3.732552    3.985240    4.252692    4.891087    5.047707    5.696864    5.848439    0.589692    0.422420    0.375364    0.328274    0.275377    0.206511    0.167828    0.058109    0.062164    
1.839223    3.477179    3.770744    4.009903    4.263181    4.728467    5.082256    5.574539    5.507636    6.283185    0.592196    0.441239    0.387744    0.335328    0.287325    0.235408    0.170611    0.132714    0.047770    0.051129    
