 8    -5.355447    4.421480    1.017101
0.158384  -2.469081  -1.367974  0.135415  1.363801  -0.059990  -0.573970  0.521582  -0.633190  -0.989024  -1.811767  -0.207563  0.278757  1.736000  1.327823  -0.349844  0.156643  -2.476514  0.480148  -0.972058  1.202101  0.714467  0.655365  0.348766  0.662913  -0.184703  -0.262322  -0.376450  
-0.300000  1.000000  1.000000  1.000000  1.000000  1.000000  1.000000  1.000000  
 1    -0.266904    0.012749      0.479536   2769.000000      0.523124
 2    -0.584573    0.018842      0.512027   5846.000000      1.581193
 3    -0.744235    0.021204      0.528358   10011.000000      2.452461
 4    -0.870835    0.006531      0.541307   14802.000000      3.727983
 5    -0.967726    0.043402      0.551217   19190.000000      5.298995
 6    -1.196777    0.107022      0.574645   25101.000000      7.605613
 7    -1.262355    0.166324      0.581352   33242.000000     11.313084
 8    -1.331456    0.065415      0.588420   41699.000000     16.137497
 9    -1.501420    0.174187      0.605804   48419.000000     21.145857
10    -1.670481    0.069410      0.623096   63548.000000     31.679814
5.437488    0.956923    
5.595771    2.962925    1.004630    1.029831    
6.076508    6.283185    4.138587    0.879654    0.950808    1.174882    
5.572300    3.322635    4.669560    5.983110    1.036512    0.841508    1.442941    0.445071    
5.467291    5.979616    4.711931    5.760435    6.283185    0.875804    1.171869    0.153649    0.363743    0.105333    
5.231783    6.121786    3.917280    3.891219    5.252837    1.230644    0.969300    1.134905    0.855446    1.359769    0.229606    1.228605    
5.109697    6.091800    4.000031    4.091090    3.275133    2.888714    1.565509    0.921301    1.190688    0.758899    1.008454    0.235425    1.471900    1.259198    
5.627302    3.435221    4.813515    5.922160    4.790423    4.773990    4.719393    2.502527    1.120653    0.651131    1.434006    0.521721    1.195362    0.263742    1.376593    1.396352    
5.134434    6.152516    3.973205    4.097944    3.084714    2.845365    6.271603    3.938550    0.573566    0.896203    1.173942    0.839913    1.245590    0.156467    1.288631    1.570796    0.319228    1.374084    
5.461266    6.160992    5.417643    3.193383    0.265490    0.987229    5.253142    3.214100    0.209512    2.223202    1.253538    1.270448    0.378211    0.470594    0.119563    0.313970    1.570796    1.116440    0.255965    1.427585    
