 8    -3.806325    4.742159    0.051846
-1.005836  0.503446  1.199233  1.483479  -0.592821  -0.667869  -0.277927  -0.746122  -1.144461  -0.517024  -1.065586  0.040723  -0.927408  0.138031  -1.344592  0.494226  -0.986034  0.821460  1.196688  1.597137  -1.299495  0.713507  0.143302  0.823571  -1.206175  -1.405423  0.998794  1.505038  
-0.300000  1.000000  1.000000  1.000000  1.000000  1.000000  1.000000  1.000000  
 1    -0.315399    0.001321      0.591632   2841.000000      0.478800
 2    -0.731011    0.000755      0.640250   6173.000000      1.220879
 3    -0.857660    0.001867      0.655066   9498.000000      2.089068
 4    -1.022932    0.003695      0.674399   13349.000000      3.282585
 5    -1.095396    0.004887      0.682876   18466.000000      4.993237
 6    -1.212513    0.000829      0.696576   24005.000000      7.555594
 7    -1.428815    0.000586      0.721879   29524.000000     10.427128
 8    -1.385826    0.001080      0.716850   41480.000000     16.951159
 9    -1.487959    0.003994      0.728798   52512.000000     24.920121
10    -1.633997    0.001588      0.745881   62799.000000     33.714880
0.386070    0.723579    
0.336800    0.421132    0.783618    0.452604    
0.330985    0.371214    5.715289    0.776502    0.469426    1.366539    
0.320502    0.364332    5.707921    3.028614    0.739080    0.482452    1.374573    1.345967    
0.312917    0.366820    5.707290    2.984968    6.281328    0.717821    0.464815    1.348526    1.362662    1.409910    
0.352568    0.361976    2.469381    5.245947    5.113134    2.958328    0.773734    0.546112    1.326521    0.039107    1.396205    1.297289    
0.361152    0.376621    5.675277    2.975740    5.736767    5.639177    3.476464    0.799984    0.440509    1.282541    1.328914    0.052334    1.429785    0.244180    
0.379108    0.392838    5.607021    2.494051    4.778417    3.231428    3.334605    3.490303    0.832026    0.443529    1.312257    0.190485    1.467994    0.093698    0.107212    1.307838    
0.358800    0.440696    3.919437    1.541617    1.510861    5.821145    3.382845    2.072738    3.579875    0.834048    0.527984    0.183683    1.517304    0.192172    1.466588    0.086513    0.162341    1.330627    
0.317951    0.398917    5.744494    2.997184    6.197196    4.617697    6.173709    3.452559    6.162448    6.278034    0.755802    0.481408    1.347787    1.361630    1.492849    0.171366    0.122771    1.448998    1.405947    1.460432    
