 8    -3.924043    3.813022    0.055793
1.348629  1.991068  1.393069  -0.686884  -0.095791  -0.756370  0.561199  0.751012  -1.191746  -1.487929  -0.625148  0.282211  -1.079033  -0.515311  0.327559  0.879111  0.555377  0.181936  0.944846  -1.306168  0.341810  -1.393622  -0.032307  0.388868  0.028718  0.022139  -0.033604  -0.468688  
-0.374206  0.176410  0.299431  0.270618  -0.254645  0.178428  -0.065277  0.450509  
 1    -2.017057    0.311155      0.753526   3201.000000      0.519623
 2    -3.232135    0.599884      0.910572   7015.000000      1.352126
 3    -3.648440    0.760642      0.964379   12238.000000      2.595427
 4    -3.761802    0.824453      0.979031   18502.000000      4.491126
 5    -3.828800    0.916884      0.987690   28314.000000      8.166639
 6    -3.869040    0.951410      0.992891   52388.000000     19.353431
 7    -3.901384    0.988409      0.997071   71433.000000     29.548565
 8    -3.916398    0.996034      0.999012   109619.000000     53.230434
 9    -3.921656    0.998844      0.999692   165129.000000     89.666420
10    -3.923125    0.999476      0.999881   242777.000000    147.895497
5.546052    0.559143    
4.665937    5.682626    0.781441    0.416553    
3.738739    3.929596    4.615031    0.668393    0.502654    0.279034    
2.958856    3.650010    3.676731    4.368906    0.634574    0.505169    0.375937    0.182666    
3.079921    3.700866    3.838318    4.444292    6.078190    0.633122    0.512901    0.373478    0.260281    0.115363    
2.601196    3.589483    3.528313    4.046628    4.905583    5.620797    0.635291    0.511860    0.410552    0.308224    0.203845    0.106742    
2.365480    3.440027    3.423231    3.913822    4.654645    5.467366    6.019193    0.595965    0.506539    0.406113    0.323223    0.208641    0.181048    0.084313    
1.725853    3.415794    3.262832    3.573186    4.143758    4.934958    4.968212    5.843527    0.653007    0.510959    0.441305    0.357129    0.272946    0.183397    0.157078    0.079906    
1.643227    3.104384    3.059823    3.216397    3.733023    4.290879    4.893913    5.009019    5.470082    0.649489    0.493495    0.430979    0.368630    0.292642    0.214365    0.173221    0.125431    0.060778    
1.490979    2.771335    2.868392    2.981439    3.348646    3.806347    4.344630    4.570386    4.885645    5.271013    0.630629    0.474953    0.422695    0.374806    0.308100    0.236412    0.181521    0.146607    0.103802    0.046260    
