 8    -4.973017    4.622618    1.628161
-0.277191  -1.145218  1.062622  -0.870811  -1.755050  -1.015249  1.560385  0.481436  -1.006437  1.485005  -0.585905  -0.851112  0.591227  1.385524  1.787364  0.401825  0.404999  0.073697  0.025266  0.675647  1.116530  0.599057  1.417557  -0.488025  0.220577  -0.609157  0.015882  1.153928  
-0.300000  1.000000  1.000000  1.000000  1.000000  1.000000  1.000000  1.000000  
 1    -0.479278    0.019634      0.531689   2715.000000      0.459738
 2    -0.586221    0.027562      0.542834   6510.000000      1.342921
 3    -0.850587    0.021693      0.570385   9836.000000      2.241178
 4    -0.920015    0.015291      0.577620   15053.000000      3.758260
 5    -1.013415    0.027903      0.587354   21072.000000      6.175172
 6    -1.167757    0.058865      0.603438   26148.000000      8.330702
 7    -1.339156    0.063171      0.621301   37189.000000     13.511903
 8    -1.396273    0.110821      0.627253   45798.000000     19.184837
 9    -1.518371    0.112036      0.639977   55276.000000     25.844515
10    -1.648416    0.122130      0.653530   72066.000000     39.004864
0.288751    1.316684    
0.225253    0.708007    1.254773    1.439056    
5.426532    2.990467    2.539183    0.901144    1.155017    1.161176    
5.387315    2.951149    2.588046    2.751477    0.926448    1.175565    1.186142    0.146945    
5.460787    4.865533    0.514197    1.104108    3.566000    0.991413    0.875826    1.167732    1.353955    1.310003    
6.111029    1.890659    1.406222    1.804853    6.283185    4.773107    0.940469    0.170684    1.354061    0.223097    1.259570    0.165908    
5.488120    4.845030    0.470408    1.227956    3.508607    5.609323    5.253164    1.014907    0.894663    1.119636    1.392856    1.266131    0.100028    0.254800    
5.501113    4.901281    0.545329    2.717362    1.787811    5.460323    5.387464    3.766492    1.028468    0.674988    1.386536    0.182266    1.275992    0.081060    0.161098    1.305766    
5.523318    4.844092    0.485322    1.178430    3.649952    5.546248    5.410570    0.412754    3.017476    1.013229    0.913330    1.156196    1.424492    1.301256    0.087160    0.326994    1.336789    1.436979    
5.495654    4.886438    0.475026    1.155118    3.425333    5.669642    5.419450    6.099929    5.204994    3.518075    0.978822    0.866699    1.107836    1.369096    1.260495    0.068778    0.227513    0.169174    0.105267    1.329407    
