 8    -4.488050    5.689618    0.002476
-0.035920  -1.299604  0.889104  -0.585994  0.462999  -0.768262  -1.095189  -1.467687  1.944982  -0.321040  -0.414614  -0.035430  3.271529  -0.267381  0.734255  -0.297524  -0.216513  1.865483  0.718226  0.226963  -0.908634  1.313824  0.193337  1.572044  -1.879911  1.578469  -0.685577  -0.879810  
-0.300000  1.000000  1.000000  1.000000  1.000000  1.000000  1.000000  1.000000  
 1    -0.534655    0.011652      0.611562   2565.000000      0.441260
 2    -0.706161    0.010750      0.628413   5888.000000      1.210429
 3    -0.923742    0.011648      0.649791   9979.000000      2.319287
 4    -1.100457    0.016722      0.667154   15058.000000      3.788301
 5    -1.104630    0.004149      0.667564   20611.000000      5.959293
 6    -1.357673    0.032814      0.692427   25752.000000      8.032988
 7    -1.491057    0.050969      0.705532   32113.000000     11.635592
 8    -1.655255    0.020824      0.721666   43248.000000     17.765308
 9    -1.707277    0.044882      0.726777   50765.000000     22.734928
10    -1.790599    0.040741      0.734964   61914.000000     31.532096
5.654413    0.908830    
5.681636    2.590386    0.899430    0.239366    
5.696971    0.973114    2.789249    0.835490    0.199271    0.344474    
5.698011    0.971744    2.828280    2.699714    0.778484    0.206396    0.370000    1.380769    
5.899169    2.853797    1.336230    1.602409    4.867653    0.686655    0.197553    0.295248    0.231238    1.295629    
5.648858    0.669437    3.069313    2.970062    2.122131    4.950054    0.755349    0.226426    0.419956    1.284127    1.345173    0.273866    
5.659720    0.594544    3.117501    3.095643    2.058663    5.115930    5.941720    0.709643    0.240781    0.464426    1.302447    1.368457    0.243283    1.327878    
5.554497    2.680207    3.248066    3.507395    3.996134    4.938804    3.895610    1.906540    1.048150    0.478419    1.299064    1.368224    0.561759    1.570796    0.376841    1.354323    
4.952956    2.007405    4.554950    4.888920    4.741205    4.028909    1.858017    1.166126    2.479484    0.941064    0.459753    0.000000    1.240945    0.968211    1.341482    1.358876    0.340050    1.377713    
5.089331    5.282553    4.966402    4.017385    3.482816    2.830625    2.098241    3.792540    5.781016    5.107744    0.944573    0.224863    1.240464    1.251541    1.253678    1.296562    0.336700    0.140416    0.256762    0.135954    
