 8    -6.604502    4.989531    1.166436
-0.452566  0.701203  -1.493780  -1.275922  1.342529  -2.134132  -1.496720  -1.305306  0.828734  0.154989  0.275923  1.852512  -0.828546  0.056397  0.562527  0.047985  0.905175  1.409930  -0.323823  -0.165668  -0.018118  0.307362  -0.945166  -2.021812  -0.190764  -1.968996  0.411619  -1.887392  
0.343963  -0.177408  -0.250068  0.201167  0.222139  0.667155  0.228151  0.237629  
 1    -3.311577    0.307081      0.715981   3282.000000      0.520421
 2    -5.130264    0.664639      0.872845   6702.000000      1.263095
 3    -5.977669    0.812876      0.945935   11375.000000      2.409804
 4    -6.407427    0.931108      0.983002   18617.000000      4.518007
 5    -6.522269    0.974627      0.992907   29658.000000      8.705012
 6    -6.580445    0.992577      0.997925   42189.000000     14.164571
 7    -6.593279    0.996269      0.999032   69335.000000     28.189275
 8    -6.600170    0.999106      0.999626   99006.000000     45.768791
 9    -6.602876    0.999667      0.999860   160505.000000     88.197727
10    -6.603209    0.999649      0.999889   219699.000000    137.388385
4.747397    0.632666    
2.906433    3.880806    0.636126    0.407562    
2.535146    2.901606    3.760974    0.630984    0.480741    0.279803    
2.128664    2.841599    2.669433    3.583339    0.640983    0.509026    0.348334    0.234160    
1.646582    2.445378    2.446070    2.704116    3.156851    0.610236    0.478349    0.415777    0.271505    0.174376    
1.309248    2.423122    2.357724    2.370010    2.680306    3.128787    0.649767    0.495975    0.418566    0.341723    0.226859    0.127336    
1.208471    2.120517    2.154645    2.217636    2.375161    2.801919    2.989511    0.634492    0.465291    0.410718    0.354260    0.282075    0.179299    0.078661    
1.192003    2.145504    2.181833    2.255328    2.426231    2.804060    2.993997    3.824734    0.636834    0.472603    0.420357    0.364040    0.291055    0.218336    0.109291    0.045180    
1.086963    1.894125    1.986619    2.060241    2.172978    2.401859    2.607655    2.938081    3.488200    0.616635    0.445765    0.402612    0.356667    0.306880    0.233122    0.177076    0.084023    0.043039    
0.964461    1.671268    1.886697    1.959218    2.054809    2.205702    2.482216    2.834381    6.222991    4.203421    0.592265    0.434173    0.397476    0.353989    0.312301    0.243681    0.174726    0.107956    1.561562    1.535855    
