 8    -4.142326    4.376542    0.281646
0.955418  0.440712  -0.478419  -0.682530  -0.793871  0.427983  -0.773764  2.050114  -0.211533  1.453954  -0.061595  1.474451  0.824645  0.581223  -1.225692  -2.162298  -0.516786  2.092389  0.053569  -0.047480  -1.708678  -0.500262  0.711233  1.329977  0.011977  -0.672960  -0.318454  -0.998683  
0.206909  -0.296221  0.293957  0.164976  0.768713  0.189954  0.235110  0.193342  
 1    -2.185236    0.273393      0.770264   3327.000000      0.530073
 2    -3.286220    0.645703      0.899505   6610.000000      1.248338
 3    -3.725045    0.805976      0.951017   12409.000000      2.651012
 4    -3.990533    0.916085      0.982182   19270.000000      4.700961
 5    -4.069525    0.966653      0.991454   29947.000000      8.550319
 6    -4.111517    0.984023      0.996383   43676.000000     14.637934
 7    -4.128373    0.993168      0.998362   61645.000000     24.285798
 8    -4.139107    0.998728      0.999622   90437.000000     41.060833
 9    -4.141131    0.999458      0.999860   150642.000000     82.015312
10    -4.141466    0.999644      0.999899   184316.000000    109.833236
4.718789    0.663207    
2.707619    3.444865    0.584863    0.411618    
2.318071    2.681884    3.247990    0.587428    0.443510    0.249131    
2.080581    2.623263    2.456714    3.413330    0.622355    0.481370    0.318013    0.217446    
1.731211    2.291139    2.225080    2.561272    2.826106    0.596723    0.448568    0.373402    0.230932    0.155318    
1.257271    2.305735    2.231953    2.278671    2.550236    2.974851    0.651767    0.481200    0.398753    0.320165    0.203388    0.112462    
1.255731    2.127473    2.174268    2.243950    2.457467    2.768157    3.344976    0.624002    0.474256    0.405221    0.324074    0.251893    0.145889    0.060785    
1.121430    2.009377    2.043574    2.120124    2.287464    2.651975    2.798391    3.417435    0.628484    0.461774    0.404096    0.345915    0.271809    0.206353    0.100865    0.052972    
1.037232    1.789334    1.853396    1.908432    2.017120    2.240985    2.443650    2.764382    3.079785    0.610398    0.434745    0.384890    0.335040    0.286889    0.216373    0.166052    0.079629    0.046086    
1.001189    1.744847    1.841328    1.892358    1.999001    2.186276    2.392988    2.702605    2.997842    3.195771    0.605769    0.438636    0.388977    0.339116    0.295370    0.234091    0.180375    0.110847    0.060741    0.018156    
