 8    -4.988449    3.917771    0.437209
0.696245  -2.444617  -0.260982  -0.113475  -0.320669  0.034260  -0.922643  -1.114682  -0.286673  1.218300  1.229856  -1.262179  0.833652  -0.477234  -0.225393  0.186255  -1.199015  -0.142385  1.513019  -0.285775  -1.416254  0.304697  -0.822796  -0.260170  0.600818  0.509789  -1.562202  1.069096  
-0.135489  -0.363351  -0.240004  -0.274549  0.278756  0.282584  -0.261534  0.319978  
 1    -2.625978    0.375541      0.734739   3132.000000      0.512495
 2    -4.176885    0.692511      0.908877   7077.000000      1.362133
 3    -4.780158    0.865447      0.976613   12094.000000      2.627201
 4    -4.920762    0.918575      0.992400   19876.000000      5.038340
 5    -4.953553    0.940952      0.996082   34040.000000     10.030827
 6    -4.973790    0.983913      0.998354   50722.000000     18.206618
 7    -4.983293    0.994785      0.999421   85281.000000     37.041941
 8    -4.986439    0.999249      0.999774   124378.000000     61.210207
 9    -4.987617    0.999784      0.999907   275932.000000    165.447011
10    -4.988102    0.999892      0.999961   295153.000000    181.454935
5.094744    0.566608    
4.026586    5.095130    0.795139    0.430341    
3.317921    3.300165    4.056976    0.671734    0.509448    0.304599    
2.372258    3.233335    3.163268    3.725658    0.637035    0.537499    0.392025    0.206143    
1.720011    3.036752    2.866083    3.172070    3.832770    0.652597    0.526074    0.444679    0.343948    0.153215    
1.621503    3.089657    2.929349    3.223826    3.734110    4.942896    0.659760    0.537144    0.460198    0.366319    0.242658    0.089933    
1.474980    2.806436    2.718364    2.907387    3.294026    3.814123    4.562101    0.658043    0.511137    0.452952    0.385880    0.296886    0.187803    0.085040    
1.416488    2.762511    2.696517    2.849053    3.224043    3.709933    4.348691    4.838138    0.661568    0.510800    0.454293    0.392703    0.313914    0.212218    0.136785    0.042336    
1.282114    2.389575    2.544896    2.670035    2.982171    3.350552    3.795917    4.185970    4.940221    0.640776    0.489963    0.449117    0.406132    0.343468    0.259895    0.175534    0.111104    0.036649    
1.205112    2.240208    2.422964    2.493179    2.645430    2.672760    2.727405    3.248224    3.876618    4.834059    0.630187    0.480373    0.434739    0.392266    0.323949    0.238974    0.184456    0.147727    0.103162    0.036513    
