 8    -4.688067    4.190883    0.389485
0.430938  -0.542637  0.194046  0.385938  -0.267642  0.217277  -0.090503  -1.006812  0.651659  0.164604  -0.647003  0.385322  1.784355  -0.112984  1.501999  0.249831  0.201717  -0.118379  -2.445190  -0.479024  -0.094391  0.396033  -0.461941  -0.823301  -1.196468  -0.730448  -0.438865  -1.367512  
0.084716  0.212256  0.153602  -0.151878  -0.134524  -0.799985  -0.126317  -0.169078  
 1    -2.683580    0.246945      0.774243   3333.000000      0.522853
 2    -3.861123    0.572119      0.906865   6473.000000      1.234385
 3    -4.169612    0.707524      0.941609   12094.000000      2.598991
 4    -4.460249    0.784794      0.974342   19279.000000      4.707538
 5    -4.585667    0.860101      0.988467   31757.000000      9.195889
 6    -4.632596    0.888705      0.993753   47141.000000     16.045373
 7    -4.649458    0.913084      0.995652   74221.000000     30.357344
 8    -4.665369    0.963716      0.997444   102943.000000     48.445466
 9    -4.677121    0.986794      0.998767   142016.000000     74.899373
10    -4.683308    0.996204      0.999464   246010.000000    154.872172
6.283185    0.667111    
4.187191    5.011609    0.427156    0.451139    
3.190611    4.389836    4.074325    0.463103    0.376363    0.231820    
3.293532    4.021950    3.623760    6.283185    0.580515    0.468449    0.272921    0.260603    
2.699290    3.600039    3.605003    4.499974    4.254694    0.575459    0.449213    0.354407    0.200029    0.189981    
1.942933    3.500216    3.516212    3.734700    4.293664    4.446207    0.592712    0.453240    0.383931    0.299666    0.177472    0.134938    
1.882553    3.193959    3.350441    3.591691    3.765046    4.527684    4.505720    0.603929    0.438798    0.380420    0.323318    0.256585    0.139335    0.094417    
1.871127    3.417091    3.491700    3.691846    4.001414    4.515852    4.275996    5.915778    0.613709    0.447363    0.389805    0.331111    0.235581    0.218483    0.068375    0.090796    
1.835338    3.214622    3.344447    3.554912    3.756447    4.494965    4.212590    5.821719    4.257939    0.615130    0.434289    0.378611    0.329321    0.254973    0.211646    0.159934    0.066611    0.083248    
1.769158    3.160400    3.312312    3.494082    3.746190    4.259553    4.398007    4.999711    4.818054    5.073980    0.601141    0.442243    0.388849    0.330236    0.266475    0.223798    0.158887    0.134090    0.059447    0.069301    
