 8    -3.155605    3.681890    0.074762
1.594854  -0.655138  1.016982  0.369841  -0.070009  -0.682898  -0.254259  -0.672071  0.295525  0.098739  -0.925285  0.296286  -0.202728  -0.416951  -0.139597  1.161232  -0.213925  -1.273170  -0.021132  0.436229  -0.325183  1.304758  -0.506358  -0.392422  -0.848370  -1.617793  -1.177994  -0.524107  
0.129452  0.612471  0.373613  -0.440096  0.432465  0.526670  0.386709  0.594649  
 1    -1.606795    0.320740      0.773483   3849.000000      0.650063
 2    -2.608943    0.595550      0.920049   6736.000000      1.277130
 3    -2.949269    0.738355      0.969823   10686.000000      2.276866
 4    -3.029630    0.790436      0.981576   17003.000000      4.096202
 5    -3.026490    0.866402      0.981117   25495.000000      7.265148
 6    -2.893234    0.895122      0.961628   39810.000000     13.936348
 7    -2.958669    0.912163      0.971198   56304.000000     22.850178
 8    -3.090271    0.969939      0.990445   77431.000000     35.917603
 9    -3.094392    0.975533      0.991047   112276.000000     60.149560
10    -3.094631    0.975755      0.991082   146483.000000     87.288724
1.800858    0.570363    
1.503262    1.867689    0.791610    0.423997    
1.208830    1.199763    1.478889    0.659720    0.495047    0.296388    
0.885581    1.170913    1.170108    1.371467    0.628519    0.521732    0.381384    0.194202    
1.029156    1.167288    1.464284    5.526978    3.951564    0.625987    0.528516    0.382863    0.160777    1.475262    
1.461536    1.743370    5.415531    3.643661    1.662612    2.012466    0.773104    0.491206    0.215307    1.404154    1.385158    1.480932    
1.432184    1.537794    3.307527    5.731319    1.681332    1.594328    1.759071    0.744102    0.458211    1.316658    1.315295    1.272653    1.314541    1.469354    
1.043444    1.162802    1.454201    5.550901    3.931865    4.988439    3.420095    2.003975    0.625396    0.526675    0.377816    0.163765    1.458846    1.518428    0.150099    0.103978    
1.073104    1.162349    1.435121    5.517412    3.899612    5.304642    3.227203    1.789708    3.489129    0.631322    0.517811    0.369948    0.151090    1.456732    1.500466    0.151363    0.138956    1.528945    
1.073140    1.159695    1.436211    5.518647    3.916676    5.257660    3.217707    1.770749    3.353938    5.036771    0.630448    0.517435    0.370208    0.151361    1.458178    1.504379    0.152165    0.136148    1.527393    1.561906    
