 8    -4.843151    5.105283    0.043723
1.106323  0.363394  -0.936566  0.047962  0.263298  -0.084500  -0.391316  0.255723  0.376680  -0.973780  0.143114  -1.327974  2.457710  1.226160  -0.086657  -0.573588  -0.182010  -2.922650  1.607104  -0.050218  -0.684451  0.899178  -1.532244  0.367452  -1.576856  -0.121400  -0.714569  -1.170924  
0.799962  0.084962  -0.153358  0.182599  -0.175674  -0.138698  0.028136  -0.356806  
 1    -2.305606    0.187368      0.744930   3282.000000      0.512064
 2    -3.780343    0.446738      0.893168   6134.000000      1.161311
 3    -4.304813    0.542868      0.945887   11510.000000      2.454672
 4    -4.537561    0.633636      0.969283   19604.000000      4.867893
 5    -4.596113    0.664982      0.975168   31316.000000      9.273302
 6    -4.632490    0.714110      0.978825   46564.000000     16.407712
 7    -4.662040    0.769031      0.981795   70484.000000     28.546971
 8    -4.697326    0.812136      0.985342   90066.000000     39.516881
 9    -4.740863    0.907864      0.989718   112928.000000     53.885105
10    -4.780007    0.934182      0.993653   173080.000000     98.846800
6.283185    0.639315    
4.880790    6.283185    0.594511    0.410476    
4.121888    4.868229    6.283185    0.578194    0.463406    0.253353    
3.526959    4.708522    4.283116    6.283185    0.597480    0.470395    0.312858    0.224604    
2.352090    4.246491    4.343045    4.512924    6.283185    0.611276    0.475856    0.403221    0.287978    0.181341    
2.328429    4.195942    4.168833    4.385834    4.970390    6.283185    0.621718    0.475211    0.401306    0.310985    0.215212    0.102071    
2.512897    4.222634    4.268644    4.564043    5.037973    5.467901    6.283185    0.613888    0.476461    0.405628    0.307805    0.243294    0.121798    0.078538    
2.404339    4.125860    4.124481    4.390891    4.907722    5.430966    6.283185    6.283185    0.621962    0.471956    0.404188    0.324078    0.249008    0.192027    0.112557    0.071106    
2.624563    4.488470    4.498886    4.939133    5.374152    6.083753    6.283185    6.283185    6.283185    0.611708    0.479827    0.398355    0.288920    0.229019    0.130484    0.175824    0.087219    0.096542    
2.396954    4.179598    4.248321    4.552008    5.004232    5.607111    6.283185    5.973002    6.283185    6.283185    0.640867    0.471494    0.403341    0.320291    0.238699    0.181991    0.137768    0.155160    0.096571    0.086206    
