 8    -3.467490    6.352079    0.072099
0.820438  1.229717  -0.763083  1.311323  -0.551206  2.015658  0.939756  -0.160168  -0.856489  0.569047  -0.021903  0.634637  0.393135  0.478060  2.245525  -1.140656  1.852895  -0.015412  -1.308539  -0.218185  0.112809  -1.249093  0.224914  0.503418  0.092632  -0.864026  -0.516825  -0.704061  
-0.300000  1.000000  1.000000  1.000000  1.000000  1.000000  1.000000  1.000000  
 1    -0.569855    0.000003      0.704912   3033.000000      0.507323
 2    -0.909480    0.002413      0.739499   6159.000000      1.250570
 3    -1.109900    0.000059      0.759909   8911.000000      1.974992
 4    -1.282560    0.002663      0.777492   14031.000000      3.399831
 5    -1.366913    0.005092      0.786083   18939.000000      5.040910
 6    -1.447750    0.003303      0.794315   23648.000000      7.126212
 7    -1.649430    0.000823      0.814853   31114.000000     10.506295
 8    -1.656801    0.000649      0.815604   39652.000000     15.193039
 9    -1.613850    0.005575      0.811230   52382.000000     23.469822
10    -1.730101    0.005730      0.823069   62425.000000     32.573809
0.528332    0.532737    
0.464301    0.887582    0.522365    0.315632    
0.456345    0.858386    0.577757    0.572244    0.261231    0.221946    
0.487398    0.966650    0.569822    2.353731    0.576589    0.352805    0.264386    0.215841    
0.490453    0.973958    0.587958    2.399072    1.256645    0.564023    0.382088    0.263907    0.223917    1.455015    
0.483486    0.986559    0.634231    2.330452    1.265052    1.819297    0.588679    0.398066    0.241906    0.216936    1.441918    1.424606    
0.363262    0.417712    2.460505    5.053321    6.121026    2.134980    3.185864    0.845667    0.504035    1.352127    0.254163    0.080755    1.445069    0.152319    
0.498909    1.190928    4.745799    3.767079    6.283185    5.747912    5.150156    2.674233    0.681796    0.343710    1.393581    0.036838    0.107403    1.366438    1.457601    1.386585    
0.489966    0.979600    0.577003    2.419086    6.024634    1.414964    2.204836    3.114066    1.186719    0.565387    0.392722    0.314318    0.189021    0.066486    1.457930    0.151171    1.410079    0.107491    
0.470436    0.841293    0.549707    4.035276    3.947170    2.638375    3.506020    1.662753    6.111687    6.142983    0.445609    0.378957    0.340277    1.365424    0.143662    0.117997    0.165023    0.161556    0.088782    0.097954    
