 8    -3.924043    3.813022    0.055793
1.348629  1.991068  1.393069  -0.686884  -0.095791  -0.756370  0.561199  0.751012  -1.191746  -1.487929  -0.625148  0.282211  -1.079033  -0.515311  0.327559  0.879111  0.555377  0.181936  0.944846  -1.306168  0.341810  -1.393622  -0.032307  0.388868  0.028718  0.022139  -0.033604  -0.468688  
-0.300000  1.000000  1.000000  1.000000  1.000000  1.000000  1.000000  1.000000  
 1    -0.904165    0.007211      0.609687   2991.000000      0.573899
 2    -1.576816    0.004299      0.696626   6506.000000      1.562801
 3    -1.898228    0.002055      0.738168   9631.000000      2.930351
 4    -2.051555    0.000271      0.757985   12922.000000      3.551149
 5    -2.151717    0.011207      0.770930   18204.000000      4.873052
 6    -2.236367    0.002893      0.781871   22644.000000      6.814830
 7    -2.382602    0.019681      0.800772   29338.000000      9.899308
 8    -2.381462    0.006039      0.800625   40079.000000     15.975622
 9    -2.636445    0.002070      0.833581   50090.000000     23.134834
10    -2.166269    0.042233      0.772811   59593.000000     29.961322
0.461719    0.581423    
0.343636    0.461202    0.796252    0.458419    
0.351214    0.413252    5.792701    0.792166    0.474342    1.357448    
0.345602    0.393175    1.261669    5.512866    0.751629    0.498819    0.285200    0.167640    
0.349701    0.439651    5.700905    4.979107    1.942396    0.809638    0.418339    1.357665    0.176710    1.498785    
0.346688    0.433627    2.380484    4.965165    5.379732    4.145725    0.828986    0.417081    1.448030    0.268811    0.000000    0.162152    
0.350265    0.431648    5.755645    3.532204    2.633900    2.168049    1.720701    0.810611    0.428192    1.324680    1.432536    1.468877    0.139767    0.144152    
0.352538    0.442949    5.754204    4.866190    3.388603    0.832312    1.838811    1.677762    0.808804    0.415071    1.321442    0.057447    0.144322    0.103421    0.117746    0.089922    
0.326810    0.397366    1.262219    5.702393    0.591167    3.467596    6.014906    3.898078    3.885575    0.755275    0.504006    0.219808    0.117280    0.258710    0.114173    0.065262    1.392831    0.113918    
0.501595    1.359389    6.283185    3.471219    5.700848    4.136927    3.860718    4.028889    3.839494    5.629564    0.720974    0.335741    0.245737    0.165938    1.452843    1.484499    0.122792    1.421776    0.153796    1.442812    
