 8    -5.400308    6.172140    0.726395
-1.416842  1.141139  -0.062071  0.221127  -1.024472  -0.338375  2.052339  -0.303012  -1.444028  -2.597116  -2.753540  -1.642764  0.524421  -0.364225  -0.637291  0.086793  -1.483513  1.732859  0.351637  0.585125  -0.091862  0.001853  0.595091  -0.665807  0.793773  -0.278339  0.412654  -2.365867  
0.174786  0.133868  0.096914  0.799998  0.107218  0.127439  0.089361  -0.193598  
 1    -2.460920    0.196809      0.746001   3201.000000      0.500283
 2    -4.410149    0.641664      0.914438   6923.000000      1.315771
 3    -4.750776    0.816595      0.943873   11807.000000      2.562233
 4    -5.092253    0.868638      0.973380   19429.000000      4.766177
 5    -5.278546    0.943394      0.989478   33864.000000     10.579048
 6    -5.339850    0.969036      0.994776   58010.000000     21.931456
 7    -5.370211    0.984053      0.997399   87639.000000     38.175602
 8    -5.385565    0.993600      0.998726   111775.000000     52.501787
 9    -5.397661    0.999138      0.999771   143208.000000     73.099021
10    -5.399473    0.999725      0.999928   213219.000000    130.020086
6.283185    0.710883    
4.826755    6.283185    0.389822    0.509518    
3.997691    5.288288    4.953101    0.444582    0.381107    0.238804    
3.771939    4.954851    4.633990    6.283185    0.602357    0.450565    0.233676    0.269648    
3.465675    4.322992    4.179881    5.235484    5.252788    0.555642    0.436664    0.342135    0.162095    0.221519    
2.343969    4.197405    4.195985    4.443092    5.008857    5.381518    0.578590    0.448362    0.375043    0.289407    0.167386    0.156074    
2.313364    3.885210    4.032742    4.336527    4.435784    5.356279    5.350936    0.606365    0.435588    0.372001    0.316347    0.253777    0.129278    0.110553    
2.182994    3.849969    4.004921    4.256379    4.530099    5.067105    5.157979    6.283185    0.590460    0.439388    0.381356    0.319381    0.254610    0.204394    0.085627    0.077954    
2.141082    3.715968    3.850672    4.024457    4.168042    4.962011    4.878137    5.909292    5.382501    0.607607    0.424627    0.368045    0.320979    0.271303    0.195059    0.184075    0.041678    0.083179    
1.908318    3.371739    3.702891    3.876258    4.067643    4.492424    4.970811    5.191348    5.662348    5.967903    0.588484    0.429076    0.376722    0.324149    0.290874    0.226794    0.182248    0.133300    0.052498    0.057426    
