 8    -3.175439    4.428104    0.004540
1.388700  1.788755  0.578529  -1.270554  -1.258753  -0.139977  -0.346450  -1.133400  0.839501  -1.195614  -0.891264  0.056036  -0.382613  -1.776864  -0.436097  0.527447  -0.499284  0.978743  -0.462637  -0.235565  0.134705  0.247562  -0.517419  -0.054777  0.724381  -0.410012  0.210369  -0.298181  
-0.302405  0.164282  0.232903  0.195089  0.737465  -0.131962  -0.141905  -0.309416  
 1    -1.842810    0.295217      0.824736   3069.000000      0.491050
 2    -2.593172    0.654915      0.923422   6784.000000      1.292234
 3    -2.875235    0.800587      0.960518   11946.000000      2.573754
 4    -3.075166    0.906202      0.986812   20006.000000      5.003098
 5    -3.136057    0.960927      0.994821   30709.000000      9.151038
 6    -3.160150    0.979012      0.997989   42470.000000     14.325819
 7    -3.167998    0.988131      0.999021   68442.000000     28.214698
 8    -3.173066    0.998165      0.999688   93819.000000     43.627823
 9    -3.174765    0.999441      0.999911   156068.000000     87.120068
10    -3.175136    0.999758      0.999960   227027.000000    146.027233
5.418494    0.624184    
3.105280    3.845086    0.551671    0.398877    
2.637576    3.063118    3.662089    0.568419    0.429614    0.235570    
2.428293    3.053301    2.835375    3.987064    0.624922    0.485865    0.313276    0.226064    
2.070090    2.626952    2.543674    2.954849    3.206154    0.594345    0.445778    0.372217    0.225265    0.167833    
1.397650    2.612014    2.559638    2.593743    2.927556    3.332972    0.629194    0.476649    0.397975    0.320892    0.204035    0.121003    
1.367144    2.333925    2.378414    2.471744    2.621203    3.098491    3.255154    0.628989    0.451204    0.393249    0.333239    0.265378    0.158852    0.074105    
1.313698    2.361880    2.401530    2.494818    2.680636    3.114818    3.203278    4.129592    0.625943    0.460298    0.402520    0.344349    0.267119    0.205018    0.095177    0.050103    
1.223328    2.115178    2.179117    2.262175    2.404716    2.688588    2.872376    3.230436    3.655701    0.609052    0.433628    0.384130    0.335960    0.287427    0.213441    0.165756    0.072193    0.046975    
0.995392    1.854868    2.116434    2.193051    2.291791    2.457168    2.705435    2.937291    3.378300    3.580885    0.588421    0.448230    0.396268    0.347611    0.307423    0.251541    0.193336    0.142101    0.067532    0.038463    
