 8    -3.932409    4.615631    0.138874
1.852027  1.201873  -0.549276  0.219038  -0.016983  0.671893  0.333167  -1.771524  1.975094  0.418604  -0.558470  0.925971  -0.505698  -0.325270  -1.075545  0.446122  -0.836724  0.162329  0.281473  0.505949  -0.553527  -0.866120  0.327513  1.036986  0.348084  -1.708354  1.127971  -0.092168  
-0.300000  1.000000  1.000000  1.000000  1.000000  1.000000  1.000000  1.000000  
 1    -0.525884    0.000001      0.601485   2874.000000      0.483323
 2    -0.959078    0.001632      0.652162   6018.000000      1.220227
 3    -1.082776    0.001502      0.666633   9429.000000      2.109441
 4    -1.194431    0.000346      0.679695   13472.000000      3.331031
 5    -1.289848    0.006752      0.690858   17632.000000      4.873248
 6    -1.302356    0.000035      0.692321   22386.000000      6.989282
 7    -1.398966    0.017936      0.703623   31755.000000     11.700325
 8    -1.393670    0.000227      0.703003   40631.000000     16.739470
 9    -1.575564    0.011066      0.724282   52505.000000     24.741167
10    -1.634387    0.003116      0.731164   68330.000000     38.841858
0.520391    0.500491    
0.554684    0.903599    0.421317    0.364305    
0.545681    0.932165    3.342130    0.436830    0.319855    0.162159    
0.509560    0.940508    1.529197    5.572410    0.463963    0.302150    1.407156    1.340459    
0.542496    0.818248    3.058490    6.265623    5.280655    0.430445    0.257739    1.520741    0.198644    1.343384    
0.539193    0.902761    3.424513    4.584829    1.198083    1.325951    0.449534    0.310667    0.130518    1.461587    0.133288    1.470084    
0.420303    2.741168    4.578230    3.654950    3.039167    1.154252    0.400972    0.527906    1.293667    0.208158    1.330453    0.171452    1.297733    0.224498    
0.526112    0.874708    2.725845    0.085158    0.663384    5.973943    0.171615    0.501057    0.441554    0.306097    0.534348    1.037411    0.139493    0.363464    1.208497    0.125098    
0.618494    0.848830    2.411581    6.283185    6.041315    4.095486    5.952192    2.402006    4.603571    0.456150    0.415707    0.139397    1.540711    1.430633    1.395006    1.467319    1.306062    0.246376    
0.507518    0.882853    5.505518    1.622526    2.578840    5.460466    5.367189    4.040380    5.141939    3.669661    0.458965    0.394884    0.035729    1.370780    1.403370    0.140057    1.280110    1.350297    0.168157    0.272847    
