 8    -4.319213    4.136218    0.590912
-0.944526  -0.876067  0.826348  -0.320301  -1.080067  1.307439  -0.072256  1.633084  1.209046  -0.966583  -1.493422  -0.523997  0.003965  -0.293546  0.062105  -0.430417  0.109365  -0.063731  0.741933  -0.730128  -1.295282  0.584340  0.263752  0.919100  -0.028440  -0.286742  2.014533  1.437291  
-0.210341  -0.186565  0.893735  0.170770  -0.202321  0.111059  0.254393  -0.243225  
 1    -2.582395    0.287864      0.794591   3372.000000      0.539095
 2    -3.417490    0.610051      0.893356   7334.000000      1.392246
 3    -3.777263    0.758078      0.935905   12898.000000      2.760462
 4    -4.108699    0.860816      0.975103   19393.000000      4.646415
 5    -4.224085    0.934513      0.988749   29106.000000      8.316652
 6    -4.275073    0.961136      0.994780   40720.000000     13.388543
 7    -4.293892    0.976044      0.997005   58202.000000     22.883623
 8    -4.307846    0.992044      0.998656   79270.000000     34.584599
 9    -4.313886    0.996702      0.999370   124515.000000     65.948318
10    -4.316700    0.998680      0.999703   203537.000000    125.989958
5.521455    0.661978    
2.767770    3.564603    0.467161    0.433254    
2.251630    2.937406    3.203093    0.527860    0.393268    0.252907    
2.183805    2.788065    2.550286    3.916626    0.597382    0.476471    0.291015    0.252164    
1.834182    2.497331    2.424763    2.916386    2.958500    0.581116    0.450973    0.369009    0.208607    0.182550    
1.370101    2.461856    2.406385    2.503733    2.822697    3.081455    0.619040    0.463966    0.390590    0.314227    0.183394    0.136208    
1.311045    2.242050    2.288808    2.410932    2.534458    2.996927    3.096787    0.614121    0.453169    0.389587    0.325805    0.258802    0.148212    0.087842    
1.252230    2.272188    2.302691    2.402934    2.564870    2.956564    2.899616    3.838884    0.622607    0.456640    0.397802    0.339465    0.253406    0.215983    0.087500    0.071401    
1.183755    2.076768    2.149973    2.253775    2.380952    2.741123    2.795689    3.277459    3.208902    0.610601    0.439443    0.386925    0.336377    0.281677    0.212871    0.170003    0.063036    0.062378    
1.065524    1.981303    2.117624    2.203199    2.318431    2.542029    2.747553    2.988217    3.144208    3.506899    0.602486    0.454708    0.397948    0.342420    0.297167    0.243229    0.178945    0.138636    0.057782    0.051904    
