 8    -5.400308    6.172140    0.726395
-1.416842  1.141139  -0.062071  0.221127  -1.024472  -0.338375  2.052339  -0.303012  -1.444028  -2.597116  -2.753540  -1.642764  0.524421  -0.364225  -0.637291  0.086793  -1.483513  1.732859  0.351637  0.585125  -0.091862  0.001853  0.595091  -0.665807  0.793773  -0.278339  0.412654  -2.365867  
-0.300000  1.000000  1.000000  1.000000  1.000000  1.000000  1.000000  1.000000  
 1    -1.766549    0.007986      0.685999   3591.000000      0.594477
 2    -2.955236    0.004876      0.788716   6010.000000      1.184813
 3    -3.059142    0.009407      0.797695   9146.000000      2.041018
 4    -3.395196    0.000031      0.826734   12376.000000      3.007042
 5    -3.237695    0.016571      0.813124   17590.000000      4.717038
 6    -3.204209    0.029502      0.810230   21724.000000      6.636403
 7    -3.295691    0.114512      0.818136   30085.000000     11.115304
 8    -3.503970    0.000240      0.836133   38240.000000     15.428248
 9    -3.500905    0.000969      0.835869   49149.000000     23.260782
10    -3.345328    0.014819      0.822425   61198.000000     33.201807
0.419677    0.564104    
0.336602    0.426811    0.798153    0.445147    
0.334515    0.391560    5.802263    0.788284    0.447938    1.464984    
0.269413    0.263798    0.335273    1.780830    0.654678    0.498253    0.325085    1.537317    
0.327811    0.372691    1.205982    3.601182    1.736213    0.758877    0.485465    0.158436    1.472390    0.091524    
0.326244    0.383438    3.790107    1.932019    3.051605    1.715350    0.770080    0.450860    0.095838    1.460758    1.451576    0.035851    
0.340316    0.378468    6.231926    2.530342    4.838545    1.632633    5.842082    0.781162    0.452586    0.150866    1.450354    0.081681    1.458970    0.073782    
0.231571    0.250401    0.326228    1.267001    0.870752    0.382417    5.797132    2.045536    0.607813    0.519145    0.379911    0.148851    1.381037    1.436098    0.037151    0.028338    
0.221720    0.262852    0.333042    1.278262    0.944967    1.599455    4.905804    2.603783    0.953869    0.617376    0.542515    0.383056    0.136762    1.449158    0.031091    1.493247    0.076590    1.509607    
0.329565    0.377502    1.235429    3.615640    1.097041    1.665975    1.769748    4.645738    1.702105    6.283185    0.759861    0.484964    0.158622    1.502133    1.525824    0.098804    1.494009    0.061053    1.506229    1.520435    
