 8    -4.800396    4.705330    0.078549
-1.450948  1.910953  0.711879  -0.247738  0.361466  -0.032950  -0.221347  0.477257  -0.691939  0.792006  0.073249  1.303286  0.213481  1.017349  1.911712  -0.529672  1.842135  -1.057235  -0.862916  0.237631  -1.154182  1.214984  -1.293759  0.822723  -0.332151  -1.281429  0.218538  2.083474  
-0.300000  1.000000  1.000000  1.000000  1.000000  1.000000  1.000000  1.000000  
 1    -0.244325    0.000306      0.520702   2973.000000      0.539988
 2    -0.525297    0.039921      0.550261   6088.000000      1.247605
 3    -0.809775    0.042576      0.580188   10651.000000      2.437035
 4    -0.895160    0.057424      0.589170   14763.000000      3.743110
 5    -1.113055    0.048335      0.612093   19089.000000      5.246746
 6    -1.177259    0.122864      0.618847   29373.000000      9.483516
 7    -1.390617    0.088601      0.641292   32477.000000     11.668358
 8    -1.413003    0.020041      0.643647   43864.000000     17.839002
 9    -1.557379    0.015411      0.658835   54867.000000     24.759504
10    -1.728758    0.097559      0.676865   66357.000000     36.184808
0.334723    1.312324    
4.208619    0.546534    0.826360    0.391425    
4.237517    0.493456    3.844194    0.526948    0.469128    1.108312    
4.212356    0.447679    3.890310    4.256455    0.495814    0.472517    1.142435    1.415215    
0.414950    4.235174    5.181776    5.097253    4.472999    1.570796    1.285819    1.000693    1.343834    0.484499    
4.286032    0.411214    3.498234    4.346168    3.020414    1.064391    0.945815    0.381945    1.066692    1.410930    1.302433    0.207244    
0.415025    4.235249    5.176054    5.005200    4.574534    5.023699    5.286384    1.570796    1.296606    0.988821    1.382976    0.433247    0.176359    1.377732    
3.554096    0.475223    3.527013    4.446031    5.234159    0.769380    2.076274    5.903647    0.388318    0.789008    1.484537    1.080136    0.321491    0.228367    1.402649    1.436099    
3.553192    0.455626    3.364836    4.589948    5.213120    0.743399    2.089004    6.138402    2.857498    0.389597    0.815134    1.494365    1.149748    0.345174    0.248378    1.457860    1.475421    0.181051    
4.134481    0.502802    4.114153    4.969343    3.561399    1.354439    2.506421    5.467317    0.936610    4.719687    0.518831    0.541549    1.143980    1.378673    0.291127    0.293820    1.294832    1.337994    1.403898    1.412777    
