 8    -6.243977    6.998525    0.215109
2.630205  0.331635  -0.987540  1.196508  1.705176  0.144573  -0.224789  0.221373  2.062121  2.356455  2.345444  -0.973641  -0.211556  -0.499396  -1.075603  -1.606699  1.315930  1.240364  2.464476  -1.954646  1.271019  0.863438  0.072479  1.632104  -0.754646  0.547447  -0.965586  -1.436375  
-0.353184  0.387976  -0.309477  -0.481637  -0.137551  -0.471072  0.337808  0.311359  
 1    -3.156690    0.328696      0.766865   3501.000000      0.555012
 2    -5.166436    0.668763      0.918630   6589.000000      1.265633
 3    -5.949033    0.857783      0.977727   11237.000000      2.439051
 4    -5.997759    0.846012      0.981407   17603.000000      4.316240
 5    -6.158285    0.916723      0.993529   26867.000000      7.719043
 6    -6.165286    0.934370      0.994058   41536.000000     14.314988
 7    -6.176113    0.954868      0.994875   65913.000000     27.855686
 8    -6.060569    0.938848      0.986150   92658.000000     43.978774
 9    -6.073580    0.943514      0.987133   123534.000000     64.939439
10    -6.097364    0.966107      0.988929   172621.000000    103.386212
2.822422    0.554127    
2.307342    2.912507    0.763952    0.416372    
1.907630    2.090071    2.378576    0.674925    0.508607    0.284417    
1.786313    2.083171    2.350194    5.571821    0.667808    0.528428    0.326212    1.509399    
1.364397    1.921028    1.860944    2.168007    5.728033    0.634527    0.520728    0.393991    0.231062    1.527154    
1.369672    1.933460    1.879702    2.206777    5.996650    3.389798    0.638815    0.524118    0.398262    0.239364    1.494082    1.534046    
1.345767    1.903289    1.867117    2.174308    5.805711    3.057716    2.961661    0.634571    0.520155    0.403743    0.246379    1.451964    1.454882    1.513947    
1.731749    2.066218    2.306374    5.447231    3.072629    3.226459    6.086305    3.221564    0.663065    0.529733    0.350901    1.409766    1.405478    1.464320    0.081607    0.054264    
1.700293    2.059647    2.300109    5.434417    3.029496    2.930370    2.956593    6.283185    6.013410    0.659620    0.535399    0.355830    1.392445    1.382098    1.408092    1.459173    0.045076    1.545651    
1.557269    1.957883    2.239340    5.095603    2.720803    2.619423    5.725560    2.807527    2.844358    5.743594    0.633752    0.531410    0.363991    1.365323    1.368154    1.433616    0.152713    0.206586    0.134660    1.529988    
