 8    -3.223993    3.784356    0.338490
-0.659308  -0.719588  -0.144427  -0.408353  0.227388  0.597708  -0.412917  -0.404949  0.066307  0.000811  -0.183957  1.244675  0.437136  -1.128792  -0.263570  0.076330  -1.121988  -0.142288  0.212140  -1.121190  1.833720  0.847114  0.872530  0.540815  1.087129  -1.317686  0.710090  -0.279298  
-0.300000  1.000000  1.000000  1.000000  1.000000  1.000000  1.000000  1.000000  
 1    -0.312063    0.004335      0.584506   3321.000000      0.575011
 2    -0.439777    0.003867      0.602729   6584.000000      1.378435
 3    -0.486470    0.002103      0.609391   9731.000000      2.258815
 4    -0.715814    0.026197      0.642116   14045.000000      3.370669
 5    -0.759842    0.032438      0.648398   18104.000000      4.943171
 6    -0.929558    0.001511      0.672614   24371.000000      7.332631
 7    -0.907847    0.043777      0.669516   35147.000000     12.431834
 8    -1.025532    0.104717      0.686308   44021.000000     17.927336
 9    -1.115528    0.069334      0.699150   52428.000000     23.369388
10    -1.096185    0.022441      0.696390   63358.000000     32.261340
5.137601    0.514355    
5.079571    1.771027    0.318481    1.274177    
5.109680    1.668912    1.948996    0.274932    1.252413    0.173441    
1.774388    1.481716    1.462683    0.358664    1.022785    0.477656    0.927068    0.441766    
5.311802    1.999028    5.597230    5.302649    2.727883    0.388238    1.141925    0.186151    0.409044    0.066503    
1.748936    1.467635    1.473659    0.358260    4.823526    1.603718    0.973914    0.491627    0.961162    0.422730    1.388946    0.167413    
5.067767    2.141771    5.460704    5.528197    3.069359    2.360595    1.708055    0.241333    0.966870    0.279468    0.546351    0.155785    0.323082    1.355835    
1.767742    1.117043    5.842761    3.189612    1.376000    6.073032    4.469585    6.283185    0.877139    0.314041    0.407754    0.245161    1.437008    1.228331    1.293915    0.194194    
1.680799    1.554691    1.398843    0.404042    6.131802    3.894866    3.155125    3.995980    5.212474    1.050107    0.416946    0.990125    0.435272    0.306158    1.448941    1.493222    1.407365    0.144557    
5.085366    1.768568    1.524419    5.311569    5.797926    4.872376    5.644805    3.464892    2.806230    1.059401    0.213188    0.934536    0.013669    0.303909    0.372772    0.168870    1.426366    1.384636    1.441144    1.349890    
