 8    -3.155605    3.681890    0.074762
1.594854  -0.655138  1.016982  0.369841  -0.070009  -0.682898  -0.254259  -0.672071  0.295525  0.098739  -0.925285  0.296286  -0.202728  -0.416951  -0.139597  1.161232  -0.213925  -1.273170  -0.021132  0.436229  -0.325183  1.304758  -0.506358  -0.392422  -0.848370  -1.617793  -1.177994  -0.524107  
-0.300000  1.000000  1.000000  1.000000  1.000000  1.000000  1.000000  1.000000  
 1    -1.326989    0.001330      0.732561   3159.000000      0.525025
 2    -1.940470    0.000500      0.822283   6013.000000      1.210231
 3    -1.676101    0.001656      0.783619   8717.000000      1.927809
 4    -2.235709    0.001195      0.865463   13221.000000      3.257245
 5    -2.241882    0.000324      0.866366   17651.000000      4.934705
 6    -2.261182    0.002196      0.869188   23569.000000      7.328353
 7    -2.188482    0.006569      0.858556   30187.000000     10.688060
 8    -2.298231    0.002428      0.874607   42180.000000     17.233471
 9    -2.302923    0.002268      0.875293   53568.000000     25.383867
10    -2.299680    0.001232      0.874819   67461.000000     37.110952
0.434166    0.541694    
0.353437    0.442637    0.813348    0.445187    
0.489642    1.325967    2.275337    0.713967    0.292355    0.143282    
0.347540    0.390035    1.237496    0.937617    0.773639    0.497165    0.264312    1.425287    
0.346222    0.385403    1.246163    1.832838    0.919005    0.773642    0.497065    0.228537    1.378662    0.134485    
0.341733    0.391883    1.229597    0.929130    1.680705    3.702039    0.772081    0.505086    0.261921    1.429891    0.056516    0.040552    
0.344885    0.407287    4.509489    2.813558    3.691667    0.867054    0.385672    0.805713    0.492852    0.103285    0.059693    0.144584    1.410133    1.456733    
0.349963    0.392806    1.225871    0.863901    0.286845    4.914997    1.785721    1.878901    0.785753    0.496462    0.228695    1.433002    1.505960    0.060955    1.512348    0.065172    
0.344742    0.393422    1.235826    0.929207    1.572676    5.086879    2.551262    2.476768    1.750763    0.777010    0.497127    0.230409    1.454560    0.052156    1.476969    0.030350    0.075765    1.517466    
0.346632    0.380945    1.253442    2.287498    5.046793    2.406647    4.099893    3.782266    0.521268    3.133249    0.770549    0.482955    0.169967    0.107696    1.513551    0.064341    1.499638    1.458578    1.500524    1.525237    
