 8    -7.355482    4.488477    1.346498
0.054388  0.066855  -0.313268  -0.714383  0.437518  -1.693630  -1.272009  -1.185710  -1.177596  0.719244  -0.728957  1.291943  0.025615  -2.176068  -0.111670  -1.228390  0.600072  -0.060992  1.393044  -0.406947  1.332656  0.430316  2.726738  -1.551158  -0.821410  -0.160150  -1.142316  -0.558194  
-0.199247  0.175426  0.172082  0.174661  -0.144483  0.799962  -0.133938  -0.159318  
 1    -3.761420    0.318873      0.696549   3108.000000      0.492151
 2    -5.717327    0.692226      0.861689   6945.000000      1.321955
 3    -6.445977    0.846468      0.923209   11536.000000      2.446029
 4    -6.969829    0.918472      0.967439   17455.000000      4.279052
 5    -7.228328    0.976977      0.989264   29497.000000      8.651850
 6    -7.317358    0.992220      0.996781   45026.000000     15.597951
 7    -7.344186    0.996999      0.999046   68700.000000     27.361115
 8    -7.349077    0.998016      0.999459   119955.000000     60.151673
 9    -7.353179    0.999395      0.999806   172249.000000     94.790053
10    -7.354432    0.999726      0.999911   279249.000000    180.160030
6.283185    0.647581    
4.113873    4.532972    0.473839    0.422256    
3.129994    4.069858    3.789130    0.506736    0.375951    0.242202    
3.041429    3.900673    3.664578    4.913233    0.610059    0.481447    0.264222    0.236994    
2.685547    3.407643    3.278442    4.134437    3.742416    0.584468    0.453335    0.355056    0.200710    0.179231    
1.805486    3.273249    3.245438    3.373042    3.904014    3.926302    0.598925    0.467252    0.394981    0.306454    0.185469    0.138350    
1.649800    2.907474    2.961155    3.132459    3.297824    4.026731    3.775631    0.612262    0.439259    0.385595    0.333867    0.258786    0.156389    0.098025    
1.518598    2.556821    2.714079    2.852739    3.014536    3.292004    3.842452    3.628341    0.588577    0.417766    0.373691    0.323770    0.283579    0.198534    0.129234    0.066626    
1.495008    2.610002    2.728511    2.835488    2.996107    3.337566    3.646126    3.837813    4.713053    0.593549    0.423645    0.375484    0.328358    0.286655    0.210862    0.174040    0.070779    0.046457    
1.189289    2.267786    2.642100    2.762535    2.896903    3.108766    3.447084    3.715433    4.095543    4.640481    0.574727    0.437446    0.388962    0.342790    0.306608    0.253841    0.194737    0.150609    0.060509    0.042309    
