 8    -2.829359    3.814792    0.143862
-1.121427  0.552710  -0.128515  -0.098978  0.525132  0.641744  1.041625  -0.042823  1.512432  -1.412685  -0.643521  0.264371  -1.049341  1.305647  0.713874  1.167148  0.704935  -0.414135  0.073798  1.057499  0.449541  0.053513  -0.031501  0.826730  0.584970  -0.994272  0.246403  0.018999  
-0.300000  1.000000  1.000000  1.000000  1.000000  1.000000  1.000000  1.000000  
 1    -0.252341    0.017135      0.612137   2559.000000      0.436606
 2    -0.405437    0.028623      0.635180   5945.000000      1.236479
 3    -0.564448    0.056182      0.659112   9649.000000      2.193745
 4    -0.720451    0.069361      0.682592   14913.000000      3.860322
 5    -0.803306    0.071768      0.695062   19957.000000      5.722867
 6    -0.915548    0.052117      0.711955   26430.000000      8.472555
 7    -0.920670    0.109295      0.712726   34350.000000     12.087857
 8    -0.982356    0.087154      0.722011   44605.000000     18.443527
 9    -1.083370    0.037511      0.737214   50774.000000     22.568097
10    -1.114600    0.011329      0.741914   69586.000000     38.408840
0.283210    1.309306    
3.895337    5.148413    1.232985    1.159730    
4.182446    4.980010    4.096163    1.253984    1.043159    1.337946    
4.173115    4.927267    4.179669    1.616650    1.261044    0.992742    1.348436    0.235698    
4.079396    4.964325    4.135322    1.587337    4.704059    1.308448    0.992795    1.380149    0.243218    1.371513    
3.418557    3.169513    4.181273    1.158007    3.578985    5.756089    1.033947    0.904257    1.059609    1.286945    0.144806    1.377584    
4.120210    4.940305    4.181817    6.283185    6.018715    1.927954    2.715906    1.328711    0.933971    1.261111    1.347139    1.401640    0.225659    0.120879    
4.065062    4.938675    3.997416    1.775861    4.872453    1.490873    4.300028    5.071122    1.300521    0.980072    1.421228    0.297713    1.415573    1.386525    0.124801    0.136865    
4.058305    4.907285    4.050738    1.631737    5.258644    1.329650    6.160369    5.254708    5.149100    1.372310    1.022139    1.360535    0.362125    1.439691    1.329539    0.270153    0.067370    1.466122    
6.066738    3.742096    4.010138    1.208654    4.624419    3.390440    5.937080    4.316663    4.186072    1.668321    0.897226    1.356635    0.817859    1.250335    0.169752    0.041863    1.219538    1.451686    0.979211    0.115549    
