 8    -6.243977    6.998525    0.215109
2.630205  0.331635  -0.987540  1.196508  1.705176  0.144573  -0.224789  0.221373  2.062121  2.356455  2.345444  -0.973641  -0.211556  -0.499396  -1.075603  -1.606699  1.315930  1.240364  2.464476  -1.954646  1.271019  0.863438  0.072479  1.632104  -0.754646  0.547447  -0.965586  -1.436375  
-0.300000  1.000000  1.000000  1.000000  1.000000  1.000000  1.000000  1.000000  
 1    -0.780179    0.000339      0.587404   2991.000000      0.503418
 2    -1.032138    0.018012      0.606431   6030.000000      1.227621
 3    -1.222386    0.021591      0.620797   8929.000000      2.028531
 4    -1.308710    0.018247      0.627316   13158.000000      3.286359
 5    -1.394264    0.022270      0.633777   18645.000000      5.209209
 6    -1.597564    0.055305      0.649129   24868.000000      8.006890
 7    -1.851228    0.046268      0.668284   33197.000000     12.058778
 8    -1.931997    0.068998      0.674383   42924.000000     17.578987
 9    -2.117691    0.024202      0.688406   52485.000000     24.514510
10    -2.181570    0.099006      0.693230   67561.000000     38.530502
5.734931    0.560663    
5.559635    1.957211    0.634678    1.156064    
5.590404    1.937215    3.847285    0.689244    1.214665    0.198159    
5.578144    1.933711    3.831483    5.468599    0.666161    1.219219    0.186802    0.148359    
2.268031    4.506592    1.270058    1.253836    4.402884    0.517150    0.618757    0.198567    1.299573    1.152622    
2.292023    4.606947    1.279216    0.310076    4.681795    4.244298    0.302337    0.643473    0.482468    1.119240    1.258002    1.185303    
2.193096    4.577253    4.802272    5.512169    1.789450    3.641913    5.924539    0.409703    0.665444    0.216274    1.218112    0.174692    1.308468    0.188865    
5.906874    0.885668    3.591375    2.747422    2.465947    2.019276    3.270408    2.361643    0.450865    1.494021    1.185551    0.220503    1.265927    0.422495    1.189233    0.170936    
5.491801    4.352857    3.534205    0.951876    5.812387    3.924172    2.506613    4.788781    3.710901    0.333192    1.379930    0.514031    1.250809    0.951071    0.336683    1.167446    0.271821    0.354112    
5.562750    1.944763    3.778857    2.748357    2.449715    0.561990    3.138727    5.190008    5.801044    4.275537    0.810613    1.078768    0.412555    0.152466    1.283294    0.395117    0.159727    0.300905    0.133821    0.080705    
