 8    -2.491854    2.804698    0.138371
-0.804458  0.320932  -0.025483  0.644324  -0.300797  0.389475  -0.107437  -0.479983  0.595036  -0.464668  0.667281  -0.806116  -1.196070  -0.405960  -0.182377  0.103193  -0.138422  0.705692  1.271795  -0.986747  -0.334835  -0.099482  0.407192  0.919388  0.312118  1.533161  -0.550174  -0.383147  
0.235834  -0.014231  -0.119808  0.172786  -0.145349  0.118219  -0.799962  0.105540  
 1    -1.121942    0.149709      0.741358   3105.000000      0.554272
 2    -1.790055    0.391293      0.867499   7168.000000      1.399870
 3    -1.943737    0.473756      0.896514   12816.000000      2.785042
 4    -2.110990    0.547273      0.928092   20830.000000      5.116600
 5    -2.174042    0.584875      0.939996   36024.000000     10.906059
 6    -2.201909    0.605119      0.945258   53515.000000     19.024132
 7    -2.219000    0.629998      0.948485   76279.000000     31.112307
 8    -2.240590    0.659766      0.952561   94500.000000     41.607562
 9    -2.264410    0.713784      0.957058   118552.000000     57.543961
10    -2.299116    0.755036      0.963611   146083.000000     75.688441
6.283185    0.677131    
4.710013    5.872051    0.419924    0.463531    
3.761504    5.220212    5.681868    0.499985    0.397956    0.234991    
3.712268    4.973018    4.807182    6.283185    0.594221    0.468613    0.245344    0.243470    
3.038470    4.425323    4.418373    5.364159    5.471644    0.557577    0.449528    0.363913    0.195908    0.183167    
2.365312    4.411286    4.384002    4.641268    5.293119    5.701977    0.610895    0.451323    0.383484    0.307886    0.163452    0.132290    
2.563256    4.284683    4.398421    4.878879    5.096266    5.654127    6.283185    0.592210    0.458841    0.382198    0.299769    0.247438    0.106879    0.092078    
2.440973    4.329590    4.417615    4.801923    5.313246    5.622543    6.283185    6.283185    0.609291    0.457787    0.389151    0.316147    0.226686    0.206251    0.064352    0.101468    
2.923187    4.669008    4.714423    5.420068    5.576769    6.283185    6.283185    6.283185    6.283185    0.570085    0.464237    0.378548    0.268343    0.239419    0.101089    0.202022    0.028288    0.124933    
2.716463    4.487955    4.695144    5.376488    5.328512    6.283185    6.283185    6.283185    6.283185    6.283185    0.585529    0.464634    0.367758    0.285264    0.225808    0.139760    0.132587    0.166813    0.051570    0.120731    
