 8    -4.142326    4.376542    0.281646
0.955418  0.440712  -0.478419  -0.682530  -0.793871  0.427983  -0.773764  2.050114  -0.211533  1.453954  -0.061595  1.474451  0.824645  0.581223  -1.225692  -2.162298  -0.516786  2.092389  0.053569  -0.047480  -1.708678  -0.500262  0.711233  1.329977  0.011977  -0.672960  -0.318454  -0.998683  
-0.300000  1.000000  1.000000  1.000000  1.000000  1.000000  1.000000  1.000000  
 1    -0.458355    0.001142      0.567552   2562.000000      0.437841
 2    -0.679217    0.023399      0.593478   6051.000000      1.240510
 3    -0.757697    0.034152      0.602690   9776.000000      2.186940
 4    -0.909870    0.047288      0.620553   13739.000000      3.411610
 5    -1.138870    0.066052      0.647435   18748.000000      5.130250
 6    -1.228221    0.059040      0.657923   24540.000000      7.534532
 7    -1.272610    0.091853      0.663134   30835.000000     11.007470
 8    -1.394814    0.079839      0.677479   40085.000000     15.519114
 9    -1.493178    0.066819      0.689026   52152.000000     23.554764
10    -1.592107    0.220531      0.700639   64971.000000     34.603897
5.644363    0.719531    
5.572171    0.739224    0.626842    0.379147    
5.652790    0.668952    0.762138    0.661000    0.405348    1.338296    
5.548426    0.806868    6.273786    3.064387    0.657535    0.427437    1.528444    0.340848    
5.529727    0.725447    5.139774    4.271018    5.741230    0.652252    0.452557    1.374387    0.356995    1.472569    
5.502403    0.728347    5.139977    4.367645    2.589707    3.684482    0.576902    0.464908    1.372118    0.202237    1.318531    0.123996    
5.582472    0.673558    0.896836    5.560347    1.623486    4.472282    1.018653    0.687921    0.535977    1.361769    1.417095    0.248384    1.334103    1.420785    
3.742370    4.700492    0.915910    4.672227    4.798586    2.740594    2.919974    4.663257    0.540081    1.279350    1.040515    0.143954    0.228845    1.270861    1.362779    1.388671    
5.534793    0.765263    0.826312    4.314222    4.207794    5.691176    5.935010    2.813648    4.816365    0.677238    0.488801    1.532769    1.409294    0.436652    1.465356    0.087555    1.436793    1.382172    
5.083885    6.283185    5.305877    2.778014    3.278072    0.429341    3.768247    5.158253    0.717149    4.486713    1.132531    1.050460    0.445027    0.255706    1.416320    1.522935    1.570796    1.460314    1.302336    0.196277    
