 8    -4.118286    3.512361    0.275140
-0.275434  0.009924  0.464788  0.342611  1.134445  -1.210976  -1.443573  -0.759583  0.937481  0.102493  0.591607  -0.425419  0.755324  -1.678499  -0.895253  0.458548  0.258016  -1.155983  0.649192  0.046318  0.348382  -0.652745  -1.665788  -0.809513  -0.563146  -1.429917  1.575949  0.753774  
-0.300000  1.000000  1.000000  1.000000  1.000000  1.000000  1.000000  1.000000  
 1    -0.710499    0.001100      0.553408   3345.000000      0.552913
 2    -0.987492    0.000550      0.589708   6099.000000      1.222971
 3    -1.138849    0.000929      0.609543   9346.000000      2.074089
 4    -1.244986    0.000663      0.623453   13421.000000      3.283578
 5    -1.356822    0.000086      0.638109   17401.000000      4.710695
 6    -1.454429    0.000881      0.650900   24065.000000      7.221963
 7    -1.459198    0.000602      0.651525   31575.000000     11.012655
 8    -1.406570    0.014330      0.644628   39521.000000     15.854261
 9    -1.569765    0.005986      0.666015   51363.000000     24.121566
10    -1.578716    0.001227      0.667188   62195.000000     32.547412
0.386088    0.537043    
0.333142    0.402163    0.799928    0.398291    
0.375691    0.373142    2.854497    0.813276    0.521278    0.204941    
0.361420    0.371571    2.878865    6.268891    0.794589    0.563513    0.188607    0.144205    
0.347487    0.379919    2.862032    3.025239    6.193737    0.787316    0.519504    0.237671    0.119020    0.166747    
0.344978    0.371200    2.871801    2.998610    6.142628    1.677776    0.785392    0.478102    0.195115    0.115351    0.109292    1.417832    
0.319771    0.376753    4.018196    1.653007    2.822959    4.956627    3.880128    0.769572    0.403787    1.376689    0.186431    0.078470    1.470740    1.394746    
0.450145    0.876090    1.820708    1.410561    1.958413    2.669555    6.010868    3.189846    0.768679    1.013530    0.498823    0.312547    1.383349    1.459199    0.130640    1.398220    
0.357850    0.379708    2.946759    6.283185    3.501218    5.820848    2.475229    2.990509    6.214796    0.777979    0.471213    0.159251    0.151289    1.404694    0.091686    1.417967    1.469741    1.448113    
0.342365    0.351890    2.900376    3.073379    4.586530    3.100375    4.033822    0.980622    2.002760    4.331491    0.765016    0.498461    0.182706    0.079543    1.455439    1.447740    1.472887    0.070850    1.481420    1.557119    
