 8    -3.976341    3.713786    0.054053
-1.105140  -1.607770  -1.264305  -0.061869  -0.944557  -1.679209  -0.822992  -0.049193  -0.700455  0.428230  -1.542561  0.340174  1.443574  -0.181025  0.498420  0.636785  -0.874873  -0.610991  0.944186  0.764858  0.946040  -0.456936  -0.665911  -1.666717  -0.734193  0.241131  1.866028  0.123527  
-0.300000  1.000000  1.000000  1.000000  1.000000  1.000000  1.000000  1.000000  
 1    -0.437580    0.001051      0.539831   2736.000000      0.465211
 2    -0.516653    0.004683      0.550113   5946.000000      1.215153
 3    -0.724823    0.023480      0.577183   9786.000000      2.242915
 4    -0.859762    0.043652      0.594730   14110.000000      3.527355
 5    -0.958035    0.021304      0.607509   18700.000000      5.094033
 6    -1.204271    0.065153      0.639529   26481.000000      8.262038
 7    -1.233002    0.021088      0.643265   36455.000000     13.332183
 8    -1.393652    0.028861      0.664155   41629.000000     16.707328
 9    -1.480681    0.060482      0.675472   53107.000000     23.763768
10    -1.568574    0.058243      0.686901   64705.000000     34.313628
4.933164    0.842220    
4.974066    1.751894    0.843896    0.187022    
5.289944    1.766629    5.303971    0.950981    0.069561    1.169337    
5.228591    1.212189    5.860407    2.542473    0.923838    0.106202    1.090884    0.215582    
5.096302    1.524307    6.171131    3.743881    4.832837    0.784225    0.273465    1.338507    0.176105    1.385179    
5.171010    1.235551    5.860448    2.198881    1.052743    4.296937    0.938573    0.292437    1.019164    0.234631    1.191481    0.179544    
5.074953    1.486669    6.217422    3.706938    5.056237    3.620022    5.642301    0.793215    0.289684    1.262204    0.229281    1.407669    1.423375    1.344839    
5.046096    1.510325    6.283185    3.663971    5.122170    3.628002    5.611831    2.912156    0.767799    0.309918    1.202457    0.256850    1.417566    1.414235    1.355362    0.194100    
5.087359    5.039210    2.010343    2.021419    5.214672    3.292863    0.885270    3.184000    2.619616    1.172743    1.536792    1.207160    0.174217    0.402879    0.416414    0.124697    0.283240    0.208470    
5.061276    1.513305    6.282417    3.725162    5.158430    3.522652    5.644706    2.899853    3.506035    3.213964    0.772771    0.295088    1.206182    0.276970    1.408299    1.353415    1.371157    0.218992    0.177298    0.086378    
