 8    -5.601864    6.453223    0.595976
-0.000432  -1.841434  -0.203556  -0.624784  -1.219408  -1.390574  -1.150531  0.491366  0.054424  0.097679  0.567014  -0.634688  -0.084317  2.237933  1.307675  -0.653678  0.796986  0.879571  1.715826  -0.195418  -0.504751  1.175331  -1.889992  0.104471  -0.910703  -0.366799  -3.151341  0.559314  
-0.300000  1.000000  1.000000  1.000000  1.000000  1.000000  1.000000  1.000000  
 1    -0.197759    0.007828      0.551716   2526.000000      0.443213
 2    -0.661463    0.025060      0.590181   6027.000000      1.239763
 3    -1.058525    0.067757      0.623119   9327.000000      2.163805
 4    -1.056487    0.002605      0.622949   13220.000000      3.364373
 5    -1.300364    0.040700      0.643180   17854.000000      4.949092
 6    -1.383218    0.070010      0.650053   23199.000000      7.330035
 7    -1.566787    0.033538      0.665280   30053.000000     10.535892
 8    -1.640828    0.004809      0.671422   38082.000000     15.373382
 9    -1.820909    0.016531      0.686360   47067.000000     21.098778
10    -1.896197    0.010222      0.692606   62209.000000     33.396890
5.028049    1.080735    
5.123600    6.265181    1.229169    0.993562    
5.023789    5.771008    3.241359    1.049871    1.045248    1.019182    
4.961367    3.755548    3.383866    5.231924    1.100865    1.079724    0.507556    0.216745    
5.127948    6.283185    3.778924    6.283185    2.278916    1.313781    0.859698    0.275278    0.068458    0.461712    
5.107749    6.283185    3.394932    3.209758    5.174811    2.118675    1.248442    0.700840    0.291637    1.305391    0.348607    0.102749    
5.009305    6.283185    2.378067    1.119176    5.291255    5.270252    5.197903    1.226447    0.860545    0.198065    0.199763    0.016736    0.255170    1.221865    
5.111364    6.240998    3.346202    1.383736    5.366610    3.052057    3.285178    3.809341    1.243929    1.067723    0.476013    1.412894    0.192943    1.339362    1.405435    1.361784    
5.125589    6.283185    3.057844    1.428632    4.846098    6.283185    0.882985    0.949844    4.868118    1.124227    0.974194    0.356601    1.309133    0.516589    1.306094    1.312462    0.133615    1.428544    
4.989197    6.283185    3.253423    1.357261    1.229051    3.813081    3.511396    3.397924    3.768064    1.041379    1.370507    1.118408    0.403301    1.297054    0.324813    0.217034    1.240472    1.453246    1.304269    1.332800    
