 8    -3.728135    4.992384    0.193530
-1.271091  0.176137  -0.296216  0.326929  -0.973419  0.227681  -0.819328  0.107223  0.975278  0.081974  -0.476623  -1.492172  -0.403465  0.694778  0.212153  0.090990  -1.548855  -0.044827  1.556763  1.947111  -0.785140  -2.139212  -1.264259  0.294987  0.806489  0.277670  -1.243845  0.787274  
-0.300000  1.000000  1.000000  1.000000  1.000000  1.000000  1.000000  1.000000  
 1    -0.268644    0.003609      0.603293   2949.000000      0.496578
 2    -0.531969    0.010099      0.633489   6035.000000      1.216813
 3    -0.670927    0.006965      0.649424   9732.000000      2.213601
 4    -0.862974    0.009544      0.671446   14342.000000      3.585405
 5    -1.007985    0.043446      0.688075   20419.000000      5.745731
 6    -1.103910    0.043277      0.699075   26153.000000      8.010926
 7    -1.188023    0.044407      0.708720   35221.000000     12.154199
 8    -1.258252    0.027722      0.716773   44164.000000     17.408722
 9    -1.350010    0.115454      0.727295   52790.000000     23.325066
10    -1.515381    0.054940      0.746259   65830.000000     32.335720
3.486730    1.068147    
0.407896    0.926962    1.266708    1.336092    
3.841014    2.584778    1.224246    1.157243    0.752648    1.315571    
3.842312    2.551414    1.165265    5.636635    1.139021    0.800499    1.269715    1.278111    
3.849034    2.548460    0.719692    5.958485    5.831059    1.055190    0.905006    1.316629    1.083259    1.317308    
1.079463    0.349209    5.225756    3.782366    1.534732    5.580588    1.387387    1.230575    0.141258    1.391747    1.255248    1.429332    
3.427684    0.399108    2.571545    4.760696    6.259500    4.205776    1.954723    1.187501    1.461464    0.494887    1.407613    1.341006    0.353624    0.243864    
3.983330    2.606530    1.123410    0.814540    4.352077    5.007422    5.719519    3.575871    1.202236    0.823059    1.244636    0.355056    1.302210    1.450338    1.353127    0.236742    
3.805520    2.289976    0.932532    5.929741    1.582512    5.963670    2.939268    4.546753    5.155210    0.854046    0.980863    1.301564    1.435313    1.085596    1.287140    1.346449    1.223041    0.263124    
3.573262    1.195791    1.804335    4.847888    6.206680    4.257998    1.914051    3.236408    1.530680    6.283185    1.031497    1.443004    0.519673    1.544394    1.414959    0.269135    0.302406    0.318176    0.062271    1.455130    
