 8    -2.829359    3.814792    0.143862
-1.121427  0.552710  -0.128515  -0.098978  0.525132  0.641744  1.041625  -0.042823  1.512432  -1.412685  -0.643521  0.264371  -1.049341  1.305647  0.713874  1.167148  0.704935  -0.414135  0.073798  1.057499  0.449541  0.053513  -0.031501  0.826730  0.584970  -0.994272  0.246403  0.018999  
0.265317  0.352794  -0.168436  -0.300360  0.220624  0.335685  0.219398  -0.248170  
 1    -1.463853    0.377303      0.794480   3219.000000      0.511734
 2    -2.276333    0.732065      0.916765   6621.000000      1.258276
 3    -2.665442    0.921695      0.975329   11716.000000      2.518767
 4    -2.772753    0.967737      0.991480   20086.000000      5.027716
 5    -2.806295    0.988183      0.996529   30856.000000      9.035511
 6    -2.824058    0.997485      0.999202   49454.000000     17.808125
 7    -2.827846    0.999170      0.999772   94266.000000     42.083960
 8    -2.828416    0.999434      0.999858   139282.000000     70.424629
 9    -2.828709    0.999601      0.999902   189428.000000    105.476146
10    -2.828743    0.999692      0.999907   202695.000000    118.674256
5.234671    0.545838    
4.123621    5.173977    0.760471    0.412815    
3.456152    3.881816    4.312944    0.694059    0.528738    0.292910    
2.548734    3.681359    3.556343    4.020901    0.662826    0.552289    0.401357    0.201311    
2.285306    3.536680    3.294179    3.663612    4.422523    0.661896    0.547133    0.423295    0.308891    0.107851    
1.744149    3.257557    3.143481    3.348354    3.823258    4.863390    0.674305    0.533972    0.469615    0.370344    0.247551    0.085295    
1.537539    2.821168    2.792343    2.860320    3.161255    3.619950    4.564880    0.656760    0.496740    0.441467    0.382040    0.297770    0.192162    0.076421    
1.456331    2.631618    2.573786    2.365311    2.127682    2.607505    3.403707    4.401943    0.644549    0.476168    0.405120    0.312158    0.253119    0.239149    0.164945    0.067189    
1.340627    2.462688    2.567351    2.501620    2.139701    2.176575    3.026756    3.726706    4.240942    0.634973    0.480864    0.425503    0.345113    0.241296    0.247928    0.209506    0.126951    0.042769    
1.378717    2.491817    2.619678    2.699180    2.866307    3.118193    3.532062    4.298517    5.269146    5.809299    0.634144    0.477984    0.435894    0.389450    0.324741    0.247480    0.163939    0.077295    0.000000    1.558649    
