 8    -4.688067    4.190883    0.389485
0.430938  -0.542637  0.194046  0.385938  -0.267642  0.217277  -0.090503  -1.006812  0.651659  0.164604  -0.647003  0.385322  1.784355  -0.112984  1.501999  0.249831  0.201717  -0.118379  -2.445190  -0.479024  -0.094391  0.396033  -0.461941  -0.823301  -1.196468  -0.730448  -0.438865  -1.367512  
-0.300000  1.000000  1.000000  1.000000  1.000000  1.000000  1.000000  1.000000  
 1    -1.265084    0.025761      0.614483   3657.000000      0.597599
 2    -1.478616    0.004301      0.638533   6453.000000      1.270778
 3    -1.668808    0.023800      0.659953   9613.000000      2.089694
 4    -1.698070    0.028576      0.663249   14381.000000      3.428971
 5    -1.730896    0.029432      0.666946   18817.000000      5.081343
 6    -1.812926    0.054691      0.676185   24581.000000      7.802538
 7    -1.838422    0.032121      0.679056   32136.000000     11.445686
 8    -1.994968    0.206115      0.696687   44201.000000     18.812682
 9    -2.086582    0.168037      0.707005   56750.000000     26.823514
10    -2.045002    0.194769      0.702322   64375.000000     35.815521
0.432114    0.520465    
0.340101    0.418112    0.795596    0.400948    
0.470436    0.870019    0.140524    0.497740    0.755674    0.881778    
0.474065    0.861847    0.146951    1.522747    0.512009    0.744396    0.903996    1.498564    
0.476307    0.858770    0.146469    1.524173    3.328729    0.509308    0.750190    0.879951    1.469970    0.078570    
0.468385    0.850310    0.133972    0.931610    3.905107    0.693305    0.484833    0.758563    0.865724    0.136123    0.097585    0.096952    
0.330891    0.365585    1.189788    4.311193    2.995870    3.895408    2.999505    0.738846    0.513614    0.265810    1.417862    1.385508    1.401667    1.416666    
0.382216    0.387747    3.581600    5.529234    2.461961    5.524892    1.938634    4.796385    0.824875    0.456375    0.245959    1.456169    0.277881    1.505878    1.320972    1.462738    
0.230148    0.339129    0.324935    3.721369    2.651211    4.390634    6.107505    1.331210    5.580129    0.726321    0.594980    0.414944    0.234133    1.443842    0.207274    0.061065    1.357284    0.152165    
0.440907    1.361054    0.161184    3.059245    4.458922    2.538029    5.626189    0.940142    2.270548    6.052869    0.515604    0.994180    0.570343    0.133073    1.535784    0.092384    1.426463    1.477467    0.166542    0.178719    
