 8    -4.800396    4.705330    0.078549
-1.450948  1.910953  0.711879  -0.247738  0.361466  -0.032950  -0.221347  0.477257  -0.691939  0.792006  0.073249  1.303286  0.213481  1.017349  1.911712  -0.529672  1.842135  -1.057235  -0.862916  0.237631  -1.154182  1.214984  -1.293759  0.822723  -0.332151  -1.281429  0.218538  2.083474  
-0.355992  -0.296329  0.247675  -0.233090  -0.250222  -0.283442  -0.247175  0.314307  
 1    -2.887560    0.421320      0.798770   3120.000000      0.494895
 2    -3.899913    0.766928      0.905269   7451.000000      1.439216
 3    -4.616912    0.941472      0.980698   11502.000000      2.501970
 4    -4.769518    0.986857      0.996752   20598.000000      5.205774
 5    -4.795570    0.997335      0.999492   32488.000000      9.826941
 6    -4.798607    0.999210      0.999812   63979.000000     24.436072
 7    -4.799775    0.999812      0.999935   109980.000000     50.531491
 8    -4.799800    0.999823      0.999937   127230.000000     60.249809
 9    -4.799851    0.999837      0.999943   154647.000000     76.977492
10    -4.799867    0.999842      0.999944   144162.000000     72.903193
5.599643    0.550410    
4.018967    5.609666    0.834594    0.452813    
3.335942    3.182551    4.486372    0.668708    0.548848    0.350401    
2.251801    3.418823    3.173989    3.822247    0.657618    0.574787    0.405726    0.243105    
1.626918    3.098913    2.933196    3.244611    3.824015    0.684555    0.543877    0.483932    0.369974    0.181514    
1.505251    2.846906    2.803177    2.965617    3.253742    3.888958    0.669853    0.524703    0.478484    0.387101    0.263929    0.092385    
1.411807    2.605138    2.543409    2.625996    2.916093    3.296393    4.284238    0.658620    0.493031    0.446778    0.387493    0.306730    0.190095    0.063734    
1.393584    2.558060    2.500158    2.577181    2.867539    3.216348    3.779212    2.558497    0.654985    0.487597    0.441695    0.387624    0.312443    0.200291    0.068429    0.016142    
1.332065    2.466311    2.517824    2.620957    2.828635    3.064402    3.534486    3.218737    5.829468    0.651378    0.494657    0.453075    0.403618    0.327594    0.217306    0.099453    0.002074    1.553169    
1.366994    2.526952    2.579043    2.666555    2.883775    3.128446    4.385363    3.768267    4.615619    3.129343    0.653145    0.498318    0.457879    0.399531    0.315569    0.204036    0.058306    1.503560    1.526337    1.555669    
