 8    -3.953234    4.077435    0.444350
0.709056  0.857144  1.688367  2.164774  -0.970375  1.072576  1.688920  0.015477  -0.012332  0.213066  0.651998  -0.178201  -0.044454  0.014322  0.032892  -0.075229  0.562198  -0.798122  0.466570  -1.022600  -0.664590  0.718755  -0.118972  0.880513  -1.007053  -0.598255  1.452177  -0.683331  
-0.300000  1.000000  1.000000  1.000000  1.000000  1.000000  1.000000  1.000000  
 1    -0.547109    0.001087      0.575860   2481.000000      0.645665
 2    -1.287439    0.000495      0.668048   6279.000000      1.489214
 3    -1.449064    0.001135      0.688174   9388.000000      2.223741
 4    -1.558396    0.001708      0.701788   13723.000000      3.346746
 5    -1.681223    0.004144      0.717083   17700.000000      4.755757
 6    -1.718212    0.004893      0.721689   25106.000000      7.530967
 7    -1.620585    0.002127      0.709532   31823.000000     11.148190
 8    -1.794248    0.003954      0.731157   40324.000000     15.789145
 9    -1.870671    0.001212      0.740674   56389.000000     26.253101
10    -1.844919    0.005816      0.737467   70690.000000     37.233490
0.491419    0.564716    
0.513263    0.811832    0.458480    0.397272    
0.503260    0.814823    0.523301    0.450130    0.416967    0.159876    
0.496871    0.859158    0.535048    2.064250    0.467274    0.378119    0.230453    0.166682    
0.459910    0.962504    0.559337    1.842036    0.490757    0.559766    0.359099    0.254864    0.143164    0.190565    
0.487235    0.970360    0.639881    1.804110    0.571366    4.853593    0.551371    0.406784    0.254313    0.183541    0.237955    0.099328    
0.481787    0.858083    0.551597    6.283185    2.719355    4.230323    4.148050    0.476565    0.353804    0.190933    0.072978    0.156933    1.402030    0.075111    
0.472143    1.069311    0.563991    1.724915    0.619195    3.350298    1.942101    3.315162    0.673879    0.416748    0.271170    0.141513    0.263020    1.450847    1.502139    1.485788    
0.548352    1.205808    0.408161    1.309483    0.500647    3.588805    4.759612    5.407596    2.772057    0.755590    0.463690    0.343482    0.165059    0.063104    0.132145    0.104498    0.125749    0.117568    
0.472080    0.790250    5.037316    4.363133    0.074843    2.608320    1.071666    1.339349    1.449603    3.192480    0.452209    0.237048    1.487942    0.704069    0.913066    1.486911    0.255737    0.249242    0.164274    0.153052    
