 8    -3.484223    3.466263    0.696414
0.439265  0.438488  1.147810  -0.067318  1.282502  1.203008  1.135877  -0.804010  -0.355338  1.115535  0.416017  0.281031  0.602493  -0.502367  -0.360674  -0.046913  -0.271253  1.007771  0.968143  0.644780  0.042835  0.213668  0.719655  -0.648750  -0.936063  -0.101636  -0.105031  1.266631  
-0.300000  1.000000  1.000000  1.000000  1.000000  1.000000  1.000000  1.000000  
 1    -0.341142    0.015082      0.547790   2652.000000      0.446683
 2    -0.498253    0.030393      0.570394   5586.000000      1.139833
 3    -0.657065    0.030759      0.593243   8916.000000      2.014626
 4    -0.764532    0.041839      0.608705   13841.000000      3.421326
 5    -0.849672    0.049046      0.620954   17913.000000      4.812668
 6    -0.932351    0.121129      0.632850   25402.000000      7.998089
 7    -1.044219    0.127353      0.648945   30026.000000     10.318619
 8    -1.135957    0.175221      0.662144   38901.000000     15.698170
 9    -1.162124    0.182205      0.665908   50690.000000     22.821762
10    -1.333515    0.209154      0.690567   62526.000000     32.581740
5.717003    0.889776    
5.659950    5.795475    0.942811    0.277015    
5.646834    5.860063    3.525594    0.922695    0.298025    1.291804    
5.663224    5.831334    3.571820    6.283185    0.931005    0.304944    1.274092    0.223693    
5.637302    5.780329    3.687214    6.283185    6.283185    0.935811    0.356933    1.281149    0.321171    0.187650    
5.662192    5.864338    3.480762    2.697221    3.773331    2.205698    0.887939    0.268735    1.244261    1.486439    0.315535    0.171977    
5.636551    3.329842    2.521538    3.522794    2.686638    3.783973    6.283185    0.955778    0.115320    0.289590    1.254574    1.498116    0.301739    0.200610    
5.645936    5.808016    3.479178    5.258758    1.231496    6.283185    3.503297    5.260294    0.925167    0.295866    1.206145    1.447456    0.201768    0.215652    0.132575    0.210345    
5.672029    5.856281    3.442366    2.703748    3.795691    2.279737    4.148353    5.249984    5.923138    0.873317    0.259502    1.257863    1.450524    0.364509    0.179065    0.212126    1.478283    1.491485    
5.687599    5.956495    3.085163    4.936145    1.756725    6.283185    4.115680    6.283185    4.817342    0.650404    0.794864    0.165149    1.355939    1.479970    0.398678    0.313986    1.262301    0.276423    0.245017    0.073801    
