 8    -3.953234    4.077435    0.444350
0.709056  0.857144  1.688367  2.164774  -0.970375  1.072576  1.688920  0.015477  -0.012332  0.213066  0.651998  -0.178201  -0.044454  0.014322  0.032892  -0.075229  0.562198  -0.798122  0.466570  -1.022600  -0.664590  0.718755  -0.118972  0.880513  -1.007053  -0.598255  1.452177  -0.683331  
-0.434221  0.130674  0.223814  -0.190339  0.261874  -0.211066  -0.792149  0.196107  
 1    -2.000114    0.257833      0.756792   3261.000000      0.534123
 2    -3.060736    0.599503      0.888864   6601.000000      1.303313
 3    -3.533628    0.741746      0.947750   11697.000000      2.623767
 4    -3.800684    0.889912      0.981004   18726.000000      4.667443
 5    -3.879118    0.937297      0.990771   29130.000000      8.374040
 6    -3.919629    0.970935      0.995815   44446.000000     15.449318
 7    -3.936125    0.985636      0.997870   65082.000000     26.527335
 8    -3.947719    0.996302      0.999313   96181.000000     44.397094
 9    -3.950523    0.998129      0.999662   130001.000000     66.659801
10    -3.951462    0.998892      0.999779   206207.000000    124.343855
4.370998    0.667216    
2.649019    3.458744    0.596021    0.403254    
2.270635    2.753511    3.641030    0.613155    0.480896    0.270120    
1.911176    2.649650    2.520360    3.441863    0.625929    0.499670    0.341135    0.233007    
1.417836    2.349143    2.397742    2.593602    3.139793    0.613008    0.486451    0.417670    0.276732    0.173728    
1.271705    2.284962    2.246278    2.310880    2.606007    3.079655    0.636485    0.485845    0.408094    0.329979    0.217531    0.117739    
1.211047    2.219668    2.227732    2.296724    2.544504    2.832465    3.699738    0.628064    0.489292    0.417988    0.339269    0.258265    0.164551    0.065900    
1.119976    2.058894    2.086732    2.172402    2.345524    2.694932    2.842596    3.527345    0.627759    0.469954    0.412945    0.354620    0.279355    0.218778    0.111810    0.061831    
0.991773    1.823113    1.942949    2.027564    2.150462    2.410474    2.585836    2.944340    3.135307    0.609102    0.453535    0.405869    0.355935    0.303156    0.234441    0.175974    0.087636    0.048949    
0.902708    1.716895    1.891611    1.976123    2.072441    2.264848    2.455582    2.697372    3.007353    3.152866    0.605255    0.457643    0.409306    0.360590    0.314917    0.255570    0.198257    0.131174    0.072667    0.029205    
