 8    -3.175439    4.428104    0.004540
1.388700  1.788755  0.578529  -1.270554  -1.258753  -0.139977  -0.346450  -1.133400  0.839501  -1.195614  -0.891264  0.056036  -0.382613  -1.776864  -0.436097  0.527447  -0.499284  0.978743  -0.462637  -0.235565  0.134705  0.247562  -0.517419  -0.054777  0.724381  -0.410012  0.210369  -0.298181  
-0.300000  1.000000  1.000000  1.000000  1.000000  1.000000  1.000000  1.000000  
 1    -1.183665    0.018874      0.738047   3450.000000      0.566044
 2    -1.530827    0.002225      0.783705   6110.000000      1.192476
 3    -1.725429    0.003517      0.809298   9263.000000      2.056138
 4    -1.685516    0.002781      0.804049   12887.000000      3.150867
 5    -1.722932    0.002951      0.808970   18005.000000      4.925768
 6    -1.880227    0.001907      0.829657   23549.000000      7.246423
 7    -1.829584    0.000769      0.822996   29137.000000     10.285851
 8    -1.990717    0.002974      0.844188   42132.000000     17.605377
 9    -2.088961    0.000353      0.857109   50556.000000     23.432058
10    -2.127000    0.000139      0.862112   65863.000000     35.881317
0.450608    0.528817    
0.358783    0.443853    0.818440    0.441236    
0.279206    0.243708    0.351673    0.619183    0.518218    0.333722    
0.354170    0.368122    1.161278    6.241564    0.764682    0.474913    0.169390    0.077041    
0.355081    0.374031    1.215668    0.909276    3.823327    0.764969    0.485100    0.257680    1.448930    1.525994    
0.391467    0.355088    1.121137    4.659739    2.954754    6.261043    0.782102    0.444158    0.143699    1.413650    1.433162    1.469858    
0.370060    0.405175    3.739297    4.972026    2.469110    4.369177    5.855209    0.814754    0.537342    0.146153    1.479778    0.191268    1.474872    0.099979    
0.398218    0.355401    1.108604    4.813792    4.286860    5.324988    3.346122    2.058329    0.769137    0.481434    0.252358    1.510076    0.160043    0.106853    1.450991    1.439447    
0.213342    0.344231    0.332371    5.739783    2.966971    5.761758    2.986981    2.673759    3.464710    0.710164    0.620951    0.337767    1.375006    1.380070    0.043645    0.023177    1.462716    0.159539    
0.195110    0.305055    0.330621    5.760395    3.825827    5.349956    3.992992    3.567789    2.658362    3.993236    0.644881    0.611262    0.427102    1.412933    1.377435    1.453280    1.478909    0.052331    1.480289    1.470005    
