 8    -4.166280    4.079810    0.734578
1.980655  1.795750  -0.728124  -0.283760  1.757234  -0.700888  0.749530  1.466181  -0.359759  -0.314563  -0.497060  -0.582411  0.826093  0.847297  -0.248796  -1.247295  -0.320472  0.092944  -0.984481  -0.621929  0.498765  0.203754  0.685531  1.081797  -0.182269  -1.166652  0.568559  0.322269  
-0.300000  1.000000  1.000000  1.000000  1.000000  1.000000  1.000000  1.000000  
 1    -0.258055    0.006665      0.526051   2757.000000      0.537306
 2    -0.707127    0.004616      0.580510   6633.000000      1.594113
 3    -0.770203    0.002462      0.588159   10493.000000      2.869964
 4    -1.004352    0.004020      0.616554   14495.000000      3.650835
 5    -1.194732    0.016316      0.639642   19647.000000      5.321320
 6    -1.464006    0.000613      0.672296   27328.000000      8.398839
 7    -1.344357    0.036236      0.657787   33702.000000     11.519356
 8    -1.315164    0.034180      0.654246   42047.000000     16.382086
 9    -1.661651    0.000048      0.696265   54827.000000     24.896243
10    -1.547158    0.008399      0.682380   75117.000000     39.751589
1.253506    0.384122    
1.021819    0.741209    0.600512    0.414973    
0.972765    0.811787    3.979742    0.594624    0.409823    0.254409    
0.528432    0.655658    4.176208    1.568353    0.491717    0.374771    0.159445    1.516095    
1.103283    0.802334    4.272359    5.898338    5.913632    0.675359    0.449543    0.206700    1.364805    0.479362    
0.404844    0.446213    0.587399    0.671205    6.068951    3.268576    0.537015    0.375199    0.333787    0.133763    1.380355    0.203175    
1.139465    0.803223    4.275837    5.812626    5.980716    4.744431    2.273092    0.689702    0.470210    0.237308    1.377256    0.431938    1.420691    0.143286    
1.107411    0.809428    3.995249    0.391191    5.758433    5.963011    4.924887    4.270942    0.677045    0.433780    0.090639    0.190087    1.402747    0.450717    1.433041    0.074198    
0.424159    0.467080    0.622165    0.814068    5.930481    5.894249    5.052482    3.006162    4.662634    0.512299    0.389777    0.221964    0.154989    1.518933    1.431321    1.430973    1.418957    0.093431    
0.477356    0.480485    0.683638    4.588172    3.922729    1.718371    0.647811    1.798903    1.974618    1.519312    0.511751    0.393827    0.311868    1.511918    1.418336    1.495138    1.442334    1.365706    1.477530    0.091686    
