 8    -4.503054    4.829035    0.140561
-0.374470  1.163536  1.171028  0.762805  -1.399164  -0.805286  -0.567384  0.003154  0.933997  -1.232669  0.347803  0.644465  0.018927  -0.473181  -1.407803  -1.970348  0.821106  0.569608  -1.868063  0.428322  2.014901  -0.007186  0.598445  0.461798  -1.053029  0.552033  -0.613530  0.955068  
0.674475  -0.016578  -0.351338  -0.406126  -0.412199  -0.198693  0.431136  -0.307319  
 1    -2.520332    0.230350      0.787537   3672.000000      0.593079
 2    -3.919794    0.433096      0.937500   7007.000000      1.335218
 3    -4.319353    0.527576      0.980315   11636.000000      2.526615
 4    -4.406812    0.557001      0.989687   17585.000000      4.384574
 5    -4.418999    0.552696      0.990993   26432.000000      7.548023
 6    -4.421036    0.559647      0.991211   37132.000000     12.320867
 7    -4.438642    0.568799      0.993098   51981.000000     19.823030
 8    -4.450421    0.873899      0.994360   69045.000000     29.881943
 9    -4.473609    0.881028      0.996845   95385.000000     46.517916
10    -4.457325    0.949877      0.995100   130487.000000     73.585418
2.754047    0.551529    
2.360036    2.842247    0.761734    0.401305    
1.802945    1.943299    2.356813    0.637215    0.498127    0.274486    
1.336115    1.814409    1.805981    2.122302    0.602070    0.499207    0.358942    0.181818    
1.340941    1.813794    1.810001    2.163282    6.114026    0.605517    0.500446    0.363077    0.216774    1.528254    
1.236059    1.801076    1.746591    2.079760    5.832883    5.994735    0.600356    0.500461    0.366827    0.232751    1.507610    0.025706    
0.869627    1.660511    1.655719    1.780443    2.178036    6.102698    6.283185    0.632688    0.497093    0.429425    0.327909    0.185752    1.521503    0.015967    
1.457005    1.870738    2.166654    5.502811    6.047034    2.551370    2.276861    2.440635    0.601521    0.520070    0.369735    1.377217    0.224067    0.251122    0.218898    0.101471    
0.889921    1.757384    1.743634    2.097713    5.630705    6.028601    2.514458    2.265186    2.419977    0.633430    0.510478    0.440868    0.322821    1.405178    0.200946    0.226914    0.196654    0.090334    
1.470697    1.886433    2.233464    5.608992    6.283185    3.175813    6.009883    3.516485    3.224607    2.783396    0.606576    0.526781    0.372256    1.401586    0.189806    0.162149    1.570796    0.125951    0.155938    0.078520    
