 8    -4.362999    5.261601    0.596621
-1.347907  0.938718  1.021825  0.788287  -2.600565  0.373243  -1.052956  0.132503  0.415469  -0.735163  2.955965  1.631560  -0.638114  -1.002116  -0.091526  -0.602506  -0.684845  -0.295842  0.911793  0.673155  0.771728  0.885360  -0.357356  0.310439  -0.297568  0.015547  -0.755597  1.064481  
-0.300000  1.000000  1.000000  1.000000  1.000000  1.000000  1.000000  1.000000  
 1    -0.297880    0.007377      0.577632   2817.000000      0.536304
 2    -0.532159    0.019562      0.601974   6461.000000      1.400189
 3    -0.773187    0.064359      0.627017   10696.000000      2.871269
 4    -1.000932    0.074017      0.650680   15700.000000      4.554080
 5    -1.144640    0.110757      0.665611   19653.000000      5.277719
 6    -1.195674    0.112477      0.670914   25197.000000      7.456226
 7    -1.437747    0.046498      0.696065   31929.000000     10.556006
 8    -1.460518    0.180017      0.698431   44445.000000     17.688777
 9    -1.612827    0.109270      0.714256   52533.000000     23.159449
10    -1.618686    0.140557      0.714865   64169.000000     31.884119
5.672254    0.344325    
5.739317    5.426115    0.316469    0.498630    
5.682273    5.160738    5.597550    0.525050    0.535270    1.003998    
5.588725    5.076161    5.671433    3.766711    0.493864    0.434384    1.207288    1.226945    
5.551344    5.058333    5.693141    3.799641    5.138482    0.463260    0.439453    1.159305    1.221971    1.374314    
5.575242    5.048942    5.679788    3.802339    5.108302    1.181256    0.453283    0.430130    1.152849    1.215143    1.393952    1.458683    
5.454875    4.942518    5.802587    3.710807    5.210344    4.858645    5.926760    0.358849    0.252257    1.285142    0.987986    1.492842    1.254656    1.348962    
5.683513    5.054140    5.588867    3.891230    5.281366    0.879149    3.344380    0.377320    0.446290    0.507483    0.979064    1.183471    1.165195    1.333889    0.799307    0.892254    
5.498816    4.925314    5.726561    3.747691    5.275639    4.850318    5.894711    3.176924    2.730420    0.342915    0.193800    1.306523    1.007240    1.458549    1.297824    1.324163    1.415335    1.454028    
1.030508    4.628809    5.499597    5.524688    3.835234    4.731407    1.651594    6.281152    2.938977    1.183801    1.570796    0.532760    0.436156    1.248853    1.058020    1.254942    0.224540    0.219377    1.371749    1.460799    
