 8    -3.484223    3.466263    0.696414
0.439265  0.438488  1.147810  -0.067318  1.282502  1.203008  1.135877  -0.804010  -0.355338  1.115535  0.416017  0.281031  0.602493  -0.502367  -0.360674  -0.046913  -0.271253  1.007771  0.968143  0.644780  0.042835  0.213668  0.719655  -0.648750  -0.936063  -0.101636  -0.105031  1.266631  
-0.319833  0.242525  0.278531  0.282601  -0.277794  0.237688  0.241807  -0.353563  
 1    -1.840616    0.438973      0.763526   3162.000000      0.500207
 2    -2.855016    0.780472      0.909473   7245.000000      1.388172
 3    -3.356730    0.957809      0.981657   11894.000000      2.551773
 4    -3.458911    0.990494      0.996358   20617.000000      5.170813
 5    -3.478687    0.997382      0.999203   32736.000000      9.835287
 6    -3.482020    0.999230      0.999683   55595.000000     20.627131
 7    -3.483880    0.999893      0.999951   115178.000000     53.740570
 8    -3.483882    0.999894      0.999951   103353.000000     47.775278
 9    -3.483884    0.999894      0.999951   140664.000000     69.976110
10    -3.483883    0.999894      0.999951   150102.000000     78.434395
5.203715    0.554980    
4.002720    5.272958    0.820768    0.446256    
3.405570    3.274561    4.155459    0.690127    0.525650    0.325816    
2.260568    3.287543    3.156667    3.703376    0.644019    0.565186    0.406595    0.229166    
1.538843    3.104348    2.887134    3.164232    3.691412    0.694170    0.545897    0.482982    0.369237    0.180557    
1.531378    2.989368    2.882893    3.104981    3.469318    4.386281    0.682380    0.541420    0.486402    0.385901    0.250735    0.069205    
1.397766    2.642439    2.554048    2.639455    2.938700    3.348033    4.452516    0.661720    0.500304    0.449272    0.386834    0.305527    0.192096    0.070754    
1.395879    2.640969    2.546915    2.627212    2.929583    3.350760    4.453962    5.890534    0.661700    0.499835    0.447733    0.385758    0.305094    0.191850    0.067886    1.569053    
1.392765    2.632194    2.546227    2.637390    2.942488    3.360280    4.469549    4.256611    3.308964    0.661111    0.499503    0.448703    0.388084    0.305763    0.190056    0.063061    1.565910    1.568589    
1.390245    2.630129    2.557470    2.638782    2.935008    3.351156    4.459615    4.985517    2.164353    6.039704    0.660466    0.500529    0.449923    0.386915    0.303970    0.188635    0.061628    1.566038    1.570134    0.000029    
