 8    -4.987678    5.159273    0.990191
-0.736260  0.440260  0.731900  0.254316  -1.807715  1.053235  -2.661686  -1.076339  0.484691  0.170791  0.129711  -0.386408  1.199626  -1.070269  -1.157811  -0.271514  -0.071525  -0.862646  -0.789977  0.300384  -0.166081  0.298657  1.737711  0.311688  1.138495  0.966284  0.786999  0.293484  
-0.295324  0.115194  0.172015  0.799962  0.189670  -0.211435  0.183398  -0.267707  
 1    -2.516120    0.304043      0.756424   3315.000000      0.557087
 2    -3.898951    0.657810      0.892704   6859.000000      1.332891
 3    -4.399533    0.808830      0.942037   11999.000000      2.624550
 4    -4.759531    0.904825      0.977516   19541.000000      4.768438
 5    -4.901269    0.957287      0.991484   28721.000000      8.244868
 6    -4.947599    0.972462      0.996050   40081.000000     13.518825
 7    -4.965132    0.982296      0.997778   63870.000000     25.976179
 8    -4.978819    0.995762      0.999127   92369.000000     44.328010
 9    -4.984534    0.998441      0.999690   147026.000000     83.139811
10    -4.986347    0.999431      0.999869   222898.000000    145.294467
5.365654    0.645418    
3.132663    3.528989    0.524290    0.405659    
2.495158    3.051907    3.085087    0.551256    0.394073    0.236703    
2.378385    3.011412    2.865011    3.733041    0.625412    0.487929    0.284122    0.220223    
2.092258    2.594216    2.487385    3.058374    2.949001    0.590893    0.448569    0.359721    0.207792    0.165288    
1.375562    2.527104    2.497716    2.558357    2.940933    3.115685    0.612616    0.473671    0.396027    0.312496    0.191604    0.124431    
1.353411    2.283299    2.329189    2.441706    2.588540    3.078702    3.108130    0.618923    0.451422    0.390659    0.330025    0.261821    0.151612    0.081315    
1.302201    2.356069    2.374583    2.478573    2.675319    3.101767    3.076498    4.022502    0.625970    0.460241    0.400460    0.342406    0.255360    0.212043    0.084631    0.065180    
1.244083    2.139521    2.168833    2.257528    2.410155    2.770653    2.843268    3.358081    3.335752    0.612940    0.433787    0.382315    0.333251    0.281285    0.210480    0.170404    0.064220    0.061772    
1.103015    1.986900    2.137859    2.200525    2.321609    2.550762    2.777265    3.031365    3.373347    3.519426    0.599079    0.444440    0.393129    0.339581    0.297509    0.239201    0.186146    0.132716    0.065999    0.044440    
