 8    -3.761463    3.999432    0.193942
-0.894779  0.121654  -0.763285  -0.481901  1.059032  0.356689  -0.392180  1.515508  -0.183340  -0.140353  -1.015118  -1.061475  -0.607602  1.142866  0.181214  0.037874  0.814313  -0.188506  0.959805  -0.357926  -1.180893  -0.575264  -0.207069  -0.544600  1.494800  -0.153919  -1.374320  0.848533  
0.799962  0.122897  -0.165930  0.185260  -0.157887  0.189102  0.155911  0.249240  
 1    -1.897293    0.282640      0.759800   3117.000000      0.490415
 2    -2.900373    0.632125      0.889048   7013.000000      1.335980
 3    -3.404199    0.756535      0.953966   12175.000000      2.564086
 4    -3.656123    0.900348      0.986427   19261.000000      4.849257
 5    -3.721896    0.943832      0.994902   35209.000000     10.895287
 6    -3.749577    0.988774      0.998468   56538.000000     20.633241
 7    -3.755816    0.997095      0.999272   90271.000000     38.879819
 8    -3.758465    0.997643      0.999614   124366.000000     59.878886
 9    -3.760051    0.999211      0.999818   227338.000000    131.686550
10    -3.760848    0.999652      0.999921   376164.000000    248.902451
6.283185    0.643116    
4.304385    6.128377    0.608285    0.415112    
3.712064    4.505425    6.283185    0.617555    0.495593    0.299957    
3.077766    4.269341    3.939017    6.035316    0.612488    0.497899    0.358028    0.265160    
2.145985    3.870563    3.907781    4.026938    5.568943    0.621595    0.491850    0.430749    0.300232    0.213026    
1.973590    3.660512    3.590233    3.636470    3.987248    5.029799    0.641047    0.483927    0.410366    0.345067    0.226386    0.156495    
1.800257    3.230346    3.324946    3.461086    3.690417    4.374716    4.666367    0.622040    0.458171    0.408316    0.355463    0.281406    0.184735    0.087664    
1.755542    3.208728    3.324234    3.468290    3.691896    4.246884    4.403754    6.009494    0.623062    0.463387    0.415391    0.363463    0.295130    0.220268    0.124919    0.047904    
1.577484    2.847384    3.072527    3.226030    3.401135    3.744437    4.071754    4.420546    5.540931    0.605184    0.444706    0.404009    0.360448    0.314460    0.240985    0.184900    0.089936    0.044427    
1.260082    2.585781    2.980858    3.094040    3.198307    3.364700    3.629640    3.970065    4.512865    5.349371    0.604548    0.473498    0.411373    0.366273    0.327757    0.272863    0.214641    0.165917    0.082384    0.042198    
