 8    -5.293840    7.126406    0.259857
1.736738  1.897914  -2.106773  -0.148912  0.583062  -2.259233  0.137240  -0.701213  -0.620780  -0.479620  1.209739  -1.075184  0.806919  -0.290783  -0.220948  -0.169156  1.100834  0.082511  -0.004376  -1.722558  1.057556  -2.517913  -1.910640  1.306455  0.424398  -0.469168  -1.006073  -0.921923  
-0.374668  0.225960  0.255992  -0.306620  0.070799  -0.352963  -0.210088  -0.356630  
 1    -2.797707    0.316001      0.799027   3417.000000      0.567522
 2    -4.409085    0.612510      0.928765   6541.000000      1.240312
 3    -5.053842    0.776269      0.980677   11753.000000      2.522339
 4    -5.203157    0.827343      0.992699   17368.000000      4.236449
 5    -5.242339    0.855935      0.995853   29326.000000      8.585833
 6    -5.265924    0.923728      0.997752   44922.000000     15.601381
 7    -5.276382    0.954057      0.998594   79961.000000     34.959416
 8    -5.287273    0.993810      0.999471   110835.000000     53.329080
 9    -5.291114    0.998209      0.999780   180054.000000    100.672432
10    -5.292406    0.999159      0.999885   283388.000000    184.930307
5.058748    0.551607    
4.132888    5.301147    0.785998    0.428306    
3.242812    3.539592    4.321282    0.662473    0.525458    0.306030    
2.339423    3.353128    3.260003    3.858742    0.629055    0.528864    0.388328    0.208751    
1.720116    3.166020    3.010751    3.252637    3.953046    0.659375    0.522506    0.441381    0.337619    0.155499    
1.719865    3.167672    3.054100    3.297118    3.877803    5.149612    0.652248    0.527047    0.450343    0.356818    0.238875    0.087914    
1.600711    2.965158    2.913544    3.092368    3.527641    4.162649    4.754540    0.651146    0.511684    0.450513    0.378421    0.288096    0.177984    0.077456    
1.565829    2.999097    2.906386    3.128862    3.581861    4.227636    4.622366    5.308496    0.653380    0.508084    0.450408    0.372305    0.286634    0.189984    0.151677    0.062169    
1.455123    2.704384    2.701696    2.814932    3.211042    3.695572    4.262455    4.317936    4.928000    0.642500    0.482993    0.434043    0.375096    0.306287    0.224584    0.173123    0.126138    0.055585    
1.368781    2.515069    2.573283    2.610079    2.854837    3.173793    3.650856    3.983510    4.238521    4.681121    0.631785    0.472204    0.420647    0.368404    0.304765    0.236904    0.182180    0.151907    0.104644    0.044014    
