 8    -4.995971    5.280315    1.498315
-1.130571  0.696200  -0.432293  0.741020  -0.478137  1.386040  0.125180  1.148860  -2.350259  0.183293  -0.311386  -0.294066  0.400061  1.005500  0.501643  -0.000668  1.303972  1.073324  -0.515345  1.662900  0.551817  -0.579494  -0.848800  -0.410862  2.160625  -1.557699  0.134852  0.005454  
-0.300000  1.000000  1.000000  1.000000  1.000000  1.000000  1.000000  1.000000  
 1    -0.217434    0.000172      0.534994   2712.000000      0.456489
 2    -0.503410    0.016415      0.562822   6236.000000      1.276466
 3    -0.678356    0.020143      0.579847   9537.000000      2.167166
 4    -0.877931    0.012591      0.599268   14029.000000      3.488773
 5    -1.034871    0.019304      0.614540   19713.000000      5.437667
 6    -1.174321    0.017031      0.628110   27025.000000      8.715006
 7    -1.277884    0.032223      0.638188   32784.000000     11.996924
 8    -1.450123    0.052864      0.654948   44212.000000     18.203447
 9    -1.593991    0.167711      0.668948   51419.000000     23.568693
10    -1.584961    0.029165      0.668070   64744.000000     35.405639
4.815908    0.384313    
4.495869    2.453558    0.489545    0.720649    
1.109998    5.534147    5.931190    1.303714    0.822762    0.396022    
4.577507    2.544399    2.014493    3.886879    0.431988    0.597039    1.353408    1.178555    
4.445050    2.656680    2.001789    3.924097    1.603520    0.262058    0.414181    1.384628    1.257655    1.235150    
4.371648    2.661590    2.070573    3.789421    1.686168    4.190766    0.289691    0.531125    1.373347    1.124894    1.243136    0.348276    
4.438444    2.643134    2.061389    3.825403    1.663819    4.179741    6.277591    0.284759    0.500435    1.375489    1.147193    1.215363    0.290127    1.426958    
4.126577    2.503098    3.367480    3.371945    4.615125    1.567629    0.809945    2.948081    0.092200    0.640241    1.451462    1.108688    0.212717    1.368717    0.443372    1.460526    
3.719585    3.804456    1.836105    5.523208    0.459415    2.612342    5.399752    3.536178    1.647381    0.453688    0.223274    1.395965    0.591321    1.287081    0.321719    0.266598    0.246851    1.330307    
4.224293    2.408701    3.300674    3.419455    4.673675    1.555612    0.766989    2.960040    2.210766    5.345999    0.098358    0.658442    1.442740    1.104194    0.228904    1.360379    0.428978    1.448348    0.087060    1.432843    
