 8    -4.540297    4.155323    1.178834
0.045279  -0.499267  -1.271602  -0.517983  0.510143  -0.288202  -0.237575  -0.498752  -0.734063  1.241094  0.074512  0.214214  0.209978  -1.570645  -0.863728  1.809023  0.669490  -0.298024  -0.167692  -2.031620  1.059673  -2.258756  -0.929584  -0.955863  1.005101  0.164662  0.974701  0.318961  
-0.300000  1.000000  1.000000  1.000000  1.000000  1.000000  1.000000  1.000000  
 1    -0.478815    0.002539      0.532928   3138.000000      0.523473
 2    -0.793321    0.011930      0.569096   6547.000000      1.330851
 3    -1.070007    0.003089      0.600915   10104.000000      2.253949
 4    -1.102254    0.001702      0.604624   14134.000000      3.552443
 5    -1.130700    0.003395      0.607895   18711.000000      5.227026
 6    -1.310758    0.000343      0.628602   24578.000000      7.628189
 7    -1.378044    0.097343      0.636340   31726.000000     11.156555
 8    -1.404760    0.001899      0.639412   39785.000000     15.943954
 9    -1.453394    0.010601      0.645005   55699.000000     26.105311
10    -1.551579    0.000202      0.656296   65860.000000     36.675517
0.400055    0.515008    
0.493874    1.209500    0.460819    1.165695    
0.371131    0.740953    0.442644    0.710807    1.108942    1.237266    
0.388673    0.839096    1.798881    5.654013    0.660142    1.135190    0.330743    1.463856    
0.398130    0.841342    3.219972    1.827638    4.572907    0.661904    1.330551    1.361587    0.276518    1.436703    
0.419053    0.792600    1.741388    3.275849    4.050332    4.317094    0.661389    1.164215    0.344238    0.186204    0.180365    1.395266    
0.929448    1.261318    2.476041    3.360773    3.815708    6.283185    5.363606    0.836023    0.834312    0.522850    0.138083    1.349823    1.190751    1.319952    
0.416641    0.822853    1.746243    3.296768    3.130355    4.451312    2.989494    2.722566    0.695373    1.164397    0.126619    0.220022    0.192356    0.218634    0.150969    0.116268    
0.402081    0.709271    0.333351    0.870923    6.172266    0.040141    1.846720    2.328738    1.528527    0.651297    1.235439    1.197586    0.280267    1.511084    1.477206    0.215252    0.164303    0.066779    
0.412214    0.810375    1.758162    1.855004    5.484621    0.277935    4.224127    3.349759    5.169726    2.863093    0.676984    1.216090    0.269909    1.353987    0.177017    1.432681    1.468330    1.281393    1.425250    0.120293    
