 8    -5.048118    5.269142    0.450498
-1.485170  -0.260205  -1.424565  -0.891399  0.761163  -0.698757  -0.396650  1.243787  0.074518  -0.322948  1.461472  1.241821  0.259419  1.071688  -0.130218  1.885784  -0.705359  0.335575  0.568752  -0.916734  -1.059760  -1.918972  1.679736  -1.131580  -1.168810  -0.301069  3.244311  1.609465  
-0.241119  -0.185617  0.807813  -0.187529  -0.198687  0.240614  0.081535  -0.396819  
 1    -3.027193    0.260825      0.804122   3354.000000      0.535006
 2    -4.066269    0.570114      0.904834   6686.000000      1.270377
 3    -4.508174    0.667452      0.947666   11633.000000      2.497784
 4    -4.821642    0.788934      0.978049   18845.000000      4.638248
 5    -4.912716    0.852613      0.986876   28855.000000      8.393313
 6    -4.959307    0.887940      0.991392   44012.000000     14.954195
 7    -4.998018    0.956011      0.995144   65996.000000     27.360919
 8    -5.017624    0.973939      0.997044   90603.000000     41.529436
 9    -5.024015    0.981006      0.997664   107643.000000     52.694332
10    -5.043104    0.997880      0.999514   159592.000000     90.035342
5.094984    0.640007    
2.672250    3.503542    0.525193    0.421897    
2.323787    2.725123    3.600673    0.567473    0.453118    0.253821    
2.037069    2.646232    2.422012    3.724974    0.608640    0.479129    0.319868    0.243503    
1.632803    2.331344    2.334098    2.635727    3.046386    0.597463    0.455401    0.386504    0.239616    0.178479    
1.363930    2.320557    2.283055    2.391508    2.649226    3.178415    0.628930    0.469337    0.392810    0.316869    0.203123    0.118245    
1.315250    2.459623    2.335735    2.369629    2.872344    2.814807    5.961420    0.675786    0.470124    0.397251    0.329568    0.186258    0.198780    0.107066    
1.255651    2.415292    2.307948    2.319387    2.750705    2.836114    6.234263    6.283185    0.676254    0.471023    0.394037    0.336438    0.184561    0.216643    0.166679    0.068220    
1.251923    2.382038    2.294763    2.323939    2.734170    2.849640    6.283185    6.283185    6.283185    0.668025    0.469133    0.393133    0.332951    0.185622    0.208832    0.151733    0.025744    1.531150    
1.203601    2.153425    2.174103    2.279432    2.446815    2.820658    2.864016    3.466595    2.910948    3.871414    0.635727    0.456917    0.401177    0.343621    0.268822    0.226000    0.147445    0.140052    0.070805    0.051067    
