 8    -5.769104    5.356224    1.376147
-0.772544  -0.339930  -0.892330  0.660013  0.253680  1.573258  -0.578790  -1.557856  0.295479  -0.485479  -0.903351  1.664279  1.799863  -0.172902  0.933821  1.747385  0.371031  0.012570  -1.686818  -0.572064  2.587576  0.465445  2.027005  -0.111384  2.192230  0.297053  0.082519  -0.149784  
0.133238  0.104554  0.800000  0.108389  0.129235  -0.089162  -0.165376  -0.165255  
 1    -2.320610    0.210639      0.690032   3006.000000      0.471527
 2    -4.419283    0.658626      0.878671   7054.000000      1.334399
 3    -5.007959    0.818111      0.931584   11707.000000      2.471195
 4    -5.372296    0.886057      0.964333   17636.000000      4.298531
 5    -5.616464    0.955059      0.986280   29071.000000      8.324773
 6    -5.709043    0.977346      0.994601   45787.000000     15.755910
 7    -5.743031    0.987907      0.997656   70409.000000     28.876887
 8    -5.754605    0.994273      0.998697   115111.000000     56.428433
 9    -5.764977    0.998622      0.999629   180423.000000    100.637834
10    -5.767178    0.999360      0.999827   266237.000000    170.227651
6.283185    0.632453    
5.594523    6.077759    0.425710    0.443712    
4.076042    5.734111    4.848022    0.457418    0.359977    0.251981    
3.899789    5.300193    5.030952    6.283185    0.583818    0.454534    0.232044    0.236567    
3.576361    4.692639    4.488067    5.890904    4.992656    0.564880    0.446529    0.336347    0.181697    0.187595    
2.517093    4.500940    4.452100    4.695708    5.467305    5.282269    0.586117    0.450024    0.381264    0.289669    0.165445    0.147369    
2.318232    4.053778    4.182926    4.453883    4.612205    5.683624    5.231083    0.601629    0.434572    0.374901    0.321049    0.247488    0.138323    0.106897    
2.194529    3.932785    4.102023    4.353885    4.633342    5.199361    5.469078    6.049716    0.589769    0.436137    0.383320    0.323508    0.260723    0.202587    0.096152    0.067984    
2.130818    3.789126    3.959498    4.130918    4.319015    4.985733    5.081743    5.675736    6.019506    0.595487    0.426247    0.372481    0.323621    0.274620    0.201585    0.181203    0.050641    0.072569    
1.822010    3.331762    3.757599    3.968298    4.178404    4.532889    5.051439    5.240799    5.867186    6.109899    0.575813    0.426978    0.378967    0.330042    0.295569    0.235750    0.184684    0.143191    0.050524    0.056318    
