 8    -3.956688    3.851190    0.277739
1.197643  -0.714573  -0.331470  0.595437  0.338292  0.659938  -0.500032  0.115505  -0.342145  -0.596453  -0.067084  1.545699  -0.413591  0.960188  -0.016378  0.482895  -0.638031  0.569905  -2.400921  0.158575  0.180194  -0.618764  0.041434  1.062451  0.299904  0.768707  0.849697  -0.345409  
-0.311827  0.269894  -0.260667  0.304751  0.304073  0.217708  -0.336245  -0.159043  
 1    -2.227624    0.379274      0.778549   3306.000000      0.520905
 2    -3.334995    0.711089      0.920376   7125.000000      1.356935
 3    -3.808914    0.891877      0.981074   11826.000000      2.535940
 4    -3.912959    0.940328      0.994399   20031.000000      4.931488
 5    -3.935141    0.957954      0.997240   33442.000000      9.823999
 6    -3.949402    0.990312      0.999067   48008.000000     16.748837
 7    -3.954470    0.996167      0.999716   83758.000000     36.309857
 8    -3.955366    0.999193      0.999831   108595.000000     51.681003
 9    -3.956081    0.999749      0.999922   162551.000000     87.579460
10    -3.956104    0.999673      0.999925   172440.000000     99.955934
5.088899    0.549667    
4.031064    5.073780    0.798563    0.426990    
3.317466    3.325061    4.029775    0.678021    0.511843    0.300842    
2.357390    3.173120    3.121609    3.620055    0.629352    0.533898    0.385613    0.204873    
1.617103    3.062470    2.849988    3.124841    3.699747    0.665095    0.529502    0.449420    0.345613    0.157170    
1.559488    2.964622    2.871472    3.150678    3.603708    4.739230    0.646691    0.528309    0.462481    0.366277    0.241037    0.082347    
1.352188    2.659881    2.613544    2.738022    3.089351    3.539106    4.454706    0.652558    0.501707    0.446583    0.386825    0.302289    0.191979    0.079793    
1.386173    2.702038    2.651779    2.776109    3.131787    3.560860    4.394414    5.091533    0.656909    0.506302    0.450696    0.390252    0.311051    0.205482    0.117092    0.026249    
1.253147    2.349679    2.435387    2.538444    2.790550    3.091003    3.506939    4.023479    4.999065    0.636416    0.477161    0.434298    0.392713    0.329551    0.252321    0.165031    0.100896    0.027816    
1.307698    2.445305    2.386807    2.371426    2.485165    2.739639    3.278431    4.165612    5.062354    5.579462    0.640274    0.473914    0.413235    0.355753    0.288898    0.233069    0.161504    0.093946    0.009722    1.561324    
