 8    -3.187585    5.053566    0.046690
-1.749765  0.342680  1.153036  -0.252436  0.981321  0.514219  0.221180  -1.070043  -0.189496  0.255001  -0.458027  0.435163  -0.583595  0.816847  0.672721  -0.104411  -0.531280  1.029733  -0.438136  -1.118318  1.618982  1.541605  -0.251879  -0.842436  0.184519  0.937082  0.731000  1.361556  
-0.300000  1.000000  1.000000  1.000000  1.000000  1.000000  1.000000  1.000000  
 1    -0.222770    0.006678      0.640243   3108.000000      0.530568
 2    -0.402046    0.003766      0.661996   5760.000000      1.202162
 3    -0.590754    0.001800      0.684895   9276.000000      2.153410
 4    -0.709019    0.002995      0.699245   13486.000000      3.419919
 5    -0.971585    0.032688      0.731105   19253.000000      5.537450
 6    -0.936811    0.012792      0.726886   24883.000000      7.904329
 7    -1.016572    0.003887      0.736564   33557.000000     12.320801
 8    -1.076109    0.048120      0.743789   42779.000000     18.109366
 9    -1.178808    0.002515      0.756250   51895.000000     24.609326
10    -1.216596    0.044288      0.760836   68522.000000     38.818827
0.306943    1.304054    
4.500196    2.886391    0.982230    1.220412    
6.053458    5.706538    5.791079    0.701093    0.862093    1.252607    
6.098938    4.088873    4.448433    5.364209    1.154324    0.464893    1.127349    1.139302    
0.591192    4.356208    6.238026    2.048568    5.561338    0.923462    0.783132    1.050296    0.330375    0.524134    
0.620696    4.115227    0.614653    4.225044    5.656397    1.637513    1.317732    1.059214    1.240209    0.287375    1.218361    1.253623    
0.111507    4.248984    6.095933    4.742837    3.564255    3.198254    4.476744    1.135880    1.053714    1.261619    0.129295    1.431762    1.307996    0.208744    
0.438587    3.838174    6.162382    4.800648    4.508764    4.360687    3.752407    1.431736    0.096769    1.095636    1.193636    0.210478    1.131023    0.197110    0.365557    1.056205    
0.811556    1.301671    2.321415    4.574983    5.514925    2.715452    6.267818    4.640683    4.402484    1.464357    1.435310    0.970293    0.401401    1.326995    0.266029    0.048590    0.242577    1.434716    
0.661295    4.149275    0.616869    4.201223    5.604575    1.706232    6.116606    1.761927    3.130990    3.851263    1.336048    1.035416    1.244063    0.307525    1.278089    1.234460    0.142179    1.523609    1.404310    1.390815    
