 8    -4.351906    3.386161    0.514991
-0.200346  -0.722750  -1.006436  -0.435368  0.930336  -0.694714  -3.291892  -0.638987  0.114389  0.204070  -0.750726  0.169636  0.328819  -0.584229  0.753944  0.230280  0.240640  -1.494794  -1.133634  0.667369  -0.284219  -0.135895  -1.029348  -0.889640  -0.206062  0.312559  0.289747  -0.294751  
-0.300000  1.000000  1.000000  1.000000  1.000000  1.000000  1.000000  1.000000  
 1    -0.648419    0.001358      0.521394   2913.000000      0.487812
 2    -0.943911    0.006213      0.559581   6284.000000      1.289963
 3    -1.495458    0.016034      0.630858   9335.000000      2.095852
 4    -1.515855    0.042398      0.633494   13556.000000      3.408012
 5    -1.980994    0.006979      0.693604   18412.000000      5.094797
 6    -1.871463    0.038619      0.679449   25331.000000      7.978348
 7    -2.312134    0.002911      0.736398   31742.000000     11.450561
 8    -2.345630    0.004295      0.740726   44199.000000     18.856679
 9    -2.418059    0.002009      0.750087   52698.000000     24.663949
10    -2.168867    0.001980      0.717883   62775.000000     34.303536
1.285947    0.889777    
1.162837    1.073293    0.948764    1.088316    
0.651590    0.926186    2.246560    0.786722    0.973549    1.407083    
1.073198    0.479814    0.572352    2.197922    0.958625    1.395056    1.053702    1.329976    
0.586488    0.828454    1.896290    2.066406    1.048079    0.724433    1.173814    0.200193    1.392789    0.123302    
0.599741    0.891710    2.452040    0.267661    2.166142    4.303461    0.770548    0.957645    1.280583    0.275170    1.444706    1.490909    
0.399359    0.806016    1.335486    3.463186    3.905779    4.305915    0.504524    0.687682    1.219209    1.378857    0.101101    0.057899    1.374317    1.285461    
0.383431    0.817236    1.792960    0.341401    0.883272    1.536145    5.349874    0.472821    0.664949    1.264101    0.220064    0.137376    1.388293    1.448871    1.446310    1.368324    
0.336173    0.405452    0.692255    0.733738    5.999501    0.738720    5.744323    6.120065    1.459399    0.277806    0.811460    0.892529    1.322544    1.462186    1.443354    1.413876    0.235442    0.123578    
0.410912    0.868223    1.209053    3.983330    6.283185    5.020582    4.604336    2.455762    0.872417    6.058797    0.704092    1.078922    1.417722    0.084967    0.181756    0.000000    1.372065    0.000000    0.174174    1.450824    
