 8    -6.601031    6.316458    0.803693
-0.994205  -0.671251  -0.887883  0.195603  1.382997  0.888781  -0.060407  -0.573972  0.071070  -1.079800  1.842317  -1.375264  1.536962  1.111330  0.582643  0.988356  0.304395  -0.174480  0.961648  -1.968457  2.608949  1.927321  -0.187514  1.218037  -2.363810  1.078523  1.704040  -1.534157  
-0.300000  1.000000  1.000000  1.000000  1.000000  1.000000  1.000000  1.000000  
 1    -0.452256    0.001722      0.523996   2814.000000      0.475161
 2    -0.711000    0.005871      0.544027   5506.000000      1.118421
 3    -0.979729    0.007598      0.564830   10046.000000      2.291312
 4    -1.087696    0.002668      0.573188   13566.000000      3.353078
 5    -1.216150    0.010947      0.583132   18619.000000      5.167149
 6    -1.291031    0.068701      0.588929   24859.000000      7.883780
 7    -1.549505    0.006470      0.608939   32575.000000     11.860157
 8    -1.780926    0.118361      0.626854   39979.000000     15.926129
 9    -1.942563    0.091017      0.639367   50203.000000     23.017086
10    -2.049957    0.041016      0.647681   66216.000000     36.418066
6.032739    0.690083    
6.027007    3.914186    0.747747    0.275205    
6.003105    4.010942    2.189013    0.827697    0.258918    1.300566    
5.997398    3.993543    2.257947    3.551211    0.841584    0.188795    1.205331    0.232501    
6.016371    3.888801    2.416470    3.536098    4.699367    0.846390    0.172010    1.219115    0.294646    1.374193    
5.820765    3.575512    3.941749    1.309328    4.488938    3.544125    0.676822    0.337849    0.453031    1.290316    0.415640    0.326565    
5.952040    3.999456    2.296534    3.584236    4.855565    6.081302    2.869309    0.782572    0.199608    1.311822    0.248683    1.376059    0.175914    1.290870    
4.786513    3.496340    3.058399    4.387947    1.112713    3.036781    6.282519    4.908633    1.081704    1.475197    0.940658    0.785866    0.548259    1.196092    1.570796    0.210706    
6.042433    0.308184    1.647453    1.430773    2.733660    1.359109    5.579318    5.220551    3.576016    1.150979    0.936518    0.892604    1.300140    1.272906    1.294708    1.230788    1.262633    0.169452    
6.257912    2.236807    4.538480    3.003494    1.281812    2.290088    3.711512    4.024598    3.290549    1.633248    0.907673    0.388935    1.252899    0.219700    0.123020    0.059024    1.315779    0.487183    0.194418    1.451304    
