 8    -4.620108    3.516951    0.877883
0.458901  1.173661  0.398716  1.044500  0.584015  0.653871  1.328473  -0.097377  -0.441175  -0.278228  -0.389714  -0.718051  -0.625707  -0.346769  -1.994583  -0.832022  -1.447044  0.816843  0.281185  0.968107  0.519780  0.659102  -0.532252  -0.200280  0.512809  -0.394196  -0.439878  0.036976  
0.128263  -0.799962  -0.139627  0.112526  -0.202135  -0.184441  -0.213933  -0.127846  
 1    -2.246020    0.253295      0.708238   3213.000000      0.515563
 2    -3.482274    0.598609      0.860166   6955.000000      1.362155
 3    -3.971756    0.753169      0.920321   11951.000000      2.619829
 4    -4.354393    0.876009      0.967345   18704.000000      4.694914
 5    -4.492883    0.935021      0.984365   31247.000000      9.536354
 6    -4.561710    0.964685      0.992823   47961.000000     16.847598
 7    -4.588436    0.983175      0.996108   72315.000000     29.211560
 8    -4.610443    0.996091      0.998812   106455.000000     48.675744
 9    -4.616491    0.998442      0.999555   155218.000000     81.436061
10    -4.618090    0.999068      0.999752   255201.000000    159.299717
6.283185    0.664514    
4.218382    5.034025    0.504945    0.418651    
3.345521    4.395837    4.726967    0.550671    0.403376    0.252004    
3.115631    4.264429    4.038394    5.376142    0.605513    0.485858    0.287387    0.229943    
2.583424    3.775463    3.708707    4.366676    4.462606    0.585074    0.459051    0.377176    0.219755    0.167615    
2.069062    3.699326    3.626144    3.779184    4.244662    4.623832    0.621468    0.470011    0.392097    0.315574    0.183781    0.127352    
1.998576    3.492729    3.527432    3.719167    3.994107    4.488982    5.045037    0.608518    0.467584    0.397459    0.320154    0.252131    0.140990    0.077026    
1.842385    3.359682    3.413753    3.577537    3.850932    4.396608    4.475672    5.456455    0.614508    0.457485    0.399539    0.338428    0.255753    0.215154    0.089525    0.072658    
1.656478    3.004621    3.153381    3.312917    3.525512    4.008523    4.141554    4.825451    4.701768    0.600456    0.438124    0.390052    0.339600    0.283832    0.217866    0.169926    0.072098    0.059356    
1.428381    2.650196    2.954237    3.108962    3.276869    3.577057    3.908710    4.162598    4.807756    4.690922    0.584179    0.430479    0.387216    0.341048    0.298963    0.239187    0.191665    0.134285    0.068513    0.043639    
