 8    -4.540297    4.155323    1.178834
0.045279  -0.499267  -1.271602  -0.517983  0.510143  -0.288202  -0.237575  -0.498752  -0.734063  1.241094  0.074512  0.214214  0.209978  -1.570645  -0.863728  1.809023  0.669490  -0.298024  -0.167692  -2.031620  1.059673  -2.258756  -0.929584  -0.955863  1.005101  0.164662  0.974701  0.318961  
-0.134751  -0.143244  -0.121094  -0.799962  0.117650  0.151978  0.116374  -0.198086  
 1    -1.972136    0.270839      0.704660   3045.000000      0.510599
 2    -3.529690    0.709074      0.883780   6786.000000      1.291168
 3    -4.031095    0.849729      0.941442   11985.000000      2.592984
 4    -4.229600    0.907136      0.964270   20387.000000      5.184674
 5    -4.449203    0.971420      0.989524   31141.000000      9.203389
 6    -4.504675    0.985830      0.995904   49895.000000     17.653505
 7    -4.527081    0.993569      0.998480   71624.000000     29.125046
 8    -4.533083    0.996461      0.999170   122549.000000     60.652881
 9    -4.539220    0.999652      0.999876   164134.000000     88.162526
10    -4.539881    0.999857      0.999952   268856.000000    176.611354
6.283185    0.592912    
5.749732    4.711364    0.449888    0.393767    
3.632969    5.072063    3.985718    0.439724    0.361800    0.243999    
3.558710    4.682900    4.543498    5.299547    0.588591    0.449429    0.229926    0.211003    
3.469366    4.094711    3.878142    5.384951    4.081602    0.577182    0.451710    0.317309    0.184956    0.178596    
2.227387    3.827008    3.826700    4.050761    4.834496    4.399180    0.563921    0.451685    0.382530    0.270890    0.176938    0.138465    
2.016569    3.542955    3.640168    3.875754    3.987692    4.972799    4.491793    0.614025    0.435408    0.376120    0.323919    0.246156    0.139508    0.104038    
1.935311    3.222109    3.399954    3.629875    3.851268    4.168908    4.876688    4.539594    0.584318    0.424716    0.371396    0.311683    0.274101    0.190879    0.108480    0.067514    
1.874871    3.266295    3.382781    3.522155    3.695607    4.251820    4.446504    4.702593    5.550861    0.599192    0.422298    0.368054    0.318981    0.276407    0.196024    0.179777    0.050031    0.066656    
1.564708    2.778099    3.181187    3.360768    3.568119    3.858953    4.362079    4.526830    5.125768    5.323996    0.569213    0.418360    0.374686    0.328233    0.296119    0.237841    0.184001    0.142196    0.049501    0.050824    
