 8    -4.424206    5.735264    0.069021
0.883490  -0.457785  -0.092110  -1.329808  3.064264  2.017759  0.917338  -1.485646  0.912503  -1.919773  -1.823598  -0.359470  -1.803942  0.538994  -0.087634  0.240699  0.057595  0.656237  0.850275  -0.592950  -0.088395  0.097974  0.060302  0.677781  1.689936  -0.224493  0.448526  1.783406  
-0.300000  1.000000  1.000000  1.000000  1.000000  1.000000  1.000000  1.000000  
 1    -0.446476    0.007152      0.608471   2646.000000      0.449801
 2    -0.625969    0.019830      0.626138   7021.000000      1.446261
 3    -0.875079    0.001684      0.650658   10567.000000      2.418649
 4    -1.089850    0.001017      0.671798   14676.000000      3.677959
 5    -1.166351    0.005053      0.679328   19127.000000      5.201603
 6    -1.264989    0.047532      0.689037   25596.000000      8.018013
 7    -1.573413    0.007014      0.719395   32717.000000     11.387962
 8    -1.646402    0.006596      0.726580   41923.000000     16.727656
 9    -1.705052    0.112623      0.732353   52367.000000     23.723525
10    -1.764580    0.041398      0.738212   67078.000000     36.742977
5.764008    1.061672    
5.687537    3.179931    0.936329    1.199016    
5.744369    3.024928    5.594218    0.917110    1.227559    1.228334    
5.702912    3.053660    5.477947    2.043133    0.958110    1.223911    1.019143    0.329539    
5.712826    3.064569    5.478032    2.029160    3.818120    0.938515    1.243138    0.999503    0.301090    0.142090    
5.717624    2.699128    2.027622    1.049331    5.273311    3.807554    0.867878    1.304716    1.317028    0.319777    0.198650    1.435774    
5.729440    3.019486    5.523249    1.998395    3.904832    3.038888    0.636237    0.952877    1.262163    0.950636    0.306962    0.164323    1.262259    0.210254    
5.702094    3.025763    5.559204    2.003743    3.710914    3.368010    0.417471    1.612775    0.949174    1.296795    0.993019    0.312839    0.166308    1.223494    0.239306    0.119822    
0.370125    5.779000    3.837797    5.425217    1.093863    0.705823    3.251797    5.814615    1.922787    0.617298    1.240374    1.309381    1.268003    1.451938    1.513692    1.406426    0.173226    0.128553    
5.812038    3.109839    5.497380    1.236372    1.415702    2.362224    2.147876    1.264715    5.712154    1.726133    0.881487    1.233513    1.096098    1.382648    0.249000    1.344831    0.172751    1.212812    0.146061    0.169506    
