 8    -5.601864    6.453223    0.595976
-0.000432  -1.841434  -0.203556  -0.624784  -1.219408  -1.390574  -1.150531  0.491366  0.054424  0.097679  0.567014  -0.634688  -0.084317  2.237933  1.307675  -0.653678  0.796986  0.879571  1.715826  -0.195418  -0.504751  1.175331  -1.889992  0.104471  -0.910703  -0.366799  -3.151341  0.559314  
0.245112  -0.094846  0.167402  -0.160891  0.138190  0.112270  -0.799996  0.108426  
 1    -2.906241    0.225005      0.776391   2970.000000      0.530589
 2    -4.557443    0.608666      0.913363   7178.000000      1.389333
 3    -4.923062    0.736573      0.943692   12820.000000      2.816836
 4    -5.330378    0.863305      0.977480   21179.000000      5.345126
 5    -5.478894    0.921104      0.989799   34597.000000     10.482412
 6    -5.544176    0.963365      0.995215   54898.000000     19.547236
 7    -5.570302    0.980552      0.997382   86535.000000     36.957857
 8    -5.590797    0.995297      0.999082   122727.000000     58.938381
 9    -5.598632    0.998803      0.999732   192032.000000    106.748127
10    -5.600301    0.999400      0.999870   287515.000000    186.168338
6.283185    0.672017    
4.419494    6.036631    0.419896    0.474298    
3.754700    4.922956    6.029677    0.512624    0.417866    0.248785    
3.475853    4.709329    4.399008    6.283185    0.610196    0.474307    0.278075    0.269814    
2.797694    4.164389    4.156807    4.633108    5.652153    0.581105    0.454228    0.381409    0.219880    0.211716    
2.312877    4.086656    4.047386    4.271007    4.659166    5.512531    0.612279    0.463818    0.387945    0.315961    0.185528    0.149694    
2.217862    3.819257    3.894373    4.139866    4.387007    5.019850    5.686928    0.604862    0.455789    0.391812    0.323474    0.257432    0.151556    0.092297    
2.090438    3.825439    3.890285    4.082026    4.369440    4.931310    4.957716    6.283185    0.610496    0.456178    0.398391    0.336471    0.257458    0.219594    0.090758    0.080320    
1.930040    3.486207    3.609951    3.782775    3.997672    4.579011    4.657659    5.509335    5.375350    0.603044    0.435574    0.386078    0.334871    0.279537    0.217593    0.176434    0.067433    0.069151    
1.663074    3.006636    3.340286    3.530074    3.725958    4.073094    4.474251    4.678576    5.570563    5.264938    0.581120    0.421840    0.381844    0.336720    0.298040    0.237645    0.196611    0.138684    0.067278    0.051351    
