 8    -5.035498    4.042018    0.327040
0.284659  -1.315573  -0.206194  -1.485032  -0.567317  1.520115  0.523557  0.024520  -1.685001  -0.604265  -0.469087  0.473629  0.909703  0.246694  0.447508  -0.673319  0.623387  0.470458  0.175019  0.545834  -1.600765  -1.239361  -0.603169  0.650523  -0.163636  2.189504  -1.149463  -1.317210  
0.240430  0.217841  0.162430  -0.799961  0.174003  0.222185  -0.259562  -0.167542  
 1    -2.583502    0.302438      0.729882   3306.000000      0.538513
 2    -3.875517    0.667559      0.872214   7093.000000      1.361158
 3    -4.410142    0.815522      0.931109   11947.000000      2.605511
 4    -4.796184    0.903778      0.973637   19452.000000      4.855013
 5    -4.928455    0.965781      0.988208   29738.000000      8.719958
 6    -4.983128    0.980944      0.994231   43060.000000     14.772409
 7    -5.008741    0.990663      0.997052   63563.000000     25.737614
 8    -5.028878    0.998111      0.999271   94643.000000     43.126566
 9    -5.033769    0.999477      0.999809   148564.000000     78.790520
10    -5.034698    0.999752      0.999912   238662.000000    147.851514
5.490813    0.669180    
2.982606    3.615311    0.529157    0.430250    
2.519083    2.921269    3.247924    0.559568    0.407569    0.249175    
2.356961    2.895491    2.650586    3.866946    0.621491    0.485349    0.296908    0.236338    
2.063746    2.538498    2.413948    2.928326    2.940062    0.596921    0.448547    0.364441    0.207314    0.172456    
1.399916    2.506377    2.445362    2.506889    2.827648    3.134758    0.629093    0.477876    0.396478    0.316711    0.193846    0.128432    
1.419935    2.315702    2.356146    2.467147    2.637461    3.005806    3.392317    0.615654    0.466339    0.398785    0.320576    0.260477    0.145414    0.076456    
1.284668    2.306194    2.306077    2.402222    2.562784    2.985069    2.987480    3.852067    0.638053    0.462684    0.404093    0.345925    0.261011    0.216125    0.092949    0.069242    
1.224781    2.081309    2.086599    2.155943    2.280398    2.605353    2.706162    3.133180    3.263909    0.622815    0.433185    0.382088    0.331691    0.284486    0.211250    0.173355    0.069591    0.061210    
1.114221    1.912596    2.028077    2.082578    2.187489    2.389566    2.626169    2.858168    3.281216    3.297193    0.603956    0.433980    0.386278    0.333674    0.295461    0.234771    0.186982    0.126623    0.066930    0.035558    
