 8    -4.705857    3.917793    0.187597
-1.789561  -0.620432  -1.171035  0.148565  0.893654  -1.575155  -0.288518  -0.152455  -0.774642  -0.676979  1.407445  0.790398  -1.298069  -1.898607  -0.394314  -0.811435  0.276450  0.234359  -0.670887  0.533213  -0.724677  0.912850  0.602760  -1.331720  -1.004301  -0.549175  -1.811160  -1.036142  
-0.300000  1.000000  1.000000  1.000000  1.000000  1.000000  1.000000  1.000000  
 1    -1.446392    0.000826      0.622032   4242.000000      0.684532
 2    -2.158284    0.024811      0.704583   6340.000000      1.233354
 3    -2.883489    0.010827      0.788678   10005.000000      2.154767
 4    -3.101999    0.003005      0.814016   13171.000000      3.203571
 5    -3.071612    0.003832      0.810493   17902.000000      4.759299
 6    -3.191595    0.002771      0.824406   24874.000000      7.552502
 7    -3.195868    0.009226      0.824901   30542.000000     10.546737
 8    -3.929863    0.000643      0.910016   38999.000000     15.762908
 9    -3.327606    0.004261      0.840178   48673.000000     22.339019
10    -3.459685    0.001366      0.855494   64908.000000     35.076721
0.404104    0.549707    
0.373706    0.837972    0.665708    1.219378    
0.348155    0.305713    0.775938    0.740089    0.430775    1.250743    
0.366684    0.734885    0.390443    0.899167    0.673947    1.175007    1.196635    0.165668    
0.394894    0.778834    0.863061    5.888737    0.467486    0.665950    1.217899    0.232775    1.306220    1.332476    
0.367535    0.739593    0.385915    0.948183    2.161650    0.562095    0.681548    1.186607    1.206964    0.148472    1.469516    1.485633    
0.386903    0.771290    0.869838    2.736772    3.121754    0.486895    3.217936    0.668692    1.211119    0.248837    1.501344    1.341095    1.358610    1.474749    
0.336542    0.347911    0.767390    0.925355    6.283185    0.909704    0.488551    3.166208    0.760833    0.467892    1.303216    0.084908    1.473962    0.271017    0.220409    0.051055    
0.366525    0.744317    0.398778    1.009493    1.851804    4.600708    5.069458    3.425331    6.242596    0.673324    1.190747    1.245098    0.187453    1.442008    1.508637    0.086836    1.435813    0.103212    
0.353893    0.756620    0.479137    0.501027    1.514127    0.545129    2.746970    4.857778    1.048776    0.643739    0.689436    1.023970    0.992775    1.164544    1.403666    1.425617    1.534688    0.104185    1.487183    1.429760    
