 8    -4.435606    4.484703    0.984572
-0.270164  0.934725  -0.978179  1.679502  -0.282496  -2.137573  -0.087249  -0.115780  1.694825  0.442736  0.904835  -0.777380  -0.167235  0.549352  0.270288  -0.407457  0.289694  -0.826243  0.196590  -0.202494  -0.952162  -0.713718  -1.209645  1.367745  -1.526735  -1.657416  0.561338  -0.300495  
-0.269651  0.108776  0.142596  -0.140515  0.799962  -0.137255  -0.200061  0.026681  
 1    -2.306916    0.198031      0.761366   3048.000000      0.496153
 2    -3.239406    0.432973      0.865902   6836.000000      1.351594
 3    -3.522054    0.521064      0.897587   12535.000000      2.806962
 4    -3.793509    0.599903      0.928019   18697.000000      4.702617
 5    -3.901503    0.643287      0.940125   31142.000000      9.299479
 6    -3.951477    0.683683      0.945727   46905.000000     16.313414
 7    -4.028065    0.727121      0.954313   82655.000000     35.207341
 8    -4.081819    0.757169      0.960339   128651.000000     63.444279
 9    -4.154134    0.816104      0.968446   168262.000000     89.541576
10    -4.260163    0.912165      0.980332   240598.000000    143.558989
6.283185    0.671150    
4.127179    4.649620    0.463921    0.416312    
3.095024    4.204762    4.085251    0.487589    0.383268    0.219918    
3.214204    4.041703    3.762128    5.638082    0.578691    0.469413    0.253622    0.224529    
2.670598    3.605417    3.577618    4.497787    4.166440    0.561471    0.446599    0.349705    0.195310    0.161196    
2.839402    3.758796    3.750899    4.534893    3.798589    6.283185    0.597009    0.458871    0.326559    0.279791    0.143036    0.099383    
2.284838    3.703451    3.712959    4.282949    4.481786    4.259028    6.054503    0.569175    0.453182    0.370508    0.245380    0.243352    0.071591    0.126214    
2.193962    3.667677    3.750272    4.121625    4.604038    4.684381    5.623199    4.753517    0.619138    0.462107    0.377597    0.292711    0.207333    0.183209    0.078578    0.114320    
2.144166    3.763660    3.886176    4.229053    4.954095    4.552000    6.283185    4.366674    6.283185    0.586395    0.456375    0.383644    0.261790    0.214478    0.094079    0.184545    0.049677    0.120068    
3.185136    3.978427    3.882921    5.481535    4.747509    6.283185    6.283185    5.111211    5.599498    4.787638    0.574684    0.469399    0.273694    0.233278    0.068370    0.102485    0.087879    0.181069    0.064617    0.134709    
