 8    -5.253674    4.888646    0.102670
0.286737  -1.614226  -2.273977  -0.592228  0.483037  0.143706  -2.061878  -0.378867  -1.044350  -0.467956  -1.944020  -0.360842  -0.845624  -0.393506  -0.128412  1.699103  -0.205102  -1.353236  0.078569  -0.912648  0.287707  0.720950  2.542370  1.214664  -0.456812  -0.948636  -0.651693  1.089899  
0.729688  0.000822  0.193471  0.190584  0.250425  -0.196121  -0.266062  0.293609  
 1    -2.666385    0.217749      0.744902   3168.000000      0.529885
 2    -4.284848    0.401055      0.904477   6876.000000      1.309731
 3    -4.932695    0.473297      0.968353   12488.000000      2.723974
 4    -5.105799    0.493913      0.985420   20591.000000      5.280910
 5    -5.170414    0.502645      0.991791   29931.000000      8.576851
 6    -5.196839    0.506139      0.994396   50149.000000     17.978047
 7    -5.200602    0.506786      0.994767   85124.000000     37.503034
 8    -5.202154    0.508446      0.994920   133795.000000     67.538879
 9    -5.202363    0.506877      0.994941   163886.000000     85.850065
10    -5.202581    0.507933      0.994962   220392.000000    134.071561
5.265021    0.531223    
4.195003    5.199214    0.717782    0.399431    
3.487638    4.006431    4.331563    0.659987    0.487984    0.266203    
2.576440    3.983116    3.854267    4.297843    0.664300    0.537904    0.377540    0.179675    
2.184191    3.494680    3.389569    3.745935    4.394941    0.638568    0.509890    0.411744    0.289160    0.116457    
1.705322    3.291750    3.225444    3.287609    3.804701    4.718853    0.661592    0.510831    0.432610    0.344318    0.233763    0.085866    
1.531735    2.782941    2.792717    2.891059    3.148303    3.642060    4.386953    0.638157    0.464553    0.408227    0.356025    0.280941    0.179991    0.071707    
1.579485    2.934715    2.869178    2.950926    3.260836    3.706834    4.395477    5.244029    0.645815    0.481126    0.416839    0.363623    0.300196    0.212232    0.123802    0.034531    
1.560181    2.896003    2.820646    2.911704    3.245557    3.726187    4.480529    5.218540    5.887668    0.643164    0.472549    0.408507    0.360852    0.290323    0.197829    0.088565    0.000000    1.553866    
1.535569    2.830778    2.777909    2.901343    3.219767    3.726408    4.367847    5.669608    6.283154    5.302100    0.639431    0.465600    0.405641    0.361500    0.284796    0.187633    0.071884    0.000547    1.570796    0.013642    
