 8    -3.378232    3.101088    0.009787
1.319751  -0.169291  -0.060430  0.880154  0.440474  0.282055  -1.219574  -0.679306  -0.367388  -0.797539  0.622276  -0.818255  -0.316651  -2.039845  0.708758  -0.138086  0.106757  -0.657646  0.217738  -0.925505  -0.420240  -0.215826  0.618240  -1.075169  -1.079639  -0.515391  0.871164  -0.995943  
0.172620  -0.131098  -0.799962  -0.093298  -0.161688  0.034597  -0.226214  -0.155124  
 1    -1.729817    0.198818      0.745588   2850.000000      0.452709
 2    -2.675571    0.468766      0.891553   6933.000000      1.329843
 3    -2.953849    0.572994      0.934502   12083.000000      2.685449
 4    -3.179937    0.674185      0.969396   20150.000000      5.093967
 5    -3.291937    0.727333      0.986681   31364.000000      9.294873
 6    -3.337162    0.759099      0.993661   49338.000000     17.482088
 7    -3.354024    0.789694      0.996264   77161.000000     32.551322
 8    -3.364097    0.822482      0.997818   114012.000000     54.668768
 9    -3.366484    0.835838      0.998187   170176.000000     93.583246
10    -3.368174    0.867640      0.998448   222059.000000    136.677188
6.283185    0.621870    
5.046723    4.845559    0.448701    0.396035    
3.321912    4.865329    4.339353    0.469897    0.369721    0.236333    
3.476563    4.572312    4.456318    5.691156    0.587462    0.464098    0.242646    0.218541    
2.916550    4.025853    3.982808    5.069971    4.563105    0.563081    0.445005    0.347379    0.196002    0.164090    
2.155217    4.009586    3.964258    4.159997    4.781006    4.977388    0.619498    0.447669    0.376859    0.305265    0.158064    0.128118    
2.099940    3.617181    3.794025    4.105155    4.293620    5.036317    5.184160    0.603652    0.445055    0.375256    0.310642    0.243248    0.122951    0.083073    
1.882254    3.480160    3.659858    3.928631    4.253134    4.843726    4.880486    5.864563    0.606160    0.439279    0.386401    0.329764    0.244681    0.201391    0.080312    0.065397    
1.688445    3.061139    3.394743    3.679010    3.949330    4.502210    4.723871    5.248604    5.328322    0.588642    0.426162    0.381216    0.335237    0.280754    0.206465    0.158114    0.061655    0.049247    
1.702158    3.231275    3.453690    3.722806    4.006206    4.442500    4.737325    5.352749    4.896347    6.283185    0.598607    0.444123    0.393806    0.342248    0.287583    0.240284    0.155727    0.129024    0.040673    0.043528    
