 8    -3.626123    4.760285    0.447436
0.865590  -0.505806  0.978056  0.089766  -0.313105  -0.997138  -0.062213  -0.719255  0.387988  0.285235  -2.107092  1.542011  -0.122495  -0.217374  1.046019  1.691346  1.035376  -0.154498  0.326185  -1.045922  -0.085956  -0.631021  -1.049734  0.551428  0.243106  -1.882774  1.321947  -0.329868  
-0.300000  1.000000  1.000000  1.000000  1.000000  1.000000  1.000000  1.000000  
 1    -0.358649    0.007330      0.610385   2799.000000      0.474604
 2    -0.533422    0.001504      0.631225   6085.000000      1.240261
 3    -0.735055    0.016052      0.655267   9539.000000      2.151160
 4    -0.824310    0.042970      0.665910   14294.000000      3.552154
 5    -0.946354    0.013957      0.680463   19384.000000      5.267847
 6    -1.054946    0.041053      0.693411   25180.000000      7.747801
 7    -1.109883    0.011393      0.699962   32548.000000     11.620388
 8    -1.201958    0.033771      0.710941   42074.000000     16.967958
 9    -1.297700    0.063792      0.722357   51681.000000     23.749937
10    -1.430089    0.097288      0.738144   66068.000000     35.552364
3.910217    0.860419    
1.763006    1.967545    0.718926    0.514977    
4.009609    0.973127    3.813676    0.812435    0.430773    1.156950    
1.880426    1.842770    0.192025    4.247383    0.715648    0.745143    0.979122    1.244746    
4.012255    1.018439    3.813725    6.063917    6.283185    0.814551    0.416900    1.174938    1.449013    0.219759    
1.714827    1.951094    3.202185    5.268108    4.258564    5.490669    0.738530    0.484713    1.364526    0.132478    1.298868    1.361261    
3.790240    0.912437    3.894517    6.175591    6.229511    0.894098    1.861768    0.754256    0.391607    1.055262    1.270420    0.343083    0.153089    1.286274    
3.884595    1.011787    3.882916    6.165827    6.283185    1.225194    1.575151    4.262167    0.844785    0.374028    1.092757    1.362282    0.258297    0.075814    1.290637    1.376598    
1.679896    1.955827    3.248216    5.191854    4.295574    5.465165    5.228981    2.495248    2.893512    0.740934    0.467466    1.437289    0.182849    1.357411    1.394451    1.528414    0.181050    0.178276    
4.060673    0.920764    3.868799    0.979764    6.273950    5.411097    1.650970    1.893603    2.272284    4.591406    0.794641    0.496531    1.085073    1.416885    0.000000    0.240810    0.174012    0.160869    1.299319    0.299061    
