 8    -3.586170    4.015434    0.937822
-0.835604  0.665364  0.481271  -0.938764  -0.122347  -1.126123  -0.846273  -1.317148  -1.813608  -0.155595  0.611860  0.014949  0.795852  0.011985  0.922505  0.349768  0.002359  -0.999109  0.421646  -0.261758  0.127665  0.056907  -0.229472  -0.957703  -0.424170  0.020671  -0.415321  0.213133  
-0.300000  1.000000  1.000000  1.000000  1.000000  1.000000  1.000000  1.000000  
 1    -0.515942    0.017420      0.596108   3114.000000      0.564039
 2    -0.888415    0.006200      0.645107   6450.000000      1.594637
 3    -1.318335    0.003688      0.701664   10132.000000      2.767287
 4    -1.423309    0.005954      0.715473   13571.000000      3.523471
 5    -1.411867    0.004255      0.713968   17751.000000      4.654763
 6    -1.501295    0.009465      0.725732   24932.000000      7.394085
 7    -1.485360    0.006336      0.723636   30672.000000     10.066692
 8    -1.462335    0.001077      0.720607   39148.000000     14.940206
 9    -1.606718    0.011665      0.739601   49850.000000     21.673708
10    -1.671958    0.041317      0.748183   65093.000000     33.100196
0.422810    0.532917    
0.401167    0.855654    0.669368    1.160748    
0.370823    0.751301    0.460284    0.684712    1.096709    1.190948    
0.357803    0.726728    0.385376    0.404342    0.674902    1.148998    1.142181    1.403509    
0.368626    0.742731    0.400156    0.939245    2.051062    0.675976    1.153816    1.175284    0.118835    1.494762    
0.357438    0.722744    0.372836    0.311901    0.832030    5.179041    0.670264    1.136010    1.145886    1.358889    0.138021    0.058286    
0.353348    0.719842    0.381614    0.354385    4.786130    2.253700    4.384312    0.670782    1.142174    1.138826    1.331015    1.478837    0.062487    1.504768    
0.353184    0.721753    0.362051    0.866096    5.616542    2.045681    5.327732    4.388143    0.682633    1.176380    1.159539    0.166738    1.557422    0.042449    1.459734    0.091966    
0.357545    0.730108    0.368536    0.276690    0.820986    1.656293    2.520326    2.974558    1.820117    0.658015    1.118106    1.176833    1.311544    0.225457    0.065727    1.529721    1.467101    0.067572    
0.372913    0.704771    0.388431    0.428605    0.755896    0.926585    1.209702    5.375703    2.262909    2.923564    0.638649    1.125001    1.059194    1.219766    0.237683    1.356166    0.058117    1.429391    1.493647    0.065795    
