 8    -4.007779    3.946590    0.459535
0.445292  -0.280395  -1.876685  -0.387690  0.596937  0.683369  0.232692  0.715544  0.804504  0.348361  -0.195662  -0.923606  0.598020  -1.569014  -0.119666  0.392834  1.194875  0.806525  1.582657  1.459610  -0.604105  -0.870248  -0.041871  1.678362  -0.365394  1.448301  0.201462  -1.036387  
-0.300000  1.000000  1.000000  1.000000  1.000000  1.000000  1.000000  1.000000  
 1    -0.395327    0.003595      0.545853   2787.000000      0.472224
 2    -0.638908    0.032045      0.576475   5781.000000      1.184540
 3    -0.714418    0.015410      0.585968   8833.000000      2.004866
 4    -0.859868    0.037418      0.604254   13643.000000      3.442178
 5    -0.969578    0.022293      0.618046   18835.000000      5.206834
 6    -0.978951    0.005537      0.619225   25066.000000      7.694494
 7    -1.220207    0.060795      0.649555   31718.000000     11.278082
 8    -1.286740    0.020802      0.657919   41994.000000     17.602837
 9    -1.356376    0.135948      0.666673   51820.000000     23.822430
10    -1.460246    0.012763      0.679732   61320.000000     31.750049
5.714978    0.695910    
3.493422    6.019247    1.232342    0.502443    
3.495102    6.056676    4.365936    1.240633    0.497537    1.410365    
3.497046    6.013874    4.316259    3.225158    1.226256    0.450467    1.344141    0.273925    
3.539468    6.058401    4.345871    3.058378    1.177868    1.241244    0.438147    1.274861    0.302121    0.210881    
5.597784    3.251626    1.125797    5.441051    1.518974    0.796104    0.504302    0.932723    1.554090    1.226197    0.297334    0.206767    
5.600276    3.360334    5.054248    5.198303    3.217910    5.545503    3.245175    0.627768    1.315588    0.467227    1.192344    0.401889    0.161154    0.324970    
5.714776    2.490107    4.161987    4.672338    3.445910    0.688866    2.790804    1.506732    0.227306    0.308768    1.139964    0.345347    1.257316    0.294136    1.402874    1.350706    
5.474232    3.282593    6.055648    2.215214    2.488698    2.054768    5.574100    1.274029    3.194528    0.580281    0.938592    0.976189    0.678060    1.252677    0.234139    0.249389    1.400619    1.328153    
3.229566    6.250348    4.805878    2.507531    1.126045    1.005741    5.678275    4.664754    5.496203    1.834499    1.174825    0.517748    1.333630    0.170676    0.282070    1.449943    0.261090    1.428595    0.000000    0.287168    
