 8    -4.062286    4.630526    0.456510
0.993539  -0.758112  -0.351157  0.938245  -1.000467  -1.201973  2.034609  0.008307  0.258243  0.446007  -0.069812  -0.033584  -0.685347  1.140189  -1.653406  0.232497  -0.203918  -1.100841  1.758511  -0.430515  1.327838  0.925540  0.184446  1.811597  2.076887  -0.405200  0.515850  -1.207827  
0.211974  -0.133891  -0.862459  0.181028  -0.199650  0.205313  0.088071  -0.305312  
 1    -2.061767    0.281457      0.769865   3540.000000      0.574790
 2    -3.206683    0.589619      0.901574   6624.000000      1.274711
 3    -3.578072    0.721251      0.944297   11655.000000      2.516449
 4    -3.836098    0.832542      0.973980   18387.000000      4.712991
 5    -3.966862    0.889975      0.989023   28327.000000      8.260613
 6    -4.010157    0.913574      0.994003   42613.000000     14.587503
 7    -4.027347    0.939883      0.995981   68763.000000     28.446674
 8    -4.045990    0.980079      0.998125   96996.000000     44.712589
 9    -4.054357    0.990770      0.999088   135211.000000     69.992523
10    -4.058774    0.997018      0.999596   195168.000000    115.589636
5.578457    0.656836    
3.332958    3.412013    0.496360    0.395788    
2.439804    3.180364    2.925472    0.508560    0.380804    0.226377    
2.398344    3.113195    3.030426    3.775111    0.615444    0.479246    0.263940    0.212758    
2.103235    2.675217    2.638700    3.318071    2.997965    0.582192    0.451357    0.353097    0.204960    0.162439    
1.427997    2.615066    2.599926    2.720186    3.133532    3.223680    0.605766    0.464096    0.390452    0.306018    0.180424    0.122749    
1.456594    2.405142    2.500022    2.670011    2.819413    3.291352    3.410482    0.604711    0.452875    0.387505    0.320422    0.256472    0.135693    0.081091    
1.361985    2.492275    2.524634    2.677138    2.938545    3.272319    3.400852    3.928552    0.614519    0.455694    0.396526    0.332732    0.243928    0.215326    0.073150    0.083335    
1.285156    2.290339    2.357845    2.494223    2.683342    3.140393    3.090624    3.914115    3.230086    0.610606    0.436161    0.385626    0.334622    0.268793    0.214776    0.162361    0.071426    0.069636    
1.255204    2.279974    2.356273    2.457264    2.638776    3.003627    3.098119    3.627984    3.340858    3.937783    0.607656    0.443172    0.390677    0.336339    0.277584    0.229876    0.164770    0.128602    0.063579    0.050544    
