 8    -4.113464    4.642032    0.469725
0.238444  0.083739  -0.285309  0.820320  2.772535  1.922071  0.717749  0.194126  -1.362224  1.075911  0.656403  0.149734  0.320614  0.914567  -1.547847  2.150050  0.871377  -0.892210  0.312259  0.446726  -0.424200  1.268882  -0.513329  0.799139  1.440468  0.658850  0.837964  -0.497161  
-0.300000  1.000000  1.000000  1.000000  1.000000  1.000000  1.000000  1.000000  
 1    -0.279239    0.007326      0.562078   2403.000000      0.416770
 2    -0.503298    0.017825      0.587669   5848.000000      1.274719
 3    -0.722854    0.010632      0.612745   9446.000000      2.311905
 4    -1.022461    0.022783      0.646964   14052.000000      3.513716
 5    -0.984481    0.031564      0.642626   19181.000000      5.264146
 6    -1.143577    0.020904      0.660797   24539.000000      7.455224
 7    -1.233388    0.007842      0.671055   33568.000000     11.852298
 8    -1.393944    0.042972      0.689393   43313.000000     17.568923
 9    -1.520690    0.074208      0.703869   52596.000000     23.038297
10    -1.543369    0.055969      0.706459   66600.000000     34.497434
2.377688    0.380467    
2.473661    5.262717    0.349712    1.004222    
2.699687    5.257094    2.239320    0.481006    0.810116    1.326729    
6.076855    1.040823    4.832692    4.912976    1.024668    0.920801    0.898303    0.130450    
0.681483    1.579416    5.076972    3.496219    4.921854    1.338439    0.445757    1.215995    1.465359    0.414974    
2.471542    5.564190    2.784814    5.532968    3.936824    5.696165    0.312093    1.021432    1.170709    1.319011    0.250472    0.230690    
2.295753    3.579483    2.104591    5.397316    3.157267    5.419398    2.372923    0.603230    1.027736    0.995830    1.189539    0.197309    0.351023    1.404936    
2.749092    5.233351    3.455750    2.056533    5.759674    3.260921    3.386397    1.751158    0.513537    0.236459    1.125689    1.195204    1.360596    0.180749    0.573678    1.239404    
5.277891    2.075456    5.886401    3.467693    1.897886    6.283185    3.885615    4.459838    0.823688    1.160709    0.569980    1.255468    1.210904    1.207090    0.198157    0.138731    1.325258    0.181880    
2.538594    5.357326    2.847201    5.450862    3.027111    5.750295    1.101132    3.568134    1.869647    1.205928    0.395553    0.972243    1.040080    1.201744    0.185151    0.120148    0.147785    1.295479    1.435105    0.117480    
