 8    -3.587827    5.130739    0.141684
1.412241  2.337697  1.611915  1.649743  0.798248  -0.038336  -0.416919  0.573888  0.379333  0.395861  -0.639797  -0.622015  -1.097253  -0.040995  0.406483  1.850516  0.371162  -0.024252  0.881849  1.684386  -0.044589  -0.971817  -0.680023  -1.209145  0.695044  0.691764  0.203673  -0.572106  
-0.366970  0.253125  0.249246  0.250174  -0.162164  -0.214515  0.612471  0.206350  
 1    -2.029562    0.324256      0.821271   3321.000000      0.528929
 2    -2.839486    0.665860      0.914167   6990.000000      1.347767
 3    -3.326689    0.820241      0.970048   12585.000000      2.692271
 4    -3.516534    0.934234      0.991823   19440.000000      4.722106
 5    -3.560275    0.964707      0.996840   30215.000000      8.754457
 6    -3.577346    0.990230      0.998798   49095.000000     17.301184
 7    -3.583398    0.993512      0.999492   75981.000000     32.077647
 8    -3.586108    0.998367      0.999803   112069.000000     53.751831
 9    -3.587026    0.999247      0.999908   198962.000000    113.458493
10    -3.587469    0.999553      0.999959   246687.000000    154.617265
5.142731    0.587956    
3.152977    4.539884    0.702128    0.410410    
2.626191    3.189672    4.226587    0.655410    0.542148    0.316216    
2.051177    3.126697    2.849120    3.792747    0.663194    0.537965    0.393108    0.249389    
1.522027    2.694495    2.707317    2.836685    3.612692    0.651222    0.518615    0.452382    0.330931    0.190826    
1.404811    2.580573    2.492756    2.511003    2.824105    3.505494    0.657091    0.510484    0.432042    0.356829    0.254846    0.125482    
1.304021    2.376857    2.360814    2.399550    2.598341    3.039462    3.731978    0.647403    0.492443    0.431425    0.370063    0.296852    0.200951    0.076912    
1.254710    2.307140    2.311989    2.372233    2.523675    2.860171    3.191330    3.927542    0.647981    0.490646    0.435270    0.378902    0.317336    0.237376    0.140316    0.052007    
1.141152    2.054519    2.110428    2.159614    2.253972    2.445564    2.692828    3.045470    3.776939    0.629192    0.463743    0.415567    0.367493    0.321525    0.255491    0.191953    0.112288    0.045095    
0.924162    1.820820    2.058724    2.100533    2.141355    2.212460    2.356079    2.619875    3.109222    3.732155    0.617106    0.481324    0.425527    0.376436    0.333488    0.276213    0.222640    0.171768    0.100291    0.039051    
