 8    -3.756604    3.277194    0.171229
0.127319  -0.882520  0.047507  0.623834  -1.852717  -1.683985  -0.291250  -0.089777  -0.375991  -0.228138  -0.523171  0.493229  0.219159  -0.422662  0.446305  0.129420  -0.183992  0.532464  1.174072  1.075326  -0.561457  0.901522  0.167580  0.698459  2.200299  0.211476  -0.973711  -0.796937  
0.344367  -0.026803  0.223795  0.581250  -0.227644  0.185107  0.232530  0.289410  
 1    -1.965823    0.085605      0.745403   3081.000000      0.542107
 2    -2.986583    0.039329      0.890526   7257.000000      1.476510
 3    -3.409050    0.076713      0.950588   12396.000000      2.750007
 4    -3.531982    0.040459      0.968065   18699.000000      4.657192
 5    -3.558385    0.025353      0.971819   23912.000000      6.462801
 6    -3.474819    0.029356      0.959938   36122.000000     11.848817
 7    -3.502645    0.043487      0.963894   50247.000000     18.490509
 8    -3.544793    0.062221      0.969887   66486.000000     27.865828
 9    -3.576159    0.028128      0.974346   109260.000000     54.824258
10    -3.548753    0.351211      0.970450   123675.000000     69.120372
5.470000    0.628750    
3.447829    4.768545    0.679148    0.412294    
2.910307    3.373455    4.749354    0.624118    0.521083    0.282230    
2.282065    3.052796    2.803315    4.311035    0.607480    0.473328    0.357328    0.236881    
1.421818    2.827051    2.892837    2.884140    4.144129    0.651008    0.498575    0.427787    0.320512    0.199095    
2.493096    3.334680    3.617315    6.273855    4.340038    6.283185    0.619963    0.513578    0.327369    1.570796    1.447599    0.026326    
2.459122    3.473967    3.506951    6.117817    4.374837    6.215201    6.283185    0.639565    0.515321    0.330722    1.570796    1.501428    0.225809    0.161128    
2.160739    3.053146    2.791994    4.388654    6.283185    5.878461    6.283185    5.767716    0.617003    0.472583    0.379406    0.245498    1.526030    0.018295    0.084428    0.031783    
1.485747    2.622118    2.667724    2.793151    3.220092    3.705150    4.246678    3.999191    5.836705    0.654627    0.470541    0.415794    0.337132    0.246683    0.190133    0.125529    0.186487    0.106437    
2.463721    3.500399    3.523620    5.987107    4.272180    6.283185    4.853391    6.283185    2.479977    2.211211    0.643024    0.526757    0.332268    1.570796    1.478363    0.250083    0.220101    0.332558    1.210344    0.166886    
