 8    -3.445564    3.903794    0.339574
0.222694  0.208597  0.246924  0.946107  -0.909334  0.788368  -0.080894  1.422173  0.389988  0.123607  -1.079835  -0.395403  -0.699981  0.098276  0.313446  -0.796713  -0.589850  0.162628  -1.607047  -0.144173  0.291914  0.891598  0.976966  0.342951  -0.024824  0.176076  1.167915  2.243864  
-0.300000  1.000000  1.000000  1.000000  1.000000  1.000000  1.000000  1.000000  
 1    -0.406769    0.009950      0.586522   2499.000000      0.437597
 2    -0.671593    0.011015      0.622556   6304.000000      1.436498
 3    -0.799418    0.009362      0.639949   9901.000000      2.236068
 4    -0.874700    0.004800      0.650192   14678.000000      3.578458
 5    -0.959315    0.004211      0.661705   19416.000000      5.269529
 6    -0.927117    0.004694      0.657324   26725.000000      8.373828
 7    -1.044901    0.000936      0.673351   34945.000000     12.235068
 8    -1.130519    0.080697      0.685000   44963.000000     17.919348
 9    -1.231178    0.090953      0.698697   60691.000000     28.223012
10    -1.396167    0.142162      0.721146   75605.000000     39.652952
0.321752    1.256202    
0.264997    0.649063    1.200273    1.361592    
0.228978    0.525934    0.672608    1.219214    1.357739    1.423666    
0.223128    0.497938    0.667931    0.962438    1.213753    1.368634    1.391231    1.460647    
0.217641    0.491199    0.607549    0.913292    1.079758    1.204472    1.377717    1.392566    1.412051    1.448462    
0.231486    0.482484    0.681885    0.972426    4.730144    1.793639    1.212165    1.371856    1.383949    1.441379    1.453138    1.459440    
0.217174    0.487287    0.576825    0.852698    1.034488    1.141579    5.410726    1.198995    1.362430    1.394053    1.411778    1.430160    1.464133    1.464470    
0.254961    0.583929    0.630068    0.735828    0.958819    5.978621    1.387606    3.472463    1.212709    1.366570    1.396379    1.404582    1.438618    1.428956    1.320168    0.162964    
3.418086    3.439634    3.794581    3.844579    2.290021    4.532420    0.904831    5.073453    6.113877    1.480575    0.846808    1.154925    1.263935    1.124990    0.339675    0.182165    1.396875    1.360958    
0.298106    0.716132    0.803552    0.730705    1.034083    1.339607    4.443713    1.514950    1.984363    0.827643    1.203041    1.362465    1.417577    1.430469    1.439330    1.440975    1.285548    1.284734    0.281410    0.239834    
