 8    -4.423502    5.286330    0.019257
-0.497271  0.107765  1.882873  -1.069230  -1.527741  -1.511618  0.386228  0.482651  2.007500  -0.509702  -0.890950  0.223526  0.045737  1.275074  0.981557  -1.357761  0.467119  -0.566509  2.345418  -0.477393  -0.310067  1.301076  -0.166463  0.935313  1.558391  -0.933234  0.168355  0.230982  
-0.300000  1.000000  1.000000  1.000000  1.000000  1.000000  1.000000  1.000000  
 1    -0.417262    0.001634      0.587404   3018.000000      0.504871
 2    -0.730775    0.011492      0.619692   7285.000000      1.450485
 3    -0.815535    0.015255      0.628421   11057.000000      2.475463
 4    -0.979402    0.002411      0.645298   16686.000000      4.165848
 5    -1.053463    0.021442      0.652925   19257.000000      5.271304
 6    -1.196561    0.011495      0.667663   26145.000000      8.059051
 7    -1.256530    0.108753      0.673839   32924.000000     11.312271
 8    -1.385269    0.008719      0.687097   43344.000000     17.115506
 9    -1.543504    0.042502      0.703394   58447.000000     27.798035
10    -1.711904    0.043729      0.720737   65214.000000     34.227310
0.287423    1.312689    
6.069678    4.233881    1.031932    1.090113    
6.010254    2.319053    4.220402    0.793087    1.014145    0.602920    
5.757192    1.100343    4.366711    4.511731    0.412603    0.292277    0.382892    0.285332    
6.048852    4.334367    5.768013    1.446683    0.462231    1.003009    1.179664    0.189494    0.247539    1.393964    
0.208605    2.852547    4.260509    3.309651    4.118559    3.938293    1.222940    1.136685    1.058309    0.222725    0.303973    1.147403    
5.574825    3.308604    1.044871    2.295471    3.106972    4.048007    2.427887    0.713458    1.055669    0.225483    1.135273    1.165605    0.288491    1.428547    
0.240982    2.775890    4.290668    3.303209    4.112222    3.876264    6.283185    3.697371    1.216545    1.080360    1.071948    0.203878    0.220646    1.241823    1.421004    0.225617    
0.384308    0.859849    1.185747    4.897063    3.654831    3.141988    4.648996    6.265121    5.848547    1.151542    1.281684    1.304419    1.158380    0.255271    1.339442    1.140375    0.211663    1.414799    
2.828976    4.618535    6.139528    4.462852    2.964587    5.517209    5.346660    2.260502    2.369260    2.025745    0.931449    1.077325    0.797719    0.339627    1.293356    1.121768    1.287008    0.208060    0.223939    1.320245    
