 8    -4.533101    4.877664    0.062839
-0.377364  0.166759  0.682802  1.921379  -0.197037  -0.759879  -2.089066  -0.036373  -1.217749  -1.428905  -0.170528  1.160940  -1.061140  -1.408500  0.839550  -0.099625  -1.736265  -0.307186  -0.080870  0.834319  1.885460  0.440898  0.439874  1.070767  0.404252  0.133472  1.937107  1.002275  
0.251915  -0.171665  0.152024  -0.866365  -0.184190  -0.094462  0.289939  0.143109  
 1    -2.349617    0.026647      0.767980   3279.000000      0.556628
 2    -3.476512    0.027324      0.887726   7538.000000      1.458420
 3    -3.864518    0.015388      0.928956   12786.000000      2.761192
 4    -4.206379    0.004434      0.965282   18843.000000      4.699171
 5    -4.328388    0.002317      0.978247   29596.000000      8.487165
 6    -4.387081    0.000596      0.984484   45898.000000     15.705014
 7    -4.431671    0.000019      0.989222   66404.000000     26.558948
 8    -4.458817    0.000037      0.992107   93606.000000     42.402807
 9    -4.465795    0.000021      0.992848   126299.000000     64.242118
10    -4.468306    0.000015      0.993115   194694.000000    117.062602
5.509912    0.699817    
3.174373    3.587085    0.506631    0.410000    
2.488026    3.157610    3.261215    0.525599    0.392121    0.226224    
2.443937    3.089023    2.894136    4.092164    0.593074    0.466638    0.266192    0.218053    
2.099247    2.730597    2.664507    3.271477    3.134143    0.569525    0.438581    0.345724    0.197531    0.156132    
1.578180    2.735863    2.691977    2.834959    3.123552    3.488202    0.614352    0.457488    0.374487    0.298368    0.169885    0.115373    
1.556658    2.639356    2.661923    2.868057    3.168958    3.160730    4.255231    0.584643    0.459560    0.386280    0.284835    0.237878    0.114096    0.083322    
1.367301    2.499183    2.548511    2.688275    2.898214    3.340045    3.296746    3.993873    0.626620    0.451174    0.391231    0.334053    0.239338    0.208091    0.082781    0.079135    
1.271615    2.214278    2.345260    2.478320    2.638067    3.040365    3.141027    3.583375    3.419485    0.604659    0.432208    0.380296    0.329807    0.275253    0.203731    0.162120    0.069458    0.060594    
1.169458    2.136715    2.289510    2.400069    2.558450    2.858173    3.029185    3.464719    3.331367    3.960679    0.597173    0.437119    0.385322    0.333189    0.283540    0.228577    0.170083    0.117669    0.062975    0.036407    
