 8    -3.961617    5.285949    1.184759
-0.217286  -0.915852  1.062431  0.444871  -0.375857  -1.325971  -0.652894  -0.842896  -0.447425  1.539325  0.027425  -0.777571  -1.614024  0.688196  -0.014051  0.026840  0.549220  0.855711  0.291851  -0.626174  -2.124388  0.198757  0.726640  -0.387585  0.110386  2.242068  -0.104016  0.801473  
-0.300000  1.000000  1.000000  1.000000  1.000000  1.000000  1.000000  1.000000  
 1    -0.260440    0.016809      0.599767   2994.000000      0.506152
 2    -0.558555    0.019004      0.632005   5700.000000      1.160674
 3    -0.598112    0.017661      0.636282   9212.000000      2.094673
 4    -0.843135    0.007790      0.662778   14316.000000      3.615229
 5    -1.044899    0.032049      0.684596   19941.000000      5.632212
 6    -1.073062    0.040344      0.687642   24936.000000      7.666176
 7    -1.181463    0.042321      0.699364   32842.000000     11.853152
 8    -1.224266    0.057203      0.703992   39932.000000     15.523105
 9    -1.293802    0.071929      0.711512   51271.000000     23.025771
10    -1.363621    0.072893      0.719062   62591.000000     32.309941
5.435284    1.160573    
5.234737    5.690839    1.159537    1.107509    
3.576871    3.836007    4.347939    0.650226    0.491214    0.126187    
5.513562    5.633910    4.384294    5.282830    1.043590    0.866843    1.221964    0.282635    
5.523352    5.661995    4.300538    5.367047    3.063929    1.031567    0.881229    1.257392    0.338207    0.240282    
5.521769    5.675011    4.255004    5.390885    3.051579    1.740903    1.035146    0.886578    1.266633    0.351343    0.267568    1.478584    
5.503951    5.668505    4.260968    5.382559    2.988548    4.379673    0.519395    1.033281    0.911834    1.262085    0.432193    0.332997    1.330130    0.229357    
5.380435    5.081389    1.113147    6.186341    0.734713    3.071265    3.643544    1.527905    0.897767    0.504123    1.194069    1.006926    0.311354    0.193881    1.351958    0.146332    
5.001782    5.902642    4.385228    2.478840    5.101268    4.768768    2.003480    5.181079    4.961801    0.954392    0.969977    1.451420    0.194545    1.169694    0.301267    0.092942    1.457827    1.405426    
5.487856    5.614766    4.191795    5.466167    2.962156    4.500132    0.413427    2.364973    1.291963    6.283185    1.048426    0.914789    1.307473    0.460052    0.435017    1.233282    0.385044    1.407507    0.056582    1.353686    
