 8    -3.876371    4.655088    0.041813
1.011944  0.346745  -0.230357  -0.433349  -0.627075  0.791468  -0.598915  -0.869797  -0.788798  -0.724587  -0.092965  -1.456969  0.201143  -0.592222  0.822629  -1.629775  1.174757  2.386508  -0.728570  -0.271611  -1.366432  -0.545020  -0.308100  -1.794647  1.810442  -0.040052  -1.391488  -1.741249  
0.327159  -0.179681  0.169522  -0.160026  -0.131739  0.799894  -0.143876  -0.151638  
 1    -2.173063    0.012344      0.800350   3492.000000      0.561977
 2    -2.967364    0.005350      0.893452   7268.000000      1.476325
 3    -3.300432    0.004780      0.932492   12562.000000      2.801741
 4    -3.574732    0.002806      0.964644   19964.000000      5.123443
 5    -3.451775    0.007536      0.950232   25002.000000      6.788480
 6    -3.600441    0.002257      0.967657   38267.000000     12.510897
 7    -3.671180    0.000010      0.975949   60623.000000     24.012542
 8    -3.619986    0.000648      0.969948   99340.000000     46.907645
 9    -3.677138    0.000038      0.976647   194276.000000    112.737257
10    -3.621698    0.000639      0.970149   248250.000000    153.663056
6.283185    0.731829    
3.441312    5.018058    0.498116    0.476810    
3.038664    3.767719    5.442262    0.578406    0.470811    0.289448    
2.719126    3.451345    3.181484    5.555655    0.605459    0.470310    0.338381    0.287156    
2.676228    3.932928    4.866432    6.283185    6.283185    0.598596    0.528316    0.296926    1.570796    1.418660    
2.445376    3.309391    3.190515    4.965550    6.283185    6.283185    0.603777    0.455703    0.380038    0.274549    1.570796    1.486155    
1.563115    2.721343    2.774417    2.935503    3.137064    3.709343    3.994353    0.612147    0.448423    0.393219    0.336895    0.265771    0.168870    0.098546    
1.947158    3.488418    3.399828    3.993615    6.260050    6.251854    4.699665    4.818978    0.664998    0.482888    0.401482    0.337538    1.570796    1.361949    1.451030    1.478686    
1.407639    2.490929    2.582155    2.650507    2.785303    3.097013    3.403915    3.760270    4.314224    0.603698    0.436160    0.384615    0.333508    0.294700    0.230129    0.185127    0.090513    0.058087    
1.969675    3.517576    3.411223    3.894498    6.257465    6.229481    4.464514    4.529080    3.868816    5.768292    0.673759    0.485404    0.397568    0.345764    1.570796    1.345894    1.412652    1.450346    1.519138    1.555794    
