 8    -3.626123    4.760285    0.447436
0.865590  -0.505806  0.978056  0.089766  -0.313105  -0.997138  -0.062213  -0.719255  0.387988  0.285235  -2.107092  1.542011  -0.122495  -0.217374  1.046019  1.691346  1.035376  -0.154498  0.326185  -1.045922  -0.085956  -0.631021  -1.049734  0.551428  0.243106  -1.882774  1.321947  -0.329868  
-0.297567  0.227564  0.322452  0.145252  -0.267094  -0.332687  -0.309847  0.219118  
 1    -1.873836    0.366363      0.791056   3363.000000      0.532114
 2    -2.964938    0.713700      0.921160   6647.000000      1.267254
 3    -3.452739    0.912117      0.979326   11921.000000      2.549022
 4    -3.566384    0.957874      0.992877   19391.000000      4.820260
 5    -3.597520    0.976496      0.996589   31853.000000      9.354614
 6    -3.618544    0.995536      0.999096   43556.000000     14.887025
 7    -3.623638    0.998290      0.999704   80578.000000     34.978140
 8    -3.624675    0.999277      0.999827   147890.000000     76.767328
 9    -3.625403    0.999659      0.999914   214686.000000    122.987595
10    -3.625794    0.999801      0.999961   295064.000000    185.161256
5.063883    0.551540    
4.141117    5.200916    0.778560    0.417317    
3.481387    3.738532    4.222649    0.691934    0.518534    0.294003    
2.491630    3.434080    3.404676    3.864451    0.636341    0.536172    0.396625    0.201488    
1.832900    3.328180    3.091233    3.365025    3.938695    0.661835    0.534964    0.441153    0.335406    0.142130    
1.688019    3.205562    3.064324    3.302323    3.783005    4.901201    0.666232    0.529736    0.463814    0.365744    0.241191    0.080370    
1.492690    2.780047    2.791775    2.875140    3.201376    3.691169    4.645869    0.655664    0.497920    0.447444    0.383994    0.298810    0.187751    0.072885    
1.447524    2.706438    2.754091    2.836807    3.109848    3.503773    4.117324    4.484294    0.650847    0.500534    0.449376    0.394623    0.324904    0.228223    0.130099    0.040008    
1.394477    2.580890    2.599972    2.524679    2.420394    2.557972    3.228605    4.059563    4.705526    0.643315    0.483969    0.425046    0.351029    0.272934    0.238414    0.184869    0.113755    0.032370    
1.127026    2.128667    2.464240    2.522585    2.452857    2.173262    2.557631    3.366632    4.059141    4.686522    0.615066    0.478292    0.434656    0.385988    0.299108    0.231343    0.229805    0.176875    0.103941    0.029146    
