 8    -4.987678    5.159273    0.990191
-0.736260  0.440260  0.731900  0.254316  -1.807715  1.053235  -2.661686  -1.076339  0.484691  0.170791  0.129711  -0.386408  1.199626  -1.070269  -1.157811  -0.271514  -0.071525  -0.862646  -0.789977  0.300384  -0.166081  0.298657  1.737711  0.311688  1.138495  0.966284  0.786999  0.293484  
-0.300000  1.000000  1.000000  1.000000  1.000000  1.000000  1.000000  1.000000  
 1    -0.185204    0.015249      0.526708   2727.000000      0.494541
 2    -0.467101    0.011855      0.554489   5846.000000      1.219456
 3    -0.742536    0.018903      0.581634   10509.000000      2.440427
 4    -0.921717    0.059184      0.599292   15153.000000      3.902657
 5    -0.990292    0.082018      0.606051   19717.000000      5.509175
 6    -1.147716    0.043748      0.621565   26763.000000      8.746885
 7    -1.152775    0.104928      0.622064   32058.000000     11.284171
 8    -1.290732    0.034445      0.635659   41215.000000     16.766341
 9    -1.310713    0.178171      0.637629   52617.000000     24.623259
10    -1.487877    0.192792      0.655088   62342.000000     33.829901
4.954236    0.559283    
2.071092    3.419101    0.671157    1.093840    
4.864957    3.709058    5.487036    0.545899    1.087615    0.647957    
5.081441    4.903064    1.686249    4.771238    0.707759    0.885842    0.315176    0.191259    
4.805947    3.752438    5.338637    3.968132    1.904169    0.635110    1.033051    0.900193    1.152939    1.210144    
5.170928    0.587448    0.892020    5.608290    2.272079    1.968060    0.809622    0.352060    0.784290    1.092156    1.402525    1.302216    
4.969267    0.958912    1.965795    0.901160    4.785486    3.439397    2.737157    0.516661    0.196795    0.297551    1.045669    0.474739    1.306450    1.228240    
1.778465    2.637012    0.853565    1.494511    2.146883    4.753392    4.813519    2.426123    0.578149    1.036073    1.108460    1.414802    1.474160    1.365619    0.079618    1.003181    
4.631753    3.830074    5.353900    4.354888    5.231137    3.805234    3.305306    3.203439    4.928365    0.506465    0.978938    0.582426    1.425650    0.031754    1.210798    1.332051    0.321313    1.284867    
4.615827    3.866576    5.333034    4.390759    5.323105    3.706135    3.280627    3.237168    5.003562    5.354884    0.533990    0.902900    0.541825    1.397309    0.069307    1.196082    1.280729    0.310533    1.298823    0.214436    
