 8    -4.471666    3.375500    0.276025
0.441145  -0.576500  -1.269955  -2.450535  1.899251  -0.074970  -0.255748  -0.274553  -0.856710  0.858997  0.574482  0.136117  -0.110739  0.963468  0.789986  -0.354507  0.655454  -1.442845  0.516226  1.165711  -0.683643  -0.198090  0.540971  0.441133  0.138034  -0.057272  -1.105156  0.767905  
0.474150  -0.040640  -0.195910  0.274463  0.255424  -0.273649  0.193185  -0.312325  
 1    -2.259114    0.298096      0.718044   3435.000000      0.541532
 2    -3.797579    0.556315      0.914098   6819.000000      1.331316
 3    -4.266068    0.683004      0.973800   12387.000000      2.655918
 4    -4.367225    0.723424      0.986691   19197.000000      4.839420
 5    -4.390437    0.748532      0.989649   38591.000000     12.444273
 6    -4.414741    0.820582      0.992746   50311.000000     17.354158
 7    -4.436263    0.934013      0.995488   78300.000000     33.159846
 8    -4.457704    0.985905      0.998221   114151.000000     56.299897
 9    -4.466804    0.997494      0.999380   177466.000000     96.584483
10    -4.469936    0.999373      0.999780   273611.000000    172.219145
5.814611    0.572217    
4.843452    5.971160    0.786638    0.425103    
3.881716    3.914621    4.708438    0.659471    0.489698    0.285739    
2.807144    3.716722    3.660928    4.328835    0.617395    0.510034    0.367868    0.192004    
2.041750    3.663202    3.380241    3.741263    4.600692    0.644484    0.519544    0.416638    0.322424    0.133209    
2.045390    3.628966    3.500346    3.838183    4.585532    6.000243    0.643276    0.523225    0.437517    0.342766    0.223430    0.089516    
2.195530    3.718534    3.623450    4.127553    5.007498    5.874068    6.283185    0.604914    0.529676    0.411084    0.319712    0.201861    0.187674    0.089814    
1.984025    3.864882    3.567946    4.028378    4.966452    6.283185    5.546561    5.576091    0.670169    0.538350    0.435321    0.323068    0.207290    0.193450    0.172722    0.094172    
1.800382    3.459603    3.324679    3.672726    4.497783    5.938780    5.299196    5.185051    5.412160    0.655262    0.505429    0.441560    0.347949    0.225145    0.148660    0.169330    0.166829    0.080186    
1.666425    3.180403    3.102420    3.250620    3.826634    4.756406    5.730438    5.256234    4.866457    5.261385    0.652286    0.484344    0.426275    0.357607    0.266739    0.160013    0.160290    0.163345    0.140270    0.061105    
