 8    -3.932409    4.615631    0.138874
1.852027  1.201873  -0.549276  0.219038  -0.016983  0.671893  0.333167  -1.771524  1.975094  0.418604  -0.558470  0.925971  -0.505698  -0.325270  -1.075545  0.446122  -0.836724  0.162329  0.281473  0.505949  -0.553527  -0.866120  0.327513  1.036986  0.348084  -1.708354  1.127971  -0.092168  
-0.316827  0.288930  0.273819  -0.214008  0.246855  -0.287362  -0.378992  0.095332  
 1    -2.419707    0.331243      0.823035   3342.000000      0.557717
 2    -3.300638    0.631784      0.926092   6770.000000      1.287653
 3    -3.742138    0.779811      0.977741   12912.000000      2.815900
 4    -3.849737    0.838695      0.990329   20526.000000      5.232111
 5    -3.882961    0.884471      0.994215   32991.000000     10.052676
 6    -3.908110    0.956305      0.997157   49184.000000     17.048871
 7    -3.921132    0.988346      0.998681   70759.000000     28.466528
 8    -3.929042    0.998085      0.999606   110180.000000     52.748935
 9    -3.931267    0.999534      0.999866   191769.000000    108.859805
10    -3.931819    0.999724      0.999931   321148.000000    213.103166
5.301090    0.536561    
4.283615    5.383131    0.804007    0.430680    
3.310829    3.179700    4.317831    0.629611    0.524883    0.325934    
2.272929    3.430351    3.206853    3.813985    0.638233    0.544204    0.387400    0.214910    
2.032463    3.267266    3.007361    3.340318    4.247695    0.657176    0.533436    0.418325    0.335942    0.137444    
1.847716    3.393932    3.072498    3.405621    4.084498    5.294182    0.674755    0.541423    0.435301    0.353081    0.235644    0.107490    
1.810488    3.260532    3.010520    3.362323    3.972990    4.810947    4.920310    0.659471    0.533430    0.438160    0.360962    0.252654    0.179007    0.078029    
1.612008    3.034149    2.903989    3.158144    3.607398    4.277904    4.521820    5.087193    0.670698    0.512717    0.455246    0.375519    0.286133    0.193729    0.158650    0.066459    
1.425810    2.655792    2.756177    2.905333    3.306000    3.825047    4.302127    4.386418    4.880162    0.645911    0.497272    0.452336    0.394571    0.322124    0.232372    0.174410    0.126525    0.053921    
1.342728    2.483946    2.586941    2.665870    2.917424    3.135518    3.426338    3.733567    4.009925    4.651670    0.634022    0.481894    0.432642    0.382765    0.313401    0.231488    0.174304    0.145095    0.109171    0.048407    
