 8    -4.447035    4.074782    0.014987
1.228264  -0.961592  -1.375194  -0.666736  -0.408250  -0.159367  -1.010143  -0.272901  1.148510  0.304371  0.659412  1.625798  -1.085026  -0.277913  0.463255  -0.990108  0.434097  -0.866149  1.488676  -0.134554  0.149314  0.151039  -1.374282  -0.378194  0.792847  -1.594435  -0.553262  -1.656346  
-0.349616  0.224698  -0.263613  -0.263859  0.057983  -0.303572  -0.268593  -0.327736  
 1    -2.466926    0.310049      0.767642   3057.000000      0.506363
 2    -3.704205    0.584943      0.912832   7003.000000      1.324016
 3    -4.285273    0.737091      0.981018   12350.000000      2.694228
 4    -4.411737    0.784762      0.995858   20290.000000      5.068663
 5    -4.439796    0.809191      0.999151   30569.000000      8.884086
 6    -4.442462    0.842884      0.999463   54928.000000     20.653751
 7    -4.444541    0.887409      0.999707   95939.000000     43.756756
 8    -4.445124    0.907369      0.999776   139203.000000     70.753919
 9    -4.445879    0.980129      0.999864   277485.000000    165.794731
10    -4.446317    0.990532      0.999916   396415.000000    262.292165
5.492600    0.544389    
4.419098    5.770451    0.791718    0.427317    
3.413388    3.811313    4.768152    0.657588    0.543227    0.320455    
2.456359    3.678792    3.466266    4.147131    0.636804    0.535458    0.392223    0.219361    
1.796591    3.351729    3.191902    3.440614    4.154043    0.662198    0.514831    0.447579    0.341839    0.165834    
1.710995    3.141316    3.128783    3.258697    3.706626    4.536492    0.653087    0.507814    0.449484    0.364014    0.247027    0.079295    
1.555419    2.853184    2.984972    3.155358    3.536942    4.136378    5.144532    0.641639    0.491191    0.452193    0.391411    0.305841    0.185588    0.065198    
1.368558    2.523217    2.804677    2.969091    3.288031    3.681178    4.163808    4.876281    0.623357    0.481953    0.445621    0.407734    0.348130    0.256764    0.157323    0.058971    
1.498553    2.734281    2.924496    3.089220    3.520564    4.057312    4.639972    4.738723    5.375414    0.634470    0.481430    0.447849    0.396824    0.326582    0.235736    0.167268    0.119233    0.047323    
1.466576    2.658147    2.823376    2.892262    3.139938    3.349007    3.697652    4.176485    4.398940    5.055219    0.629966    0.475038    0.432287    0.379482    0.306944    0.227169    0.177012    0.155844    0.115237    0.049430    
