 8    -4.973017    4.622618    1.628161
-0.277191  -1.145218  1.062622  -0.870811  -1.755050  -1.015249  1.560385  0.481436  -1.006437  1.485005  -0.585905  -0.851112  0.591227  1.385524  1.787364  0.401825  0.404999  0.073697  0.025266  0.675647  1.116530  0.599057  1.417557  -0.488025  0.220577  -0.609157  0.015882  1.153928  
0.153650  0.111560  0.799962  -0.104626  -0.135933  0.176342  0.164214  -0.162751  
 1    -2.241096    0.274090      0.715295   2832.000000      0.460094
 2    -3.855137    0.696802      0.883501   6868.000000      1.314513
 3    -4.369142    0.850951      0.937068   12122.000000      2.640779
 4    -4.675919    0.909951      0.969038   20129.000000      5.114177
 5    -4.870526    0.971540      0.989319   29176.000000      8.304064
 6    -4.936801    0.988917      0.996226   47179.000000     16.362664
 7    -4.959922    0.995413      0.998635   68349.000000     27.705674
 8    -4.966022    0.997719      0.999271   101907.000000     47.935916
 9    -4.971358    0.999533      0.999827   163097.000000     89.515214
10    -4.972316    0.999785      0.999927   274903.000000    177.712259
6.283185    0.610278    
5.005719    5.337179    0.451487    0.422753    
3.667215    4.946016    4.312281    0.478983    0.364495    0.245950    
3.509134    4.647179    4.368470    5.690952    0.596585    0.467513    0.247163    0.232252    
3.173337    4.058995    3.892523    5.033742    4.361996    0.577863    0.447599    0.341465    0.192585    0.181294    
2.180439    3.872432    3.850821    4.046859    4.687526    4.619330    0.589570    0.458374    0.384385    0.294053    0.178460    0.139340    
2.013301    3.496745    3.572096    3.799220    3.966957    4.841837    4.535571    0.606180    0.437555    0.378420    0.323082    0.251746    0.147050    0.099178    
1.892583    3.275390    3.439888    3.649655    3.885126    4.315972    4.756742    4.871249    0.588330    0.432902    0.382231    0.324192    0.272544    0.198148    0.109424    0.058546    
1.804296    3.173270    3.321305    3.451410    3.637303    4.079652    4.363714    4.682158    5.410246    0.591301    0.424853    0.373557    0.324195    0.281794    0.208074    0.175434    0.066269    0.057288    
1.485987    2.727987    3.131546    3.299015    3.485649    3.750916    4.170021    4.414319    4.976191    5.243824    0.569853    0.422831    0.379098    0.334771    0.300614    0.245799    0.191196    0.145491    0.059531    0.045456    
