 8    -3.876371    4.655088    0.041813
1.011944  0.346745  -0.230357  -0.433349  -0.627075  0.791468  -0.598915  -0.869797  -0.788798  -0.724587  -0.092965  -1.456969  0.201143  -0.592222  0.822629  -1.629775  1.174757  2.386508  -0.728570  -0.271611  -1.366432  -0.545020  -0.308100  -1.794647  1.810442  -0.040052  -1.391488  -1.741249  
-0.300000  1.000000  1.000000  1.000000  1.000000  1.000000  1.000000  1.000000  
 1    -1.809593    0.005157      0.757746   3255.000000      0.537422
 2    -2.477198    0.002537      0.835998   6449.000000      1.378232
 3    -2.627589    0.000696      0.853626   9809.000000      2.108691
 4    -2.811226    0.000800      0.875151   13820.000000      3.252544
 5    -2.812581    0.000623      0.875310   20042.000000      5.351685
 6    -2.831648    0.003759      0.877545   24588.000000      7.596073
 7    -2.841417    0.000818      0.878690   32939.000000     11.493124
 8    -2.883009    0.002735      0.883565   45249.000000     18.745188
 9    -2.844386    0.000234      0.879038   53526.000000     24.473637
10    -2.881054    0.006572      0.883336   68624.000000     35.482098
0.427065    0.536399    
0.340372    0.420218    0.793732    0.421353    
0.339524    0.380146    1.195389    0.763065    0.479057    0.152748    
0.247227    0.254630    0.322012    1.203800    0.627085    0.522783    0.369146    0.082984    
0.237854    0.254494    0.307768    0.767206    3.550576    0.621015    0.525455    0.370595    1.464026    0.031688    
0.246878    0.247656    0.321871    4.626852    5.584124    3.018729    0.604582    0.536748    0.365663    0.065999    0.105254    0.079525    
0.234714    0.264324    0.318668    5.667510    1.655709    3.812508    5.988853    0.620564    0.549032    0.340075    1.496734    0.096661    0.067615    1.493888    
0.218092    0.290228    0.346183    3.767998    1.755297    1.889622    3.884746    2.959382    0.651253    0.586549    0.383662    0.102180    1.503802    0.034464    0.093205    0.105727    
0.350184    0.365103    1.665291    4.069840    3.093033    2.893084    6.272832    6.086207    5.194496    0.769220    0.493652    1.501657    1.450906    1.440294    1.499739    1.500243    1.492485    1.473720    
0.335613    0.368937    1.182700    3.507898    3.391700    2.041690    4.883322    3.865024    6.283185    3.914369    0.756138    0.483303    0.149777    1.489203    0.088435    0.055640    1.465571    1.412260    1.472695    1.492832    
