 8    -3.477381    2.618687    0.155463
-0.923498  -0.196534  0.260503  -0.102614  -0.289689  0.713549  1.119250  -0.355867  -0.124338  0.141519  0.018409  -0.366028  0.248184  -0.044728  -1.645756  0.499089  0.988699  -0.835499  -1.171304  0.700343  -0.401667  -0.034007  0.791615  1.123036  -0.257931  -0.761827  -0.188643  -0.265364  
-0.300000  1.000000  1.000000  1.000000  1.000000  1.000000  1.000000  1.000000  
 1    -0.428332    0.000775      0.499833   3318.000000      0.829456
 2    -0.522768    0.000736      0.515325   6350.000000      1.403627
 3    -0.731146    0.000729      0.549507   9018.000000      2.127756
 4    -0.623225    0.003010      0.531804   13172.000000      3.132262
 5    -0.741410    0.010917      0.551191   19071.000000      5.097685
 6    -0.855785    0.002764      0.569953   25219.000000      7.773775
 7    -0.941903    0.021453      0.584080   34777.000000     12.525969
 8    -1.043749    0.033401      0.600787   43751.000000     17.550393
 9    -1.016469    0.057348      0.596312   51675.000000     23.054260
10    -1.177360    0.238110      0.622704   69086.000000     36.613791
0.441398    0.564687    
0.456585    1.852098    0.623787    1.327168    
0.350341    0.402978    1.238347    0.795411    0.481681    0.163097    
0.494272    5.902483    1.743606    4.319433    0.613372    1.412176    0.265176    1.411815    
0.548455    6.000000    1.897614    4.214167    5.406650    0.539085    1.523669    0.155324    1.361699    0.314295    
0.396630    0.366584    1.090785    5.920632    3.749691    2.506747    0.787725    0.455102    0.137628    0.122668    0.176931    1.318774    
0.519923    6.043007    3.767714    2.660311    5.048804    3.799066    0.576527    0.424943    1.479135    0.046894    0.189956    0.383098    1.322204    0.230215    
1.515574    5.377154    2.376472    6.283185    4.145509    3.446542    1.686307    4.265168    0.890208    1.092010    0.486490    1.378664    0.262852    0.157038    0.200004    0.309768    
0.542744    1.934842    6.163350    1.917847    3.044893    5.483090    2.462275    1.242885    3.587627    0.663239    1.080581    0.257853    1.430129    1.250240    1.376053    1.472833    0.255598    1.364465    
0.482367    5.391863    1.612665    6.100086    4.682569    2.518592    4.066546    3.648918    5.803943    5.664491    0.550150    1.340830    0.198343    0.187895    0.288420    1.121502    1.286875    0.245840    1.451467    0.301173    
