 8    -5.048118    5.269142    0.450498
-1.485170  -0.260205  -1.424565  -0.891399  0.761163  -0.698757  -0.396650  1.243787  0.074518  -0.322948  1.461472  1.241821  0.259419  1.071688  -0.130218  1.885784  -0.705359  0.335575  0.568752  -0.916734  -1.059760  -1.918972  1.679736  -1.131580  -1.168810  -0.301069  3.244311  1.609465  
-0.300000  1.000000  1.000000  1.000000  1.000000  1.000000  1.000000  1.000000  
 1    -0.627122    0.023019      0.571495   3015.000000      0.510729
 2    -0.900884    0.031373      0.598030   6608.000000      1.329780
 3    -1.063084    0.038575      0.613751   10239.000000      2.303890
 4    -1.138589    0.049344      0.621069   14362.000000      3.555939
 5    -1.256512    0.055069      0.632499   18989.000000      5.183816
 6    -1.573160    0.004040      0.663190   26486.000000      8.291380
 7    -1.710000    0.051815      0.676453   32920.000000     11.385374
 8    -1.671747    0.004158      0.672745   40724.000000     16.045422
 9    -1.847668    0.071424      0.689797   53767.000000     24.562170
10    -1.993661    0.127229      0.703947   67802.000000     35.738829
0.315361    1.296044    
0.258312    0.639796    1.189995    1.383122    
0.231948    0.473245    0.615188    1.210659    1.358132    1.430130    
0.226376    0.437877    0.588460    0.943267    1.184692    1.349550    1.379117    1.472634    
0.243923    0.462179    0.519178    0.867707    0.992093    1.199484    1.335973    1.343057    1.398339    1.440969    
0.384186    0.584214    4.630368    2.788672    2.700626    4.795370    1.140428    1.394637    1.253519    1.322670    1.262177    0.189507    
0.222943    0.537162    0.513166    2.042191    2.732116    2.758871    2.750960    1.253521    1.284948    1.421330    1.461434    1.278723    1.288351    1.325379    
0.407273    0.607771    4.613172    2.833663    2.675192    4.934596    3.202332    3.900891    1.154937    1.387342    1.292710    1.281223    1.232813    0.142485    0.130968    1.480701    
0.226274    0.423708    0.557408    0.924908    1.064977    1.055003    1.053931    1.062884    1.153212    1.202531    1.371037    1.350891    1.395062    1.383720    1.388255    1.380469    1.421042    1.454526    
5.161888    2.031694    1.789329    4.656978    1.690355    4.014404    4.805581    2.193370    2.458183    3.881293    1.006866    0.160685    0.422649    1.300137    0.419540    0.278703    1.237657    0.387784    0.266294    1.431973    
