 8    -3.989827    4.554792    0.324952
-0.564163  -0.238681  -0.774429  0.260315  -1.294135  1.222583  -0.293067  -0.331231  -0.351750  0.464535  1.249793  2.165466  1.597250  0.090560  -0.645840  -0.492307  -1.035561  -1.291473  0.005765  -0.351684  -0.950603  -1.362077  -0.202985  0.794999  -1.815096  1.199073  -0.102739  0.222348  
-0.300000  1.000000  1.000000  1.000000  1.000000  1.000000  1.000000  1.000000  
 1    -0.434315    0.058958      0.583889   3201.000000      0.536643
 2    -0.693881    0.034656      0.614266   6303.000000      1.276227
 3    -0.865809    0.063364      0.634388   9424.000000      2.122126
 4    -0.976635    0.044850      0.647358   13735.000000      3.370045
 5    -1.030568    0.029014      0.653670   19267.000000      5.270565
 6    -1.295150    0.024894      0.684635   24888.000000      7.805269
 7    -1.192468    0.079718      0.672617   31640.000000     11.308220
 8    -1.375752    0.059196      0.694068   39698.000000     16.022628
 9    -1.391858    0.120009      0.695953   49622.000000     22.883871
10    -1.717301    0.304530      0.734040   61641.000000     32.759780
5.034944    1.022912    
4.916024    1.174874    1.084612    0.388675    
4.907200    1.124656    5.568051    1.167785    0.432440    1.285291    
4.926817    1.102723    5.589724    4.990034    1.122125    0.470916    1.327492    1.387785    
4.933267    1.114435    1.858418    3.798161    4.893102    1.148315    0.432434    0.101319    1.368244    1.409145    
1.243727    3.424950    4.356506    0.777912    6.055454    3.357493    0.853764    1.512936    0.483095    0.388124    1.270764    1.376036    
4.903901    4.563508    4.506194    0.215587    4.698657    3.580472    2.663668    1.133358    0.388668    1.447374    1.388978    0.377079    1.303042    1.409305    
1.251306    3.413348    4.358379    0.790901    2.659447    3.417537    3.405940    4.684059    0.828466    1.514944    0.466800    0.399413    1.533498    1.258833    1.373822    1.453676    
4.914378    1.059288    5.561304    2.895718    3.979196    4.677619    1.530714    5.089137    2.924744    1.182922    0.428974    1.252078    0.140519    0.057190    0.210996    1.412661    1.285564    1.414428    
1.129927    5.345390    1.874624    1.951663    3.496019    5.066843    4.918934    3.245141    3.922118    3.523192    0.834889    0.249158    1.268516    0.271779    0.201719    0.310428    0.276634    0.098371    0.077698    1.430207    
