 8    -4.974021    5.608311    0.287195
0.678844  0.916339  -0.121169  -1.154417  -0.271141  0.472377  1.269233  0.984344  -1.327064  -1.593114  -2.256591  -0.017827  -1.976864  1.137158  -0.490799  1.221608  -1.529330  1.045777  -0.322531  -0.944890  0.158779  0.166864  1.468873  0.158110  -0.907787  0.187829  -1.010326  -2.628436  
-0.300000  1.000000  1.000000  1.000000  1.000000  1.000000  1.000000  1.000000  
 1    -1.551227    0.005994      0.676556   3111.000000      0.520252
 2    -2.800264    0.002531      0.794586   6468.000000      1.274961
 3    -3.029321    0.000254      0.816231   8973.000000      1.958193
 4    -3.072912    0.005915      0.820351   12563.000000      3.028811
 5    -3.502544    0.000113      0.860950   17830.000000      4.833305
 6    -3.531486    0.000019      0.863685   23837.000000      7.309989
 7    -3.212356    0.000175      0.833528   31684.000000     11.376841
 8    -3.351660    0.000583      0.846692   39907.000000     15.904686
 9    -3.381303    0.001560      0.849493   52808.000000     25.182524
10    -3.388605    0.000850      0.850183   63823.000000     34.074196
0.429452    0.577578    
0.337042    0.439697    0.799314    0.458945    
0.332354    0.401084    1.276515    0.773804    0.490540    0.154245    
0.334976    0.415663    5.597656    0.415131    0.800474    0.430888    1.406453    1.396950    
0.244606    0.264342    0.289465    0.330384    0.484199    0.636593    0.502415    0.378273    0.266721    0.159691    
0.226517    0.258810    0.281553    0.326601    0.477736    5.013573    0.623054    0.508330    0.369745    0.260420    0.181278    1.502277    
0.335771    0.395756    1.810972    0.471334    3.578342    3.698037    2.720483    0.773352    0.478043    1.421317    1.427137    1.402975    1.480611    1.496211    
0.334100    0.398318    1.275163    0.952577    1.944678    0.366388    3.954120    3.689109    0.781384    0.497131    0.206104    1.445854    0.131495    0.117694    1.479640    1.516876    
0.328312    0.361783    3.106290    2.894414    4.262908    5.084759    4.943163    1.472432    5.378974    0.762950    0.497549    1.487452    1.495513    0.146980    1.504248    0.061637    0.064612    0.166252    
0.332417    0.390536    1.250206    2.883812    3.691569    4.478126    2.834572    2.308843    2.683397    6.119662    0.781500    0.482156    0.173558    0.087673    0.082219    1.488610    1.492217    0.107395    0.028971    0.103699    
