 8    -4.832214    4.064249    0.604030
-0.470129  0.670906  -0.822153  0.503401  -0.184276  0.514476  -0.472338  -0.433457  0.480020  -0.085906  -1.356367  -0.635875  -1.624491  0.912932  0.715495  -1.484308  -1.404396  0.367661  0.657626  -0.521781  1.926133  1.801852  0.194682  -0.105917  -0.523406  1.297764  1.918718  -1.313695  
0.370732  -0.142774  -0.192843  0.296536  -0.195863  0.358126  -0.244489  -0.338377  
 1    -2.542183    0.362361      0.742591   3012.000000      0.479286
 2    -4.030534    0.699852      0.909888   6743.000000      1.275852
 3    -4.592929    0.895448      0.973103   11880.000000      2.546279
 4    -4.748133    0.952922      0.990549   18804.000000      4.579348
 5    -4.794242    0.976534      0.995732   31453.000000      9.372554
 6    -4.819585    0.994337      0.998580   52745.000000     18.796088
 7    -4.827725    0.997124      0.999495   80399.000000     34.076922
 8    -4.829717    0.999151      0.999719   135754.000000     68.249856
 9    -4.830915    0.999558      0.999854   223034.000000    128.652669
10    -4.831556    0.999729      0.999926   325948.000000    211.706820
5.194964    0.566443    
4.226995    5.281670    0.773718    0.411554    
3.513516    3.669787    4.366084    0.679214    0.509013    0.285991    
2.592577    3.473223    3.464306    4.075106    0.639645    0.532489    0.392198    0.201647    
1.978489    3.246846    3.172785    3.452982    4.173309    0.641982    0.526358    0.439189    0.332899    0.147165    
1.668163    3.157537    3.077953    3.292017    3.742217    4.756916    0.652541    0.522964    0.458023    0.364526    0.250109    0.087269    
1.494349    2.828094    2.830491    2.882984    3.224528    3.710972    4.692626    0.656605    0.497734    0.441587    0.376717    0.298261    0.192106    0.073389    
1.478351    2.763482    2.802243    2.858800    3.157943    3.581467    4.275716    4.866121    0.653016    0.499139    0.443644    0.385566    0.316641    0.221445    0.122083    0.035716    
1.291473    2.385659    2.617621    2.719282    2.923080    3.235213    3.647713    4.256808    4.904186    0.634110    0.484000    0.439126    0.399025    0.343425    0.269859    0.182527    0.102879    0.030874    
1.198369    2.237667    2.507842    2.521467    2.442187    2.361434    2.803183    3.497104    4.237643    4.943597    0.625823    0.483837    0.428332    0.372758    0.299004    0.249058    0.227273    0.167157    0.096771    0.028996    
