 8    -4.823098    3.957258    0.743540
-0.337545  -0.225671  -0.825266  -1.519911  0.236885  -0.567556  1.783642  0.438508  -0.234935  0.649691  0.120339  -1.428240  -0.086604  1.572401  0.256997  0.257998  0.610064  -0.238371  -0.607507  0.311573  1.282436  2.512872  -0.260945  0.680088  -0.107376  -0.015426  1.702213  -0.941800  
0.240545  -0.081902  -0.107438  0.152630  0.113653  0.799962  -0.109887  -0.156972  
 1    -2.448136    0.211762      0.729514   3027.000000      0.486191
 2    -3.891732    0.586722      0.893926   7257.000000      1.429504
 3    -4.218129    0.734428      0.931100   12281.000000      2.772303
 4    -4.531852    0.834496      0.966830   17925.000000      4.399338
 5    -4.689134    0.912909      0.984743   29955.000000      8.816513
 6    -4.752423    0.942258      0.991951   49094.000000     17.593114
 7    -4.783841    0.968353      0.995529   74956.000000     31.934333
 8    -4.806361    0.989972      0.998094   110505.000000     52.611902
 9    -4.817555    0.996119      0.999369   154353.000000     81.397681
10    -4.820323    0.997823      0.999684   276015.000000    173.895122
6.283185    0.671402    
4.780812    5.552522    0.414980    0.455040    
3.581217    5.045091    4.527225    0.449195    0.374248    0.229193    
3.633322    4.716059    4.427365    6.283185    0.588268    0.461590    0.239249    0.248197    
3.186251    4.190250    4.118174    5.310137    4.753667    0.557878    0.447157    0.342305    0.183441    0.188090    
2.240968    4.138429    4.106598    4.336194    4.970268    5.127313    0.593257    0.447872    0.379895    0.298066    0.161810    0.140973    
2.302720    3.822973    3.985767    4.324649    4.452861    5.192794    5.420821    0.595288    0.442640    0.373925    0.310518    0.252999    0.121413    0.099711    
2.059409    3.843491    3.961609    4.201900    4.559741    5.078271    4.976943    6.283185    0.601044    0.442628    0.386821    0.326196    0.237530    0.215313    0.072543    0.086308    
1.970232    3.546005    3.729851    3.922823    4.121615    4.902577    4.740485    5.870683    5.112859    0.604742    0.426684    0.374615    0.328128    0.265244    0.202661    0.176927    0.053380    0.078891    
1.778082    3.253336    3.568875    3.768310    3.986449    4.441447    4.794752    5.106913    5.490752    5.646165    0.586994    0.429704    0.379659    0.329483    0.286272    0.225829    0.182281    0.130024    0.059086    0.055061    
