 8    -4.003053    3.556975    0.256872
0.108446  0.858697  -0.303699  -1.112064  2.308893  -1.048867  0.947621  0.883204  0.070424  0.041427  -0.289262  -0.204524  -0.044850  -0.477368  -1.277278  -0.027820  0.445678  0.686520  0.828148  0.253911  1.334424  -0.953863  -1.115720  -0.769460  0.716565  0.511641  -1.385294  -0.167641  
0.463698  -0.021429  0.030647  -0.179905  0.162583  -0.803868  0.159190  -0.221029  
 1    -2.014693    0.148492      0.736990   3132.000000      0.501406
 2    -3.080259    0.295628      0.877938   6829.000000      1.387140
 3    -3.353274    0.345318      0.914051   12143.000000      2.682065
 4    -3.544051    0.401172      0.939286   19928.000000      4.906841
 5    -3.614021    0.422839      0.948541   30558.000000      8.970032
 6    -3.635667    0.447398      0.951404   47738.000000     17.166652
 7    -3.682172    0.570204      0.957556   81680.000000     36.060229
 8    -3.810547    0.810421      0.974536   126597.000000     64.352815
 9    -3.894707    0.925190      0.985669   166902.000000     89.177006
10    -3.937685    0.941283      0.991353   212781.000000    124.023466
5.542407    0.644817    
3.452429    3.696387    0.512159    0.379319    
2.499698    3.376241    3.272996    0.508256    0.387842    0.213154    
2.432511    3.326034    3.406648    4.106607    0.612294    0.466915    0.270879    0.192774    
1.954546    2.787513    2.979801    3.623045    3.484742    0.576870    0.446063    0.358198    0.222429    0.138286    
1.605016    2.846819    2.924507    3.153239    3.542083    4.020897    0.639822    0.448410    0.380811    0.314531    0.161545    0.099590    
1.749448    3.225059    3.257702    3.630323    4.057183    4.115922    4.616738    0.626361    0.463796    0.381859    0.279575    0.222677    0.100745    0.130384    
2.258188    3.210163    2.800954    5.830857    2.876523    6.259145    5.282283    3.687251    0.539161    0.439871    0.263024    0.211479    0.000000    0.246769    0.119422    0.153197    
2.467890    3.247249    3.106620    4.576835    6.283185    6.283185    3.408454    4.363263    3.747436    0.569649    0.448614    0.266061    0.064501    0.000000    0.135740    0.233871    0.155224    0.141732    
1.577766    3.046979    3.268662    3.436482    6.283185    6.283185    4.175706    3.781546    4.289375    3.649340    0.651617    0.462604    0.381752    0.242978    0.000000    0.007290    0.157277    0.223348    0.157829    0.124591    
