 8    -4.620108    3.516951    0.877883
0.458901  1.173661  0.398716  1.044500  0.584015  0.653871  1.328473  -0.097377  -0.441175  -0.278228  -0.389714  -0.718051  -0.625707  -0.346769  -1.994583  -0.832022  -1.447044  0.816843  0.281185  0.968107  0.519780  0.659102  -0.532252  -0.200280  0.512809  -0.394196  -0.439878  0.036976  
-0.300000  1.000000  1.000000  1.000000  1.000000  1.000000  1.000000  1.000000  
 1    -1.238019    0.000628      0.584360   2988.000000      0.500220
 2    -2.294418    0.003731      0.714185   6201.000000      1.377053
 3    -2.677176    0.005168      0.761224   9367.000000      2.065018
 4    -3.016929    0.001253      0.802978   13198.000000      3.146430
 5    -3.167376    0.010615      0.821467   17841.000000      4.675241
 6    -3.256169    0.013459      0.832379   22702.000000      6.840788
 7    -3.190892    0.013113      0.824357   31783.000000     11.055409
 8    -3.337723    0.013166      0.842402   38478.000000     14.984645
 9    -3.442734    0.039505      0.855307   53175.000000     24.788214
10    -3.460953    0.020259      0.857546   63518.000000     32.702945
0.426623    0.581127    
0.340949    0.438512    0.795431    0.452347    
0.343734    0.408531    2.500968    0.784363    0.505487    1.371826    
0.335420    0.401004    5.723136    1.690782    0.796975    0.439118    1.383745    0.168318    
0.334343    0.396387    5.797345    2.945868    0.453217    0.788238    0.454896    1.443908    1.345086    1.424937    
0.342297    0.405084    5.782078    1.617406    4.891813    1.762646    0.799370    0.478757    1.441649    0.113209    1.430475    0.114278    
0.344495    0.409626    2.492580    0.484252    5.923661    1.730428    5.010401    0.796027    0.501582    1.399777    1.465450    1.459891    0.078256    1.494771    
0.337417    0.404755    5.885639    5.117893    0.860666    0.422391    3.240658    2.687914    0.796127    0.476498    1.478066    0.146071    1.360413    1.397491    1.532401    0.056991    
0.335455    0.392203    1.256254    0.910527    4.616872    5.230364    5.228516    3.775094    5.650236    0.774056    0.501298    0.219403    1.493867    0.054083    1.468072    0.075023    0.114385    0.101890    
0.331098    0.388989    1.203938    6.217216    2.736273    1.759649    0.404383    0.498379    5.568437    5.079072    0.773595    0.500617    0.135081    0.000000    0.068090    1.451752    1.413307    1.437571    1.533419    0.085669    
