 8    -5.355447    4.421480    1.017101
0.158384  -2.469081  -1.367974  0.135415  1.363801  -0.059990  -0.573970  0.521582  -0.633190  -0.989024  -1.811767  -0.207563  0.278757  1.736000  1.327823  -0.349844  0.156643  -2.476514  0.480148  -0.972058  1.202101  0.714467  0.655365  0.348766  0.662913  -0.184703  -0.262322  -0.376450  
0.257010  -0.195141  0.229476  -0.178714  -0.798985  -0.158326  0.139469  0.286956  
 1    -2.837266    0.312473      0.742436   3237.000000      0.530514
 2    -4.227967    0.682674      0.884680   7157.000000      1.423899
 3    -4.754538    0.834296      0.938538   12058.000000      2.653206
 4    -5.140125    0.916993      0.977977   19255.000000      4.879148
 5    -5.275594    0.972008      0.991833   30045.000000      8.847661
 6    -5.325678    0.986179      0.996955   42809.000000     14.258960
 7    -5.342034    0.992447      0.998628   64617.000000     25.873737
 8    -5.349998    0.998020      0.999443   97395.000000     45.208999
 9    -5.353964    0.999413      0.999848   157035.000000     84.998668
10    -5.354762    0.999728      0.999930   224156.000000    135.915185
5.478103    0.667705    
3.070168    3.611510    0.528943    0.415497    
2.536579    2.998503    3.208965    0.553394    0.401324    0.236967    
2.382985    2.982275    2.764204    3.827924    0.625749    0.486507    0.293730    0.230582    
2.070095    2.570340    2.465153    2.962649    2.963399    0.595626    0.446476    0.364745    0.210707    0.171432    
1.363036    2.521468    2.484855    2.529250    2.870358    3.114326    0.623470    0.477304    0.397526    0.317587    0.195354    0.127581    
1.321212    2.231850    2.278457    2.391595    2.519070    3.006755    3.019403    0.626167    0.447647    0.391519    0.333812    0.265521    0.156561    0.083512    
1.276183    2.274474    2.313442    2.417551    2.584603    3.021474    3.016762    3.994096    0.623594    0.457300    0.401024    0.344553    0.265933    0.206556    0.092683    0.051329    
1.205752    2.066195    2.103113    2.174845    2.301877    2.586765    2.762592    3.086753    3.503938    0.610279    0.430982    0.380658    0.331681    0.286362    0.212137    0.172437    0.069554    0.052471    
1.015183    1.829379    2.045088    2.105626    2.199655    2.371788    2.627668    2.845918    3.282504    3.401417    0.590083    0.438838    0.390963    0.340648    0.303391    0.248068    0.194942    0.142378    0.066683    0.040041    
