 8    -5.819143    5.661247    0.604668
0.120886  0.610718  -0.940969  -1.296675  -0.444179  -1.381420  0.602617  -0.815498  1.472935  -0.054761  0.049716  -1.540904  -1.109380  -1.381756  3.932359  -0.255963  1.355360  -0.172457  -0.880102  0.905413  0.530236  0.473998  -0.589417  -0.877020  0.452247  -2.293872  0.450996  -0.950069  
-0.300000  1.000000  1.000000  1.000000  1.000000  1.000000  1.000000  1.000000  
 1    -0.661887    0.008393      0.550777   2739.000000      0.463633
 2    -0.916491    0.036126      0.572954   6024.000000      1.224432
 3    -1.153397    0.006706      0.593590   10209.000000      2.289425
 4    -1.182188    0.017555      0.596098   13366.000000      3.281097
 5    -1.494370    0.024177      0.623290   18504.000000      4.975018
 6    -1.549689    0.014749      0.628109   25837.000000      8.173956
 7    -1.638243    0.040250      0.635822   33069.000000     11.497201
 8    -1.872621    0.060279      0.656238   42285.000000     16.970095
 9    -1.949158    0.147381      0.662905   52234.000000     23.618754
10    -1.953620    0.035860      0.663293   64018.000000     32.584949
1.961500    0.801819    
1.471965    4.031299    0.765003    1.255806    
1.813247    4.086181    2.290270    1.009472    1.154012    0.446984    
1.873702    4.168971    0.379584    4.491986    0.778812    1.125029    0.313643    1.443358    
1.377393    3.941210    1.462383    2.496572    0.417006    0.724894    1.252249    0.223196    1.191458    0.240359    
1.821950    4.074944    2.234743    6.275518    1.030527    2.282338    1.031367    1.131343    0.486982    0.278812    1.422811    1.421624    
1.828891    4.076748    2.244923    6.240649    3.847670    3.537114    2.533778    1.066755    1.146065    0.495649    0.192417    1.461050    0.224071    1.388491    
2.017256    4.168504    0.603458    2.901969    1.984975    2.679815    2.314800    3.845157    0.840542    1.164677    0.239707    0.262746    1.240949    0.255693    0.224060    1.304673    
1.934617    4.109639    2.132186    5.332051    0.749658    1.663315    0.403415    2.617571    2.302127    1.092532    1.176152    0.491941    1.275614    0.295591    1.042079    0.488768    0.213800    1.379763    
1.937378    4.751485    4.964517    5.474158    4.952645    5.076459    6.283185    2.062023    3.028687    6.283185    0.931635    0.275894    1.342778    0.191169    0.417920    0.144194    0.241110    0.248973    0.097727    0.115950    
