 8    -3.761463    3.999432    0.193942
-0.894779  0.121654  -0.763285  -0.481901  1.059032  0.356689  -0.392180  1.515508  -0.183340  -0.140353  -1.015118  -1.061475  -0.607602  1.142866  0.181214  0.037874  0.814313  -0.188506  0.959805  -0.357926  -1.180893  -0.575264  -0.207069  -0.544600  1.494800  -0.153919  -1.374320  0.848533  
-0.300000  1.000000  1.000000  1.000000  1.000000  1.000000  1.000000  1.000000  
 1    -0.299775    0.005064      0.553958   2865.000000      0.482659
 2    -0.674459    0.007175      0.602236   6005.000000      1.227845
 3    -0.889192    0.008716      0.629905   9289.000000      2.087305
 4    -1.021274    0.003439      0.646924   13466.000000      3.349437
 5    -1.174319    0.004917      0.666644   18828.000000      5.257304
 6    -1.311770    0.012890      0.684354   25785.000000      8.225285
 7    -1.406178    0.008193      0.696519   36332.000000     13.482491
 8    -1.411471    0.007080      0.697201   45635.000000     18.560770
 9    -1.497763    0.000494      0.708320   53554.000000     24.350482
10    -1.759048    0.034916      0.741987   67534.000000     35.286874
0.356190    1.182298    
0.401649    0.910964    1.250079    1.316328    
0.284183    0.766760    0.881423    1.202091    1.343497    1.368665    
0.234411    0.598119    0.842372    0.908888    1.156793    1.303869    1.380510    1.406107    
0.243357    0.491622    0.595742    0.946964    1.001007    1.206285    1.303366    1.325489    1.401461    1.389631    
0.215988    0.558102    0.688248    1.002214    1.024795    2.697395    1.211306    1.299758    1.334176    1.400206    1.348472    1.395871    
0.287594    0.682468    0.804012    0.916163    0.771222    1.961678    0.798110    1.165405    1.270823    1.350125    1.378898    1.389896    1.463342    1.416183    
0.225856    0.420539    0.580343    0.899592    1.003178    2.729863    3.247112    4.741057    1.234999    1.323003    1.308218    1.384657    1.339787    1.364831    1.420210    1.490388    
0.229020    0.434745    0.504512    0.742930    1.014001    0.924869    2.782716    3.013295    5.800323    1.193835    1.353101    1.332491    1.371747    1.401991    1.381334    1.394725    1.459864    1.532952    
0.257097    0.481751    0.618168    0.922727    0.934898    1.027668    1.164520    0.985561    2.490173    4.347932    1.224517    1.325821    1.323435    1.353789    1.338248    1.406120    1.384655    1.372763    1.403449    1.464765    
