 8    -4.728697    3.682043    0.975864
1.857565  -0.203968  0.711019  -0.958718  0.636314  0.984796  0.976736  -0.773217  -0.776050  -1.071380  -0.238518  -0.933245  -0.167597  -1.889870  0.563232  -1.514799  -0.558354  0.092131  0.432031  0.517837  -0.093025  0.611153  -0.411582  0.223541  0.685520  -0.103944  -0.564542  -0.640192  
-0.300000  1.000000  1.000000  1.000000  1.000000  1.000000  1.000000  1.000000  
 1    -1.566542    0.000650      0.624034   2700.000000      0.457421
 2    -2.590038    0.004847      0.745723   6262.000000      1.242994
 3    -2.947875    0.004874      0.788268   8927.000000      1.988506
 4    -3.266016    0.001861      0.826094   12392.000000      3.059949
 5    -3.327280    0.006418      0.833378   18427.000000      4.990134
 6    -3.262473    0.003730      0.825672   22690.000000      6.958242
 7    -3.405245    0.012894      0.842647   30967.000000     11.274742
 8    -3.408364    0.013019      0.843018   39849.000000     16.230721
 9    -3.349797    0.006146      0.836055   51055.000000     23.679619
10    -3.403326    0.131228      0.842419   67552.000000     38.030349
0.440583    0.552578    
0.345381    0.444851    0.806655    0.458197    
0.343775    0.387753    1.218730    0.770519    0.498053    0.201459    
0.335558    0.391485    1.250581    0.940962    0.765945    0.509331    0.281879    1.392808    
0.335330    0.403508    1.258805    0.948325    1.813328    0.774127    0.512976    0.271211    1.374078    0.074084    
0.339960    0.405065    5.847891    5.191538    4.320768    5.107389    0.797044    0.444549    1.422038    0.148558    1.429488    0.112309    
0.337866    0.397473    1.253561    0.937447    5.095267    3.107747    1.954393    0.776504    0.503147    0.224952    1.404920    0.088754    0.034314    1.484538    
0.338027    0.396562    1.254619    0.926395    5.097539    4.316783    0.808392    1.929488    0.776909    0.503286    0.229749    1.385091    0.088501    1.570796    1.478879    0.033585    
0.342932    0.412520    5.862983    3.084976    1.916977    0.434294    4.255337    0.911814    1.872624    0.798204    0.461512    1.483695    1.502478    0.163245    0.135827    1.428888    0.121863    1.502091    
0.345751    0.408101    5.762196    5.175680    5.609702    5.988916    6.105781    1.719721    4.505272    6.076028    0.801318    0.431207    1.440425    0.174564    0.142736    1.472811    1.527512    0.090590    1.515201    0.037022    
