 7    -3.499455    3.131583    0.339769
0.127319  -0.882520  0.047507  0.623834  -1.852717  -1.683985  -0.291250  -0.089777  -0.375991  -0.228138  -0.523171  0.493229  0.219159  -0.422662  0.446305  0.129420  -0.183992  0.532464  1.174072  1.075326  -0.561457  
-0.300000  1.000000  1.000000  1.000000  1.000000  1.000000  1.000000  
 1    -0.273694    0.046708      0.513536   2928.000000      0.419840
 2    -0.562253    0.015782      0.557052   6065.000000      1.021012
 3    -0.828026    0.063371      0.597133   8957.000000      1.632106
 4    -0.969498    0.058490      0.618467   13267.000000      2.634478
 5    -1.203964    0.132697      0.653826   18919.000000      4.052377
 6    -1.392353    0.298731      0.682237   24149.000000      5.760875
 7    -1.387387    0.030420      0.681488   32989.000000      8.912345
 8    -1.658060    0.364174      0.722307   37931.000000     11.157881
 9    -1.760408    0.178186      0.737741   48809.000000     16.027401
10    -1.958418    0.331497      0.767603   60692.000000     22.340108
2.456231    0.680025    
2.295094    1.849566    0.566292    0.430264    
2.386723    1.967152    1.202582    0.628481    0.426638    1.230379    
2.375898    1.944437    1.188002    3.988091    0.620872    0.457660    1.157069    1.358394    
2.403913    1.378040    2.682236    1.358194    5.029604    0.314314    0.311812    1.294325    0.362628    0.300417    
2.075251    1.774782    5.284707    5.500382    1.231694    5.801259    0.335284    0.749214    1.331466    1.096641    0.230540    0.243465    
5.757764    1.231025    4.518347    2.828893    2.193709    2.197401    2.085560    0.884875    0.953039    0.382987    1.244915    0.303134    0.211418    1.401551    
2.046855    1.793198    5.370149    5.418542    1.266351    5.720163    3.888990    6.031907    0.401711    0.753694    1.365729    1.087740    0.231770    0.285892    0.181629    0.148891    
2.502120    6.081989    3.219451    5.026922    3.108756    3.453467    1.035339    5.261413    4.208432    0.480070    1.091657    0.278282    0.392026    0.202317    1.473785    0.104124    1.250489    0.094920    
2.499656    6.119182    3.159484    5.102885    3.168892    3.403401    6.219102    6.265768    4.311365    5.533242    0.520596    1.099233    0.274659    0.368217    0.222411    1.450761    1.272586    0.229141    0.113592    0.085151    
