 7    -4.345394    4.175256    1.187089
-1.105140  -1.607770  -1.264305  -0.061869  -0.944557  -1.679209  -0.822992  -0.049193  -0.700455  0.428230  -1.542561  0.340174  1.443574  -0.181025  0.498420  0.636785  -0.874873  -0.610991  0.944186  0.764858  0.946040  
-0.300000  1.000000  1.000000  1.000000  1.000000  1.000000  1.000000  
 1    -0.352093    0.009443      0.531338   2889.000000      0.415393
 2    -0.733141    0.068100      0.576059   5741.000000      0.965382
 3    -1.014720    0.097633      0.609106   9300.000000      1.690172
 4    -1.159977    0.141104      0.626153   13559.000000      2.707513
 5    -1.624894    0.205322      0.680717   18733.000000      4.093747
 6    -1.791693    0.270235      0.700293   24440.000000      5.918648
 7    -2.062013    0.380427      0.732018   30925.000000      8.352678
 8    -2.339925    0.475090      0.764634   39035.000000     11.563684
 9    -2.378203    0.468247      0.769127   50992.000000     17.452438
10    -2.307883    0.481520      0.760874   62861.000000     24.299741
2.883731    1.067636    
2.373224    1.878292    0.622245    0.359634    
2.386513    1.835810    2.514646    0.601393    0.331687    1.280988    
2.563699    6.075010    3.265395    4.538647    0.538389    1.143900    0.238553    0.238144    
2.592595    5.962036    2.665403    2.687853    3.991040    0.638510    1.295009    0.501616    0.209515    0.276753    
2.593700    5.944540    2.722658    2.655555    3.897476    1.251445    0.611379    1.241246    0.513552    0.154435    0.316585    0.182662    
3.152814    1.334080    3.196853    5.951375    3.844997    3.865286    4.249220    1.223289    1.111545    1.049567    0.462526    1.141760    1.423618    1.296752    
2.530229    5.848141    2.730371    2.460210    4.202329    4.512416    2.128006    1.215279    0.623786    1.356511    0.465791    0.178021    0.386354    1.399285    1.268688    0.090889    
2.554566    5.880874    2.706125    2.474675    4.209259    4.505141    0.977929    1.136844    5.766782    0.600238    1.337004    0.469191    0.195343    0.395240    1.394185    0.045685    1.266892    0.096746    
3.014129    1.276967    3.340251    5.959994    5.075381    5.032906    3.861098    4.727463    3.849490    1.366552    1.114238    1.251652    1.099219    0.434353    0.256398    1.463114    1.332140    1.484327    0.393460    0.269733    
