 7    -3.706048    4.074795    0.937815
-1.130571  0.696200  -0.432293  0.741020  -0.478137  1.386040  0.125180  1.148860  -2.350259  0.183293  -0.311386  -0.294066  0.400061  1.005500  0.501643  -0.000668  1.303972  1.073324  -0.515345  1.662900  0.551817  
-0.278403  -0.280364  0.233872  0.194066  -0.292091  -0.241228  0.299189  
 1    -1.989460    0.473634      0.779383   3177.000000      0.448221
 2    -3.159005    0.828018      0.929694   7358.000000      1.179938
 3    -3.586587    0.961628      0.984647   12515.000000      2.245840
 4    -3.677140    0.988748      0.996285   19973.000000      4.084296
 5    -3.698827    0.996375      0.999072   33797.000000      8.218074
 6    -3.704966    0.999644      0.999861   46125.000000     12.566595
 7    -3.705037    0.999651      0.999870   55911.000000     16.743325
 8    -3.705287    0.999738      0.999902   93949.000000     35.053678
 9    -3.705481    0.999738      0.999927   109293.000000     44.596513
10    -3.705768    0.999894      0.999964   148575.000000     66.461702
5.598568    0.546212    
4.708325    5.939310    0.784594    0.425600    
3.609955    3.947634    4.801602    0.650202    0.520081    0.303776    
2.475095    3.868512    3.594783    4.247316    0.628237    0.530118    0.378685    0.211521    
1.871550    3.577805    3.339777    3.589551    4.310096    0.669887    0.513698    0.435429    0.331161    0.155371    
1.791389    3.452451    3.375126    3.559428    4.146765    5.452797    0.656888    0.517188    0.447999    0.356401    0.239158    0.076133    
1.781627    3.437633    3.353618    3.534397    4.158674    5.462546    6.212726    0.656699    0.514094    0.445179    0.351363    0.226807    0.048901    1.556086    
1.746209    3.260567    3.255680    3.433470    4.036281    4.949791    6.169225    5.835583    0.649525    0.499109    0.443731    0.359583    0.244092    0.022970    1.483606    1.527062    
1.526195    2.839450    2.952490    3.052325    3.366732    3.626376    1.695524    5.655050    4.309241    0.627339    0.471915    0.422947    0.367333    0.275006    0.122745    0.039673    1.570796    1.539321    
1.532243    2.791491    2.835710    2.842135    3.091692    3.642728    5.587248    4.524799    4.128058    4.188617    0.624568    0.462205    0.403380    0.349875    0.275073    0.182909    1.570796    1.478981    1.513423    1.539599    
