 7    -3.274465    4.319819    0.118255
1.412241  2.337697  1.611915  1.649743  0.798248  -0.038336  -0.416919  0.573888  0.379333  0.395861  -0.639797  -0.622015  -1.097253  -0.040995  0.406483  1.850516  0.371162  -0.024252  0.881849  1.684386  -0.044589  
-0.300000  1.000000  1.000000  1.000000  1.000000  1.000000  1.000000  
 1    -0.457553    0.021410      0.629075   3000.000000      0.429727
 2    -0.831637    0.022865      0.678333   5899.000000      0.993612
 3    -1.059972    0.012672      0.708400   10197.000000      1.852773
 4    -1.196869    0.063285      0.726426   13773.000000      2.710404
 5    -1.434189    0.042599      0.757676   19799.000000      4.327877
 6    -1.540482    0.054061      0.771673   25759.000000      6.198857
 7    -1.666124    0.114662      0.788217   33512.000000      9.410276
 8    -1.731814    0.162999      0.796867   41757.000000     12.905944
 9    -1.821958    0.004592      0.808737   54034.000000     19.046808
10    -1.905095    0.109278      0.819684   61495.000000     24.270192
1.822432    0.560607    
0.965513    1.396404    0.238953    0.363178    
0.848198    1.350419    1.620980    0.217282    0.367421    1.314013    
0.895401    1.250350    1.606999    1.274316    0.251135    0.378033    1.275168    0.239040    
0.841159    1.999498    2.302366    2.535635    4.531509    0.507653    0.305741    0.512508    0.057145    1.178191    
0.877478    1.299570    1.537675    1.384239    3.287127    0.974578    0.274959    0.345548    1.314460    0.203576    1.362134    1.408846    
1.653358    3.183659    0.462970    3.362588    2.832964    1.079437    2.659803    0.507745    1.008351    0.353085    1.352116    1.416833    0.203571    1.450702    
0.836420    2.002928    2.299339    2.201893    4.851832    3.324717    5.945642    6.037752    0.496621    0.273403    0.567443    0.038154    1.148645    0.078499    0.177763    0.123705    
1.605160    2.121146    5.613931    6.276544    3.568499    5.473299    4.626081    4.553366    1.708108    0.491601    1.438731    1.027757    1.240300    0.311059    1.222902    0.094989    1.457051    1.314385    
1.019692    1.781577    2.406498    5.219868    6.179072    4.722442    2.807074    5.843854    5.257191    1.692062    0.376319    0.346480    0.268832    1.370550    1.428222    0.358102    0.215459    0.101754    0.227017    0.060653    
