 7    -3.128989    4.152535    0.254846
1.348629  1.991068  1.393069  -0.686884  -0.095791  -0.756370  0.561199  0.751012  -1.191746  -1.487929  -0.625148  0.282211  -1.079033  -0.515311  0.327559  0.879111  0.555377  0.181936  0.944846  -1.306168  0.341810  
-0.472757  -0.063350  0.260558  0.182696  -0.160375  0.043108  -0.282330  
 1    -1.512182    0.137511      0.777958   2793.000000      0.451679
 2    -2.392405    0.221465      0.898842   6156.000000      1.043618
 3    -2.799546    0.228009      0.954756   10990.000000      2.018155
 4    -2.854885    0.203078      0.962356   16875.000000      3.420000
 5    -2.877050    0.182056      0.965400   27505.000000      6.645611
 6    -2.890400    0.153201      0.967234   37830.000000      9.843808
 7    -2.896692    0.133640      0.968098   83237.000000     29.023513
 8    -2.897250    0.129581      0.968174   135933.000000     55.286613
 9    -2.897286    0.128133      0.968179   156099.000000     63.528522
10    -2.903278    0.157906      0.969002   251409.000000    118.985317
6.283185    0.519032    
6.283185    6.283185    0.588107    0.343396    
5.696168    6.283185    6.283185    0.613231    0.413487    0.217338    
4.169671    5.872894    5.955978    6.283185    0.579764    0.459686    0.294147    0.124078    
3.253428    5.866600    5.807246    5.815893    6.283185    0.628402    0.488895    0.357911    0.206772    0.083548    
3.090299    5.397306    5.609184    5.977166    6.231452    6.283185    0.620043    0.476609    0.391026    0.261721    0.123504    0.048563    
2.680117    4.938999    5.152301    5.321516    5.978546    6.283185    6.283185    0.623724    0.466706    0.388159    0.304273    0.196307    0.089436    0.038139    
2.017996    3.584830    4.655424    5.085994    5.470163    6.283185    6.187574    5.040302    0.565243    0.436498    0.411016    0.347373    0.266615    0.160976    0.059184    0.027498    
1.842072    3.285680    4.604992    5.079704    5.435161    6.193970    6.202740    3.497029    3.492978    0.544259    0.437562    0.418536    0.357224    0.278605    0.173764    0.066024    0.018345    0.018199    
2.560270    5.029416    5.277208    5.344577    5.983966    6.283185    5.989369    6.283185    6.283185    6.283185    0.625001    0.473602    0.390415    0.291864    0.197255    0.090046    0.036076    0.000000    1.549097    1.541868    
