 7    -4.117563    4.114811    0.792511
0.779165  0.433715  -0.868448  0.416689  -0.606075  0.537735  -1.068886  0.371192  -1.583441  0.551922  -1.085115  0.775944  0.416375  0.780529  0.033247  1.286144  2.901189  0.521076  1.021167  -0.454762  -1.219863  
-0.248337  0.230819  0.169486  -0.262966  0.144507  0.614424  0.176969  
 1    -2.233432    0.358839      0.771131   3306.000000      0.462765
 2    -3.345864    0.721680      0.906260   6966.000000      1.143959
 3    -3.835562    0.869535      0.965745   11988.000000      2.209966
 4    -4.025203    0.958224      0.988781   19102.000000      3.924517
 5    -4.077595    0.982003      0.995145   28763.000000      6.729840
 6    -4.101226    0.994881      0.998015   48387.000000     14.050764
 7    -4.109829    0.996798      0.999060   73164.000000     23.998153
 8    -4.115998    0.999446      0.999810   117463.000000     43.798187
 9    -4.117121    0.999821      0.999946   202377.000000     88.599467
10    -4.117313    0.999906      0.999970   236780.000000    109.791322
5.605657    0.583438    
3.745516    5.170131    0.646018    0.387534    
3.062038    3.926398    4.858073    0.612812    0.483166    0.266361    
2.418657    3.688585    3.571327    4.420930    0.614714    0.490844    0.342667    0.203189    
1.762971    3.278359    3.352797    3.608904    4.225750    0.624303    0.483927    0.413085    0.281285    0.144488    
1.683244    3.127986    3.145632    3.208815    3.653838    4.292385    0.649390    0.479693    0.405426    0.320079    0.210791    0.086523    
1.597939    2.972086    3.101952    3.203569    3.515425    4.082135    4.997763    0.627573    0.487571    0.420594    0.340221    0.260838    0.152780    0.056925    
1.458890    2.755449    2.842207    2.975481    3.218935    3.664441    4.119783    4.700921    0.623407    0.467627    0.412650    0.356325    0.292807    0.221433    0.124706    0.056819    
1.106476    2.214254    2.630814    2.790179    2.977210    3.293013    3.661684    4.133573    4.438803    0.597162    0.466548    0.420433    0.376046    0.333249    0.271479    0.201876    0.112733    0.046127    
0.835473    1.923921    2.356809    2.633116    2.817658    3.046041    3.343976    3.713714    4.128895    4.382300    0.623488    0.495577    0.430048    0.393227    0.360372    0.318032    0.256207    0.183235    0.097664    0.035771    
