 7    -3.208508    2.604020    0.056754
0.108446  0.858697  -0.303699  -1.112064  2.308893  -1.048867  0.947621  0.883204  0.070424  0.041427  -0.289262  -0.204524  -0.044850  -0.477368  -1.277278  -0.027820  0.445678  0.686520  0.828148  0.253911  1.334424  
-0.300000  1.000000  1.000000  1.000000  1.000000  1.000000  1.000000  
 1    -0.357462    0.042398      0.509500   2397.000000      0.357744
 2    -0.551892    0.058090      0.542950   6039.000000      1.039865
 3    -0.960017    0.018630      0.613165   9608.000000      1.870290
 4    -1.201371    0.135484      0.654688   13575.000000      3.226574
 5    -1.244011    0.001665      0.662024   18855.000000      5.098571
 6    -1.495157    0.088386      0.705231   27405.000000      6.571294
 7    -1.341149    0.043552      0.678735   34172.000000      9.299416
 8    -1.473937    0.085921      0.701581   44018.000000     13.292695
 9    -1.643020    0.261967      0.730670   52660.000000     17.868437
10    -1.799787    0.233347      0.757641   66737.000000     25.432053
0.303807    1.267492    
0.268060    0.657095    1.194713    1.373860    
5.296523    5.572789    3.923370    1.064835    1.064674    1.205093    
2.660078    2.246242    3.486822    6.148653    1.121610    0.379263    0.457512    1.308505    
5.346507    5.527181    3.925058    5.930252    2.437732    1.074726    1.057676    1.200149    1.416188    1.350547    
3.027358    4.156955    0.744901    4.527708    5.470744    3.672354    0.192139    1.116971    0.420709    1.222111    1.047053    0.321538    
3.860199    1.149223    4.269821    4.470471    4.313432    1.874992    6.283185    1.077609    0.263805    1.088801    0.522200    0.294777    0.148287    1.294575    
3.694790    0.472410    4.687582    4.550424    1.656935    4.491451    4.456342    2.898653    0.683077    0.333291    1.409863    0.412889    0.913789    1.385528    1.329084    1.362357    
4.050418    0.651739    2.194457    6.055298    5.033928    3.256085    1.535498    0.688253    1.597894    0.598373    0.576925    0.669678    0.445202    0.227123    0.000000    1.178124    0.105174    0.215008    
4.012424    0.704780    2.298965    6.142448    5.023727    4.142513    0.737050    4.124595    3.924545    3.723421    0.516940    0.551914    0.631555    0.309213    0.348242    0.249020    1.168684    1.382561    0.037250    1.377972    
