 7    -4.485581    5.798879    0.777322
0.363580  1.314545  -1.146046  -0.488436  0.720190  -0.065189  1.841201  0.129148  1.689050  0.924599  -0.364502  1.552866  0.687094  1.868193  -2.101154  -0.860455  -1.583306  0.702538  1.232649  1.126887  -1.175439  
0.200513  -0.121263  -0.893707  0.161998  0.201598  -0.040051  -0.324203  
 1    -2.296086    0.179068      0.787107   3195.000000      0.442490
 2    -3.374635    0.297861      0.891978   6780.000000      1.100636
 3    -3.606731    0.301534      0.914546   11961.000000      2.145551
 4    -3.743602    0.295841      0.927854   19743.000000      3.941548
 5    -3.791663    0.281481      0.932528   28815.000000      6.679455
 6    -3.928597    0.492734      0.945842   38625.000000     10.195853
 7    -4.058778    0.648338      0.958500   50629.000000     14.746313
 8    -4.266978    0.862276      0.978744   77628.000000     27.156866
 9    -4.396029    0.959286      0.991293   109065.000000     43.123014
10    -4.451417    0.982550      0.996678   181122.000000     87.145732
5.303930    0.619414    
3.275447    3.464148    0.489782    0.366320    
2.204529    3.161967    2.930504    0.468577    0.375165    0.209882    
1.704242    3.094672    3.328913    3.298556    0.698384    0.446067    0.327555    0.219588    
1.681657    2.402448    2.742923    3.247757    3.006891    0.617937    0.430964    0.341706    0.253524    0.146874    
2.626330    3.013886    3.320575    2.374170    3.744763    6.223584    0.558600    0.456999    0.252067    0.000000    0.000000    1.365023    
2.364678    3.195966    1.822957    1.739597    3.457497    5.942715    4.104098    0.605379    0.334587    0.306073    0.000000    0.000000    1.358587    1.387015    
1.662866    2.528992    3.051800    2.056808    3.487162    5.958315    3.990084    4.271891    0.513288    0.376135    0.423031    0.000000    0.000000    1.248820    1.403499    1.385754    
1.968807    2.626106    2.606817    1.816370    3.231281    6.283185    3.764690    4.444657    3.625629    0.539119    0.387924    0.373403    0.000000    0.049558    1.263494    1.305287    1.387227    1.425370    
1.410821    2.396675    2.826904    2.909189    1.469621    6.283185    3.740346    3.454188    4.015097    3.746698    0.554576    0.458362    0.370368    0.136272    0.098862    1.384629    1.304375    1.312364    1.392093    1.443685    
