 7    -3.156272    3.525364    0.138788
0.522022  0.069947  0.869230  0.424554  -0.220960  -0.632086  -0.455699  -0.681874  0.387163  -0.009748  -1.344962  -0.010275  0.704485  -1.958639  0.153709  1.233067  -0.504342  1.349764  0.731516  1.011621  -0.637194  
-0.198023  0.290024  0.269724  0.272309  -0.292114  0.290640  0.240386  
 1    -1.770307    0.445396      0.792571   3069.000000      0.426052
 2    -2.782426    0.802410      0.944049   6868.000000      1.111462
 3    -3.074090    0.947309      0.987700   12730.000000      2.287340
 4    -3.137744    0.977839      0.997227   19285.000000      3.847046
 5    -3.150584    0.986098      0.999149   33345.000000      8.151260
 6    -3.153995    0.997788      0.999659   55000.000000     15.991263
 7    -3.155860    0.999701      0.999938   106761.000000     38.404565
 8    -3.156053    0.999816      0.999967   144615.000000     56.433032
 9    -3.156157    0.999940      0.999983   172159.000000     71.084409
10    -3.156156    0.999946      0.999983   168646.000000     71.623923
5.020373    0.546588    
4.342325    5.254511    0.770649    0.408461    
3.312341    3.614769    4.294737    0.647470    0.503493    0.277673    
2.368078    3.385508    3.249695    3.832018    0.610250    0.506768    0.361987    0.192003    
1.582727    3.101403    3.005030    3.214390    3.896716    0.642504    0.497940    0.427493    0.323481    0.152924    
1.586354    3.055088    3.041720    3.209626    3.780460    4.943125    0.638964    0.503131    0.433978    0.337918    0.217804    0.060597    
1.401550    2.652861    2.683793    2.802386    3.218374    3.761125    4.938167    0.625904    0.466828    0.410503    0.359019    0.274793    0.168467    0.059095    
1.219464    2.285048    2.499047    2.639544    2.911182    3.272724    3.750100    4.622321    0.610408    0.454088    0.407760    0.373862    0.312589    0.226861    0.133640    0.050513    
1.124513    2.175222    2.523256    2.647386    2.912837    3.301642    3.824980    4.691861    5.470840    0.603837    0.463689    0.417268    0.382287    0.330274    0.254363    0.165605    0.084368    0.017744    
1.098243    2.171200    2.551317    2.633911    2.884712    3.271184    3.775133    4.543831    3.897983    3.426335    0.606502    0.472291    0.419837    0.380559    0.331467    0.256114    0.169413    0.084300    0.018148    0.009241    
