 7    -2.443713    3.532421    0.272687
-0.659308  -0.719588  -0.144427  -0.408353  0.227388  0.597708  -0.412917  -0.404949  0.066307  0.000811  -0.183957  1.244675  0.437136  -1.128792  -0.263570  0.076330  -1.121988  -0.142288  0.212140  -1.121190  1.833720  
-0.300000  1.000000  1.000000  1.000000  1.000000  1.000000  1.000000  
 1    -0.241090    0.007242      0.631430   2667.000000      0.438685
 2    -0.657473    0.052212      0.701104   6035.000000      1.047178
 3    -0.725487    0.091021      0.712485   9705.000000      1.756690
 4    -0.804333    0.126213      0.725679   13323.000000      2.601394
 5    -0.878230    0.163800      0.738044   17651.000000      3.748032
 6    -0.957251    0.132800      0.751267   25987.000000      6.119172
 7    -1.062440    0.169674      0.768868   32994.000000      8.877751
 8    -1.253823    0.307883      0.800893   44405.000000     13.734935
 9    -1.188965    0.077597      0.790040   55617.000000     18.852059
10    -1.322692    0.345539      0.812417   67691.000000     25.810443
0.364533    1.141308    
6.283185    3.978732    0.703424    0.741418    
6.283185    3.979315    1.671664    0.711168    0.714784    1.395209    
6.283185    3.977707    1.678768    0.912719    0.749784    0.757724    1.413725    0.174917    
6.267049    3.944565    1.608982    3.523365    2.916857    0.670173    0.759841    1.352519    1.361074    1.412234    
0.467688    0.640786    2.536020    2.460392    6.283185    4.106923    1.199332    1.249377    0.176195    1.517920    0.286742    1.220388    
6.283185    3.948374    1.466925    3.485891    6.189321    0.538729    6.283185    0.675305    0.677208    1.439982    1.440611    1.306889    0.258416    0.214915    
0.486376    2.396910    6.236935    3.925682    3.336046    1.224389    5.750957    4.348190    0.951075    0.395168    1.174435    0.324405    1.100012    0.117527    0.255854    1.324265    
0.445857    1.374943    2.510144    2.140774    4.006021    1.502103    1.760891    4.654214    0.762615    1.144290    1.213679    0.394531    0.174131    1.463496    1.281102    0.233146    0.161284    1.414972    
6.258503    3.926127    1.536781    1.315172    2.637510    2.407892    4.259030    2.298556    3.922367    5.326251    0.721449    0.736042    1.430183    0.230199    1.470009    1.204635    0.410887    0.365853    0.154226    0.148639    
