 7    -3.741831    3.372398    1.010290
-0.913186  0.596383  0.783402  -0.561723  -0.291456  1.049971  0.974512  -0.630528  -0.053466  1.690651  -0.015440  0.065761  -0.867256  -0.327027  -0.371583  -0.194330  -0.448940  -1.491343  1.642849  0.599594  -0.460096  
-0.300000  1.000000  1.000000  1.000000  1.000000  1.000000  1.000000  
 1    -0.339493    0.016659      0.521756   2883.000000      0.415335
 2    -0.859460    0.100978      0.594844   6075.000000      1.009549
 3    -0.942900    0.095459      0.606573   9056.000000      1.654016
 4    -1.084947    0.134402      0.626539   13648.000000      2.664935
 5    -1.288503    0.192292      0.655152   18300.000000      3.962107
 6    -1.319128    0.182526      0.659457   25644.000000      6.204804
 7    -1.501119    0.267628      0.685038   34048.000000      9.405189
 8    -1.720068    0.300179      0.715814   41907.000000     12.443330
 9    -1.853270    0.359752      0.734537   49449.000000     16.397629
10    -1.789000    0.340653      0.725504   65407.000000     24.757693
4.541329    0.508123    
4.751062    5.186133    0.886848    0.945280    
4.772203    5.211380    4.038842    0.850607    0.964262    1.412966    
4.823636    5.174826    4.072794    5.467971    0.929612    1.048146    1.373412    1.351455    
4.702967    5.133832    4.181248    5.464940    3.643626    0.867158    0.887641    1.394818    1.350573    1.330153    
4.759678    5.193455    4.030120    4.803985    0.683047    3.916294    0.891648    1.018642    1.430531    0.106601    1.388526    1.377290    
3.376800    5.977743    1.976816    1.360505    0.765705    2.977677    5.014723    1.210217    1.164775    0.328635    0.345277    0.258072    1.389338    0.143900    
4.693272    5.122014    4.184279    3.639129    6.178697    5.788150    2.983004    2.816046    0.915661    0.916236    1.455825    0.264605    1.254376    0.162576    1.339474    0.115333    
4.709479    5.158112    4.333139    4.559205    0.542741    5.473420    6.283185    2.486862    4.411081    0.924722    1.000069    1.383679    0.366423    1.369812    1.237794    1.533940    1.249266    0.209516    
4.684583    5.130909    4.401190    4.416886    5.982063    6.255592    2.628450    4.337362    5.370990    5.078314    1.096339    1.070054    1.313712    0.316565    1.240184    1.570796    1.263675    0.264612    1.409226    1.407357    
