 7    -4.168259    4.508309    0.274128
-0.022632  1.838848  2.505268  0.975403  1.654330  -1.869582  -0.764621  -0.785072  0.028540  -0.021013  -0.984052  -1.679671  -0.721709  0.394450  -1.455288  0.784736  0.940057  2.082766  1.098766  0.717849  0.395293  
-0.300000  1.000000  1.000000  1.000000  1.000000  1.000000  1.000000  
 1    -0.418488    0.026803      0.567828   2838.000000      0.407639
 2    -1.280494    0.024586      0.667177   6153.000000      1.036708
 3    -1.484418    0.119469      0.690679   10330.000000      1.863543
 4    -1.612361    0.104506      0.705425   14204.000000      2.817411
 5    -1.798844    0.014825      0.726918   19395.000000      4.172688
 6    -1.890169    0.109277      0.737443   23723.000000      5.609937
 7    -2.322293    0.116225      0.787247   31942.000000      8.563040
 8    -2.303785    0.255835      0.785114   42859.000000     12.927317
 9    -2.586566    0.106663      0.817705   51085.000000     16.944980
10    -2.619321    0.046166      0.821480   62549.000000     23.593421
1.776439    0.763299    
0.542292    0.797083    0.389443    0.526580    
1.309516    1.524677    2.144498    0.751308    0.812494    1.205326    
1.095966    1.400735    2.090805    0.784244    0.657387    0.790319    1.051638    0.220157    
4.905220    2.874062    0.666955    3.905687    3.217493    1.136985    0.317429    1.134495    1.284238    1.368288    
1.199745    1.405452    2.068837    0.830606    1.074075    5.845388    0.691217    0.859117    1.185366    0.254669    0.181501    1.443030    
0.785025    1.238757    3.421894    5.643524    0.604160    4.456899    3.034070    0.766905    0.429723    1.353394    1.436232    0.223750    0.282929    0.200731    
0.918413    1.336558    3.857118    3.648174    2.131703    2.941969    2.006370    4.892132    0.742437    0.377477    1.401991    0.275555    0.153920    1.470500    1.514287    0.206709    
0.789374    1.239482    3.449299    6.124650    4.446797    1.931041    1.142283    2.160469    5.438250    0.745471    0.348688    1.431855    0.111847    0.161552    0.092519    0.266242    0.278731    0.177093    
0.779370    1.242651    5.874348    5.461447    4.300019    5.026266    3.407892    2.873909    4.193547    6.283185    0.880874    0.541079    0.081882    1.387332    1.310632    0.186808    0.166904    1.550818    1.442376    1.420181    
