 7    -3.208508    2.604020    0.056754
0.108446  0.858697  -0.303699  -1.112064  2.308893  -1.048867  0.947621  0.883204  0.070424  0.041427  -0.289262  -0.204524  -0.044850  -0.477368  -1.277278  -0.027820  0.445678  0.686520  0.828148  0.253911  1.334424  
0.518750  0.122546  -0.214044  -0.150825  0.299141  -0.286264  0.288330  
 1    -1.636097    0.394631      0.729479   3099.000000      0.438372
 2    -2.708821    0.753702      0.914033   6811.000000      1.118671
 3    -3.044153    0.913246      0.971724   12100.000000      2.175676
 4    -3.139763    0.963779      0.988173   20130.000000      4.083120
 5    -3.184485    0.989232      0.995867   31076.000000      7.315025
 6    -3.203085    0.997607      0.999067   48049.000000     13.587033
 7    -3.206608    0.999046      0.999673   76328.000000     25.074710
 8    -3.207719    0.999643      0.999864   107882.000000     41.028086
 9    -3.207719    0.999646      0.999864   108270.000000     40.215185
10    -3.208128    0.999823      0.999935   123832.000000     48.236831
5.173322    0.544868    
4.545250    5.393767    0.728096    0.395878    
3.544324    4.240641    4.637088    0.655563    0.512247    0.267191    
2.836383    3.892495    3.948008    4.517603    0.633250    0.511482    0.375872    0.162656    
2.517384    3.587551    3.564774    4.071292    5.161680    0.608081    0.498366    0.390350    0.274450    0.102147    
1.790169    3.471584    3.378544    3.553925    4.241090    5.386996    0.647929    0.507410    0.426258    0.333339    0.223694    0.083902    
1.649173    3.033896    3.002544    3.070705    3.477100    4.069256    4.998994    0.634987    0.470011    0.403310    0.341370    0.261056    0.163950    0.067597    
1.617656    3.006588    3.001748    3.071615    3.444555    3.961711    4.902778    5.689086    0.634917    0.475106    0.409130    0.350716    0.278123    0.189268    0.104511    0.025772    
1.618183    3.010564    3.004514    3.074908    3.440589    3.958459    4.921867    5.745725    4.988820    0.634997    0.475124    0.409593    0.350404    0.277610    0.189903    0.105674    0.026844    0.000715    
1.419926    2.604004    2.870799    2.988733    3.282457    3.718294    4.302825    5.420522    1.059665    3.013756    0.613790    0.463848    0.415642    0.369875    0.310701    0.232920    0.146945    0.134414    1.495326    0.032511    
