 7    -4.901531    5.381450    0.474525
-1.243488  -2.264139  0.865807  -1.336708  -1.279517  1.240628  -0.033184  -0.820098  1.200778  0.918955  -1.424009  2.450503  -0.537670  0.570585  0.081665  1.937139  -0.584177  -0.168090  0.839135  -0.710069  0.423163  
-0.109574  0.800000  -0.117971  0.156749  -0.186337  0.066173  0.066640  
 1    -2.684598    0.095724      0.784408   3294.000000      0.450507
 2    -3.729691    0.148756      0.886041   7574.000000      1.217832
 3    -3.903761    0.145739      0.902969   13437.000000      2.386420
 4    -4.124757    0.115819      0.924460   19360.000000      3.791723
 5    -4.192714    0.097801      0.931069   34463.000000      8.223288
 6    -4.247973    0.059080      0.936443   44066.000000     11.393049
 7    -4.335527    0.006775      0.944957   59881.000000     17.480890
 8    -4.384351    0.001136      0.949705   74977.000000     24.154749
 9    -4.415867    0.016199      0.952770   110528.000000     42.005752
10    -4.431129    0.031934      0.954254   161854.000000     72.858568
6.283185    0.705207    
4.735512    5.212392    0.410251    0.436222    
3.318295    5.271202    5.520760    0.466580    0.413367    0.197805    
3.435462    5.007006    5.237561    6.283185    0.602091    0.468389    0.255811    0.217773    
2.459491    4.634146    4.894827    5.644252    6.283185    0.567466    0.459523    0.379929    0.204520    0.140718    
2.648548    4.873107    5.111660    5.408956    6.283185    6.283185    0.631325    0.453938    0.378524    0.299521    0.127065    0.114796    
2.405852    5.113091    5.221703    5.923719    6.283185    6.283185    6.283185    0.607183    0.474008    0.380688    0.250736    0.237389    0.087850    0.147105    
2.567974    4.744505    5.090809    5.585123    6.283185    6.283185    6.283185    6.283185    0.626486    0.458055    0.362707    0.277531    0.191278    0.183167    0.115720    0.117830    
2.360357    4.620091    5.018336    5.433252    6.283185    6.283185    6.283185    6.184394    6.083731    0.612570    0.454189    0.376589    0.263435    0.175770    0.147524    0.165800    0.099836    0.094755    
2.229418    4.304449    4.704428    5.062968    5.676673    5.889307    6.283185    5.866982    6.153097    6.283185    0.618472    0.443860    0.369362    0.283249    0.167916    0.148243    0.122951    0.157982    0.088609    0.079735    
