 7    -3.562510    4.160591    0.179445
1.106323  0.363394  -0.936566  0.047962  0.263298  -0.084500  -0.391316  0.255723  0.376680  -0.973780  0.143114  -1.327974  2.457710  1.226160  -0.086657  -0.573588  -0.182010  -2.922650  1.607104  -0.050218  -0.684451  
-0.297209  0.254022  0.275672  0.241578  -0.276747  0.225293  0.324558  
 1    -2.040215    0.488507      0.802891   3333.000000      0.459033
 2    -3.075002    0.844965      0.936877   6548.000000      1.056979
 3    -3.468539    0.971720      0.987832   11912.000000      2.103892
 4    -3.545442    0.994146      0.997790   20108.000000      4.059610
 5    -3.559627    0.998609      0.999627   34178.000000      8.291907
 6    -3.561811    0.999764      0.999909   44797.000000     12.163348
 7    -3.561903    0.999787      0.999921   55577.000000     16.626167
 8    -3.562051    0.999827      0.999941   81345.000000     27.902564
 9    -3.562118    0.999841      0.999949   102377.000000     38.973949
10    -3.562103    0.999844      0.999947   118957.000000     49.686749
5.450041    0.549109    
4.455144    5.645435    0.798383    0.429041    
3.432607    3.461242    4.500365    0.638955    0.509708    0.309978    
2.386383    3.467106    3.253593    3.902862    0.616958    0.520921    0.366420    0.211917    
1.619391    3.243520    3.051149    3.304706    3.973766    0.663970    0.510759    0.441286    0.335128    0.162186    
1.634269    3.188508    3.092007    3.309236    3.878428    5.209834    0.655204    0.513688    0.446320    0.350227    0.224356    0.060638    
1.633118    3.146768    3.064993    3.274802    3.908748    5.232924    5.795354    0.653706    0.508195    0.444160    0.344914    0.205334    0.012504    1.544172    
1.607899    3.000933    2.980188    3.189247    3.826048    5.416392    5.134624    5.600901    0.645355    0.494090    0.442488    0.355667    0.234578    0.003881    1.477237    1.527882    
1.552900    2.950001    2.995598    3.176959    3.750219    5.325193    4.057733    3.686070    4.514344    0.644760    0.498205    0.447814    0.364667    0.245229    0.000000    1.459974    1.470183    1.510949    
1.605625    3.000665    3.015326    3.247106    3.906972    4.988481    5.511730    4.088104    2.737988    3.383564    0.644156    0.496959    0.448366    0.361053    0.239606    0.000000    1.458618    1.518242    1.531858    1.557385    
