 7    -3.760620    3.857233    0.045525
-0.000432  -1.841434  -0.203556  -0.624784  -1.219408  -1.390574  -1.150531  0.491366  0.054424  0.097679  0.567014  -0.634688  -0.084317  2.237933  1.307675  -0.653678  0.796986  0.879571  1.715826  -0.195418  -0.504751  
0.187487  0.179760  0.223416  0.503101  0.178685  -0.284161  -0.195075  
 1    -2.043140    0.354795      0.774545   3123.000000      0.441385
 2    -3.204748    0.729882      0.927030   6841.000000      1.099036
 3    -3.533470    0.888270      0.970182   12198.000000      2.170078
 4    -3.675372    0.957820      0.988809   18792.000000      3.747479
 5    -3.731668    0.980664      0.996199   28729.000000      6.618280
 6    -3.752526    0.993063      0.998938   45335.000000     12.274512
 7    -3.756420    0.996304      0.999449   75477.000000     25.445351
 8    -3.759469    0.999572      0.999849   95654.000000     34.760511
 9    -3.760070    0.999713      0.999928   168432.000000     74.651110
10    -3.760358    0.999701      0.999966   222493.000000    110.425893
5.352549    0.576206    
4.026406    4.757143    0.626803    0.357246    
3.358589    3.873504    4.296703    0.601140    0.430521    0.217766    
2.742972    3.888300    3.849388    4.531078    0.638240    0.489582    0.336311    0.170515    
2.108753    3.311045    3.456966    3.801066    4.246294    0.613703    0.471510    0.401171    0.265433    0.125504    
1.720220    3.171663    3.217196    3.287502    3.756693    4.390509    0.642761    0.473785    0.402097    0.317659    0.208470    0.084300    
1.587017    2.740973    3.035732    3.138333    3.397334    3.952778    4.460275    0.623619    0.462942    0.406762    0.341085    0.266289    0.155530    0.054278    
1.496918    2.724732    2.957723    3.108408    3.411703    3.921347    4.443675    5.078825    0.615484    0.463580    0.409157    0.354499    0.285409    0.203004    0.102130    0.037249    
1.161242    2.315340    2.785961    2.990709    3.196154    3.559530    4.019500    4.503104    4.945536    0.601719    0.480227    0.424717    0.379415    0.331102    0.263001    0.182005    0.092618    0.032736    
0.996454    2.080673    2.499907    2.828279    3.041499    3.290141    3.612383    4.037197    4.474456    4.871168    0.627493    0.494793    0.445492    0.402381    0.367139    0.324735    0.258436    0.180703    0.092104    0.031441    
