 7    -2.849280    3.435307    0.133391
1.980655  1.795750  -0.728124  -0.283760  1.757234  -0.700888  0.749530  1.466181  -0.359759  -0.314563  -0.497060  -0.582411  0.826093  0.847297  -0.248796  -1.247295  -0.320472  0.092944  -0.984481  -0.621929  0.498765  
0.383412  -0.289954  -0.206657  0.280196  0.301892  0.262641  -0.090594  
 1    -1.753575    0.031315      0.825652   3312.000000      0.466518
 2    -2.308217    0.011163      0.913906   7087.000000      1.170792
 3    -2.495726    0.002086      0.943743   12440.000000      2.295141
 4    -2.530792    0.001087      0.949322   20606.000000      4.304160
 5    -2.539514    0.000180      0.950710   31251.000000      7.421444
 6    -2.542076    0.000050      0.951118   51765.000000     14.818049
 7    -2.543160    0.000097      0.951290   86091.000000     30.145923
 8    -2.543539    0.000094      0.951351   135915.000000     53.245535
 9    -2.544034    0.000027      0.951429   201219.000000     86.365698
10    -2.544138    0.000001      0.951446   269596.000000    127.548270
5.179796    0.523609    
4.412701    5.224806    0.754449    0.390916    
2.705268    3.765461    4.646010    0.605718    0.560939    0.294233    
2.116881    3.453905    2.965024    3.763265    0.612281    0.487382    0.333561    0.201156    
1.721403    3.153282    2.927746    3.148532    3.967805    0.641795    0.482424    0.386576    0.297437    0.132670    
1.614026    3.041074    2.973054    3.098764    3.775800    4.974087    0.632538    0.487247    0.401942    0.314278    0.203389    0.058953    
1.452860    2.734442    2.789837    2.912556    3.351449    4.005963    4.925572    0.628348    0.473023    0.407305    0.348435    0.264882    0.160089    0.056471    
1.396760    2.706294    2.792893    2.907108    3.328292    3.873186    4.485697    4.957005    0.625323    0.476577    0.412660    0.359131    0.290076    0.203424    0.123791    0.039020    
1.381604    2.650501    2.822652    2.955261    3.405938    3.992776    4.464194    4.670448    5.249900    0.623019    0.476083    0.417856    0.360440    0.294058    0.221074    0.169024    0.118850    0.046185    
1.167621    2.366639    2.732692    2.867508    3.192532    3.726256    4.257774    4.611481    4.854218    5.168958    0.616192    0.485236    0.431342    0.381351    0.325761    0.253618    0.190838    0.147296    0.097111    0.036795    
