 7    -2.253540    2.848766    0.125595
-0.387979  1.027428  -0.161652  -1.247563  0.865654  -0.059300  -0.902750  -0.009563  0.619805  0.494273  0.241427  -0.782034  -0.710795  0.554494  0.314347  0.665382  0.619601  0.789661  0.478173  -0.066191  0.159553  
-0.201953  -0.217426  -0.246736  -0.171393  -0.674968  0.184790  0.194895  
 1    -1.161950    0.347049      0.786059   3501.000000      0.485529
 2    -1.806577    0.740038      0.912400   7090.000000      1.141344
 3    -2.042311    0.871813      0.958601   11865.000000      2.108881
 4    -2.189039    0.956568      0.987358   19044.000000      3.852930
 5    -2.229121    0.985141      0.995214   30034.000000      7.053458
 6    -2.246733    0.995487      0.998666   44880.000000     12.094928
 7    -2.250412    0.997846      0.999387   72063.000000     23.239700
 8    -2.253029    0.999705      0.999900   106212.000000     39.532448
 9    -2.253290    0.999855      0.999951   156808.000000     66.910302
10    -2.253294    0.999858      0.999952   186227.000000     85.851593
5.593739    0.659377    
3.415340    4.021532    0.561456    0.399121    
2.859721    3.419065    3.858626    0.583236    0.422937    0.233665    
2.564905    3.349927    3.283315    4.161121    0.622388    0.482701    0.300925    0.199720    
1.981633    2.854776    2.917090    3.380434    3.592307    0.588606    0.453609    0.381255    0.235517    0.145380    
1.501192    2.836670    2.804613    2.898803    3.320157    3.743226    0.640724    0.471081    0.395135    0.317392    0.195513    0.105511    
1.445195    2.536769    2.659837    2.787579    3.023696    3.557150    3.789831    0.621422    0.457819    0.395744    0.329588    0.253034    0.145022    0.059017    
1.333264    2.435245    2.554615    2.709854    2.962112    3.432046    3.683703    4.391421    0.616117    0.450628    0.398173    0.343891    0.270693    0.197319    0.093936    0.042254    
0.954426    1.848900    2.344542    2.551080    2.747138    3.059064    3.454697    3.762435    4.250457    0.569121    0.449182    0.409584    0.368623    0.320961    0.247101    0.177172    0.082488    0.037593    
0.957416    1.842880    2.334473    2.544835    2.743234    3.053133    3.448193    3.789938    4.232691    5.593022    0.568025    0.447017    0.408512    0.368499    0.321028    0.248139    0.179252    0.085310    0.039806    0.001994    
