 7    -2.885285    3.409525    0.030668
-0.470129  0.670906  -0.822153  0.503401  -0.184276  0.514476  -0.472338  -0.433457  0.480020  -0.085906  -1.356367  -0.635875  -1.624491  0.912932  0.715495  -1.484308  -1.404396  0.367661  0.657626  -0.521781  1.926133  
-0.322413  -0.199076  -0.204501  -0.315732  -0.156767  -0.314759  0.393529  
 1    -1.529399    0.003819      0.784602   2940.000000      0.408248
 2    -1.919113    0.000820      0.846513   6668.000000      1.072976
 3    -2.204385    0.000531      0.891831   12217.000000      2.174243
 4    -2.260506    0.000019      0.900747   18496.000000      3.606685
 5    -2.271999    0.000044      0.902573   32574.000000      7.815114
 6    -2.280104    0.000002      0.903860   48170.000000     13.037331
 7    -2.281776    0.000018      0.904126   99455.000000     35.231602
 8    -2.281977    0.000006      0.904158   152422.000000     61.478722
 9    -2.282065    0.000002      0.904172   142181.000000     57.323816
10    -2.282094    0.000001      0.904176   170099.000000     73.126993
5.215844    0.519969    
3.985901    5.107570    0.731395    0.375825    
3.105484    3.863683    4.534132    0.649436    0.539974    0.291142    
2.425361    3.568369    3.267698    3.825570    0.629229    0.502621    0.355334    0.195972    
1.919716    3.395244    3.088986    3.390740    3.968158    0.650718    0.500643    0.400255    0.303459    0.120425    
1.730708    3.198016    3.099093    3.343441    3.891631    5.205173    0.641103    0.495549    0.429271    0.329431    0.210371    0.067752    
1.509704    2.808651    2.776733    2.894895    3.283421    3.853982    4.913084    0.631546    0.468511    0.410007    0.355547    0.270455    0.166970    0.066039    
1.273262    2.336074    2.553014    2.709609    2.948320    3.344187    3.816313    4.529240    0.605137    0.446352    0.410145    0.370997    0.315277    0.230270    0.140725    0.058546    
1.149058    2.189245    2.575569    2.707115    2.931268    3.282474    3.694250    4.237549    4.371178    0.595577    0.456827    0.420312    0.381604    0.333177    0.257897    0.172848    0.093378    0.022256    
1.179610    2.225556    2.599874    2.730647    2.982931    3.379797    3.841191    4.386876    4.798557    5.176367    0.595516    0.455931    0.420229    0.382713    0.335570    0.264143    0.185670    0.115478    0.043141    0.011116    
