 7    -3.939823    3.968067    0.671047
-0.736260  0.440260  0.731900  0.254316  -1.807715  1.053235  -2.661686  -1.076339  0.484691  0.170791  0.129711  -0.386408  1.199626  -1.070269  -1.157811  -0.271514  -0.071525  -0.862646  -0.789977  0.300384  -0.166081  
-0.167606  0.228141  0.187181  0.799962  -0.162345  -0.130722  0.262115  
 1    -2.111803    0.350131      0.768836   3321.000000      0.479859
 2    -3.181547    0.718317      0.904111   6642.000000      1.120040
 3    -3.509049    0.841782      0.945526   11981.000000      2.120162
 4    -3.785798    0.941809      0.980523   19583.000000      3.892366
 5    -3.884931    0.978393      0.993059   29028.000000      6.685842
 6    -3.918989    0.990702      0.997365   42723.000000     11.465821
 7    -3.931744    0.996946      0.998978   65762.000000     20.656911
 8    -3.938885    0.999640      0.999881   99820.000000     37.222268
 9    -3.939534    0.999895      0.999963   174765.000000     78.451134
10    -3.939691    0.999951      0.999983   245276.000000    121.770946
5.424519    0.659736    
3.358174    3.485326    0.502257    0.385580    
2.432731    3.261972    3.156592    0.515139    0.387417    0.223004    
2.502444    3.183143    3.133805    3.999510    0.600720    0.471238    0.257909    0.202017    
2.077961    2.764249    2.744262    3.423849    3.191380    0.567781    0.442148    0.347301    0.200311    0.148274    
1.422241    2.753766    2.736666    2.847909    3.278939    3.484731    0.630161    0.457190    0.383429    0.307578    0.168302    0.114151    
1.470048    2.529637    2.659766    2.871116    3.109958    3.459843    3.952044    0.600940    0.454939    0.384930    0.304467    0.238429    0.118288    0.064280    
1.248358    2.307595    2.476322    2.668640    2.936046    3.373700    3.473835    4.164048    0.602513    0.439188    0.389794    0.334331    0.253078    0.195445    0.083474    0.053203    
1.016881    1.912047    2.284393    2.519329    2.747166    3.086378    3.414726    3.653756    3.995695    0.574007    0.433779    0.394807    0.351547    0.299387    0.222540    0.160709    0.068898    0.041240    
0.854715    1.726521    2.079414    2.316150    2.547811    2.809227    3.141298    3.394489    3.705644    3.813688    0.570011    0.438358    0.386975    0.354231    0.317235    0.261933    0.192660    0.134545    0.057819    0.034803    
