 7    -4.117563    4.114811    0.792511
0.779165  0.433715  -0.868448  0.416689  -0.606075  0.537735  -1.068886  0.371192  -1.583441  0.551922  -1.085115  0.775944  0.416375  0.780529  0.033247  1.286144  2.901189  0.521076  1.021167  -0.454762  -1.219863  
-0.300000  1.000000  1.000000  1.000000  1.000000  1.000000  1.000000  
 1    -0.376124    0.010304      0.545521   2679.000000      0.524141
 2    -0.797014    0.132574      0.596647   6168.000000      1.179212
 3    -1.121331    0.073520      0.636043   9127.000000      1.667528
 4    -1.116846    0.087626      0.635498   14390.000000      2.872118
 5    -1.337619    0.107206      0.662316   18113.000000      3.810933
 6    -1.597847    0.211331      0.693926   23978.000000      5.778556
 7    -1.885155    0.261399      0.728826   32116.000000      8.380906
 8    -1.755535    0.267367      0.713081   40777.000000     11.944507
 9    -2.223869    0.416311      0.769970   51360.000000     17.237331
10    -2.211334    0.335253      0.768447   63295.000000     24.095368
3.462990    0.377481    
1.409025    2.471472    0.718855    0.639583    
3.594206    6.283185    4.763596    0.525523    1.201489    0.235527    
3.234508    3.499506    5.072409    0.439730    0.410651    1.134695    0.527510    1.111585    
3.587056    6.283185    3.145011    1.590389    1.115384    0.614076    1.173109    1.434322    0.236123    0.147227    
3.505450    6.245656    4.362888    0.828725    1.317878    3.652728    0.492667    1.229153    0.315956    0.172864    0.279290    0.212269    
1.314815    2.366284    2.414819    4.181515    4.339542    2.042026    0.853011    0.639624    1.174202    0.654995    0.271116    1.122303    0.407043    1.489938    
1.621904    2.732962    2.392096    3.003924    3.468412    3.460059    3.761780    0.686026    0.626332    1.009522    0.217024    1.233148    1.368155    0.127506    1.415659    0.067606    
3.958642    2.340573    5.255007    5.769418    4.119517    3.155719    5.393637    3.250753    3.454742    0.304456    0.505630    0.567263    0.967563    1.191720    1.137032    0.210160    0.425389    1.406554    
3.970972    2.262715    5.292919    5.769399    4.145676    3.126594    5.360037    3.297422    5.637864    0.973742    0.335875    0.482323    0.598014    0.978329    1.204453    1.139444    0.182629    0.364830    0.137435    0.146399    
