 7    -3.652334    4.781214    0.694526
-0.277191  -1.145218  1.062622  -0.870811  -1.755050  -1.015249  1.560385  0.481436  -1.006437  1.485005  -0.585905  -0.851112  0.591227  1.385524  1.787364  0.401825  0.404999  0.073697  0.025266  0.675647  1.116530  
0.247673  0.202673  -0.248212  -0.193285  0.134308  0.893750  0.116624  
 1    -1.879341    0.347535      0.789769   3321.000000      0.459114
 2    -2.922001    0.715720      0.913401   7105.000000      1.144205
 3    -3.320373    0.824430      0.960638   12824.000000      2.296186
 4    -3.542189    0.933328      0.986940   20152.000000      4.132569
 5    -3.600175    0.969645      0.993815   32323.000000      7.649455
 6    -3.631954    0.988484      0.997583   45603.000000     12.052537
 7    -3.641204    0.993490      0.998680   71558.000000     23.057613
 8    -3.649866    0.998848      0.999707   105456.000000     38.833997
 9    -3.651368    0.999566      0.999885   154780.000000     65.525327
10    -3.651850    0.999818      0.999943   214275.000000    102.010990
5.393022    0.688866    
3.151315    4.126377    0.569635    0.417534    
2.657995    3.276926    4.091371    0.571628    0.444512    0.245469    
2.309165    3.166700    2.975987    4.162295    0.597719    0.470552    0.303306    0.212602    
1.669155    2.741432    2.836642    3.129142    3.659769    0.584894    0.455251    0.388091    0.243803    0.158232    
1.435338    2.694961    2.687021    2.792698    3.150082    3.631105    0.633523    0.463429    0.386298    0.312968    0.189821    0.107257    
1.432431    2.548880    2.649812    2.789223    3.084984    3.463088    4.277211    0.614081    0.462781    0.395578    0.318954    0.238013    0.135302    0.053921    
1.322168    2.398611    2.487948    2.652501    2.893202    3.369628    3.544586    4.281019    0.610302    0.448170    0.393349    0.336567    0.260167    0.197260    0.090453    0.054373    
1.110113    2.141197    2.387627    2.558042    2.749802    3.109760    3.418474    3.801261    3.956061    0.601212    0.452542    0.405019    0.354338    0.299028    0.229635    0.161667    0.078936    0.041364    
1.046717    2.014589    2.323800    2.521470    2.716405    3.028075    3.315660    3.726760    3.807136    4.189352    0.591969    0.449214    0.407813    0.363408    0.314102    0.252364    0.187833    0.116350    0.061549    0.021402    
