 7    -3.539284    3.564086    0.559354
0.865590  -0.505806  0.978056  0.089766  -0.313105  -0.997138  -0.062213  -0.719255  0.387988  0.285235  -2.107092  1.542011  -0.122495  -0.217374  1.046019  1.691346  1.035376  -0.154498  0.326185  -1.045922  -0.085956  
-0.300000  1.000000  1.000000  1.000000  1.000000  1.000000  1.000000  
 1    -0.325919    0.007303      0.547628   2646.000000      0.383382
 2    -0.554211    0.026374      0.579767   5495.000000      0.932428
 3    -0.848602    0.019650      0.621210   9379.000000      1.700270
 4    -0.960249    0.060664      0.636928   13666.000000      2.711946
 5    -1.060122    0.109140      0.650988   18333.000000      3.933378
 6    -1.296365    0.234265      0.684246   25256.000000      6.183946
 7    -1.538148    0.319222      0.718284   33919.000000      9.380771
 8    -1.695210    0.195540      0.740394   41536.000000     13.129987
 9    -1.683880    0.295309      0.738799   52427.000000     18.224839
10    -1.907993    0.140896      0.770350   63354.000000     24.777738
2.391616    0.461212    
2.401888    3.654594    0.629326    1.160412    
5.100140    0.660913    2.247868    0.590334    1.214903    1.257693    
2.517621    0.851995    3.953679    4.107349    0.503542    1.133103    0.625326    1.005302    
2.499057    0.850042    3.959431    4.137547    1.858576    0.476328    1.109779    0.655189    0.992908    0.156906    
2.893770    5.500228    0.997339    2.059685    4.380822    6.140987    1.191126    0.484534    0.317341    1.416804    1.051641    0.134072    
2.926544    5.255052    0.903204    2.077706    4.550296    6.082716    1.369201    1.196143    0.443858    0.328115    1.351051    1.023859    0.157940    0.207153    
4.638525    5.058503    4.652810    6.131751    1.742779    5.009113    5.865494    4.885623    1.025052    1.002715    0.477590    1.158020    1.356232    0.070329    1.385372    1.389416    
2.910195    5.264921    0.860624    2.084763    2.923114    1.570984    6.162736    5.481633    4.758575    1.172657    0.441397    0.367416    1.371312    1.450228    1.091604    0.182950    1.510796    0.222357    
3.582982    0.722330    1.488571    5.281259    5.784677    5.795008    4.705677    1.648953    6.283185    3.404735    1.135021    0.522428    0.316006    0.412487    0.676599    1.213653    1.361102    0.163721    1.287755    1.348333    
