 7    -5.304953    3.626026    0.821649
-0.377364  0.166759  0.682802  1.921379  -0.197037  -0.759879  -2.089066  -0.036373  -1.217749  -1.428905  -0.170528  1.160940  -1.061140  -1.408500  0.839550  -0.099625  -1.736265  -0.307186  -0.080870  0.834319  1.885460  
-0.209260  0.290084  0.327547  0.129821  0.284536  0.251084  -0.323195  
 1    -2.659121    0.410927      0.703747   3015.000000      0.439466
 2    -4.512209    0.774333      0.911237   7203.000000      1.221997
 3    -5.105788    0.927240      0.977700   12707.000000      2.264757
 4    -5.234107    0.964351      0.992067   19478.000000      3.989200
 5    -5.274424    0.982757      0.996582   32603.000000      7.742062
 6    -5.298869    0.997621      0.999319   47125.000000     12.591481
 7    -5.302968    0.999019      0.999778   92328.000000     32.146035
 8    -5.303765    0.999631      0.999867   129949.000000     50.493817
 9    -5.303875    0.999674      0.999879   134605.000000     53.807940
10    -5.304076    0.999799      0.999902   169407.000000     74.131613
5.205288    0.551511    
4.520843    5.664679    0.763996    0.416397    
3.419122    4.135712    4.736850    0.659540    0.521449    0.281154    
2.515800    3.744564    3.649775    4.244674    0.622356    0.511130    0.372779    0.188582    
1.992971    3.536036    3.360833    3.647570    4.462700    0.643274    0.506181    0.412208    0.308460    0.127778    
1.767057    3.392942    3.324567    3.494704    4.150232    5.463634    0.644721    0.507956    0.429818    0.334519    0.223955    0.076460    
1.566215    2.916584    2.916184    3.002944    3.416687    3.990340    5.132621    0.630841    0.466154    0.407052    0.348697    0.269420    0.169255    0.065559    
1.590334    2.949749    2.959364    3.075770    3.485757    4.022092    5.061078    6.032140    0.632683    0.472857    0.414687    0.358173    0.282334    0.185714    0.097577    0.021602    
1.571892    2.887173    2.901884    3.006664    3.382097    3.839160    4.265656    2.601397    5.001010    0.629459    0.466937    0.409610    0.356703    0.283864    0.191753    0.080646    0.042951    0.020095    
1.561421    2.874857    2.915390    3.045927    3.442428    3.957295    4.986159    5.918957    6.101813    5.942599    0.627826    0.468742    0.414036    0.363014    0.291038    0.196029    0.095326    0.000000    1.541107    1.555216    
