 7    -2.861171    3.050787    0.207555
0.458901  1.173661  0.398716  1.044500  0.584015  0.653871  1.328473  -0.097377  -0.441175  -0.278228  -0.389714  -0.718051  -0.625707  -0.346769  -1.994583  -0.832022  -1.447044  0.816843  0.281185  0.968107  0.519780  
0.519244  0.081543  -0.292364  -0.284995  -0.265633  -0.307943  0.216772  
 1    -1.615061    0.024461      0.789222   3345.000000      0.493704
 2    -2.385558    0.017576      0.919551   7076.000000      1.181188
 3    -2.551404    0.003774      0.947603   12757.000000      2.462481
 4    -2.594516    0.001070      0.954896   20032.000000      4.357989
 5    -2.613455    0.000842      0.958099   31124.000000      7.623796
 6    -2.631166    0.000764      0.961095   46444.000000     12.444975
 7    -2.638315    0.000255      0.962304   74378.000000     23.397689
 8    -2.640487    0.000099      0.962672   102144.000000     36.302630
 9    -2.641041    0.000035      0.962765   171349.000000     72.853909
10    -2.641162    0.000015      0.962786   229772.000000    107.672283
4.656664    0.550728    
4.105935    4.764983    0.745033    0.378889    
2.894628    3.442573    4.112451    0.628222    0.508459    0.260905    
2.302151    3.118750    3.107819    3.682619    0.604176    0.487247    0.347573    0.168190    
2.519317    3.087856    3.189968    3.715234    5.056730    0.599726    0.481311    0.351394    0.246011    0.101745    
1.785993    3.033558    2.977277    3.319700    4.052135    4.903105    0.609566    0.497402    0.388062    0.298388    0.204945    0.106333    
1.545166    2.862943    2.788049    3.023681    3.609472    4.174962    4.396113    0.627279    0.487009    0.400510    0.323211    0.240505    0.171496    0.088659    
1.415318    2.664982    2.715534    2.851383    3.326135    3.918570    4.342801    4.656572    0.623610    0.481694    0.410912    0.341091    0.265430    0.190937    0.140506    0.052276    
1.215574    2.317726    2.544534    2.681287    3.031085    3.523245    3.999157    4.271483    4.719921    0.613730    0.471356    0.416998    0.367452    0.305215    0.230890    0.166405    0.114600    0.043222    
1.084916    2.161052    2.478741    2.614810    2.887048    3.292024    3.740959    4.152774    4.379643    4.540112    0.614462    0.482861    0.427748    0.382794    0.334232    0.267130    0.198461    0.142758    0.087638    0.030636    
