 7    -3.624960    3.457275    0.687364
-0.865377  -0.906804  -0.216282  -1.436207  -1.287836  0.000968  0.262022  -0.588278  -0.086633  2.495468  0.738580  -1.138786  -0.119129  -1.040382  -0.558895  -1.008352  0.341405  0.190311  -0.480779  -0.992802  1.018609  
-0.300000  1.000000  1.000000  1.000000  1.000000  1.000000  1.000000  
 1    -0.428646    0.019195      0.548686   2769.000000      0.397717
 2    -0.859842    0.116907      0.609570   5873.000000      0.991308
 3    -1.250858    0.089104      0.664781   9988.000000      1.800200
 4    -1.257414    0.130215      0.665706   12723.000000      2.530009
 5    -1.602693    0.199520      0.714459   18768.000000      4.026876
 6    -1.657222    0.212659      0.722159   23868.000000      5.856492
 7    -1.741779    0.284916      0.734098   31777.000000      8.680616
 8    -1.983231    0.270391      0.768191   40847.000000     12.203156
 9    -2.061254    0.435180      0.779207   48402.000000     16.710927
10    -1.884700    0.320113      0.754278   62984.000000     24.798404
0.947706    1.055017    
0.812253    3.065267    0.886595    0.451252    
0.775020    1.310894    0.425736    0.761478    0.840686    0.570195    
0.971384    0.784254    1.482882    1.092217    1.267504    1.248931    0.279497    1.329080    
0.679379    1.355689    0.481203    1.772023    3.483403    0.734622    0.752126    0.599768    1.219097    1.429506    
0.730122    1.368258    0.452854    1.760039    4.830637    1.600125    0.762038    0.800998    0.546488    1.345784    0.073474    1.423354    
0.766744    1.135601    0.309465    1.237719    5.253102    3.173014    5.023728    0.746326    0.685259    0.680423    0.229357    0.103689    1.395134    0.272850    
0.724640    1.329456    0.488240    1.776589    0.182160    3.425030    3.392864    4.905115    0.753465    0.682612    0.608275    0.598622    0.605164    1.384899    1.420781    1.442569    
0.966987    2.878841    0.381402    2.271405    5.345618    1.894102    4.079388    1.346016    2.813508    1.042086    0.350363    0.520755    0.302973    1.267639    0.165313    0.264408    1.292425    0.146649    
0.374429    1.686457    4.517463    2.014741    2.972115    0.804976    2.030987    1.492534    3.989613    4.797421    0.723082    1.334698    0.294856    1.375686    1.461998    1.477000    0.181024    0.066047    0.262675    1.383398    
