 7    -4.004441    3.726892    0.735687
0.050657  0.392329  0.609438  -0.588129  1.443758  0.402090  0.166803  0.853984  1.658907  0.699776  -1.693152  -0.962174  -2.420045  -0.416890  -0.337671  0.421032  -1.120160  -0.961434  0.302471  0.846941  0.373882  
-0.300000  1.000000  1.000000  1.000000  1.000000  1.000000  1.000000  
 1    -0.554879    0.004650      0.553820   3027.000000      0.435986
 2    -1.280041    0.000367      0.647616   6180.000000      1.008428
 3    -1.471283    0.003649      0.672352   9405.000000      1.671534
 4    -1.636506    0.001665      0.693722   13164.000000      2.581848
 5    -1.790087    0.040075      0.713587   17242.000000      3.655651
 6    -1.919679    0.012340      0.730349   22821.000000      5.456878
 7    -2.062629    0.003915      0.748839   29916.000000      7.962417
 8    -2.244153    0.010308      0.772318   37836.000000     11.401090
 9    -2.395907    0.175718      0.791946   46771.000000     15.949065
10    -2.633704    0.071186      0.822704   55872.000000     20.816771
0.379990    0.626197    
0.352560    0.441384    0.767760    0.440676    
0.343561    0.418758    2.668156    0.747209    0.498584    1.376559    
0.353264    0.415903    2.633384    5.457819    0.739288    0.462684    1.351984    0.170484    
0.355178    0.421002    2.761916    4.574890    4.087507    0.769691    0.489681    1.435226    0.228670    0.218090    
0.353503    0.406960    3.943449    4.069518    3.118736    3.113912    0.761377    0.439864    0.180287    0.227397    0.204298    0.163345    
0.356758    0.419624    2.588407    3.045727    4.129748    3.170077    3.087702    0.753191    0.493418    1.393703    1.434845    1.417141    1.358331    1.407499    
0.260970    0.436598    0.426448    0.475085    5.436197    3.663047    3.188809    3.085716    0.693568    0.363647    0.240490    0.383827    1.386997    0.196163    0.201095    0.164031    
0.341653    0.404587    2.642321    4.552611    5.999040    4.505070    2.678337    4.149635    3.018869    0.702307    0.526611    1.286200    0.197941    1.489976    0.143181    1.436125    1.344649    1.417137    
0.328436    0.377661    2.574846    3.031637    2.533649    3.599201    2.752141    1.627285    1.968160    1.551384    0.693291    0.474339    1.330127    1.454164    0.230107    1.410209    0.213142    1.431383    1.409956    0.212906    
