 7    -3.352649    4.168064    0.332569
-1.485170  -0.260205  -1.424565  -0.891399  0.761163  -0.698757  -0.396650  1.243787  0.074518  -0.322948  1.461472  1.241821  0.259419  1.071688  -0.130218  1.885784  -0.705359  0.335575  0.568752  -0.916734  -1.059760  
-0.300000  1.000000  1.000000  1.000000  1.000000  1.000000  1.000000  
 1    -0.397910    0.028939      0.607120   2727.000000      0.392229
 2    -0.559578    0.051672      0.628616   6311.000000      1.064958
 3    -0.771750    0.022706      0.656828   9287.000000      1.751588
 4    -0.921328    0.007435      0.676717   13484.000000      2.749251
 5    -1.160084    0.120956      0.708463   19846.000000      4.365794
 6    -1.282532    0.106100      0.724745   25062.000000      6.265796
 7    -1.663788    0.319233      0.775439   33361.000000      9.139352
 8    -1.716291    0.339526      0.782420   42619.000000     13.270817
 9    -1.798598    0.353975      0.793364   52915.000000     18.408986
10    -1.876110    0.234102      0.803670   69417.000000     28.563159
1.205570    1.051166    
1.274570    3.764506    0.957921    1.229225    
1.453265    3.861881    0.748225    1.022824    1.012685    0.245225    
1.206456    5.703898    2.681793    4.074693    1.166387    0.376100    0.287394    1.296145    
0.947592    5.525596    2.913844    2.018610    2.101252    1.032530    0.603164    0.339739    1.036467    1.414400    
1.230094    5.799523    2.672181    3.928175    3.563310    1.091703    1.223397    0.303987    0.407261    1.346025    1.055040    0.294850    
0.896485    5.488415    2.910589    2.033940    3.299624    2.907711    6.001057    1.046963    0.490279    0.323972    0.855547    0.194126    1.270450    0.199364    
0.919396    5.472319    2.909407    2.042278    2.687270    0.529633    3.023836    5.909180    1.076519    0.506826    0.292427    0.883098    1.444017    0.189716    1.294381    0.266290    
0.931534    5.468944    2.890759    2.051536    2.730232    0.423529    3.121780    5.816179    3.395791    1.059660    0.519458    0.285085    0.886939    1.408027    0.170581    1.291194    0.289589    0.139373    
0.941721    6.128201    2.878387    3.923584    3.477179    3.625253    3.068563    0.938475    6.099182    0.719919    1.289152    0.172651    0.196462    1.435108    1.045441    0.306122    1.251246    0.344191    1.295342    0.178750    
