 7    -4.901531    5.381450    0.474525
-1.243488  -2.264139  0.865807  -1.336708  -1.279517  1.240628  -0.033184  -0.820098  1.200778  0.918955  -1.424009  2.450503  -0.537670  0.570585  0.081665  1.937139  -0.584177  -0.168090  0.839135  -0.710069  0.423163  
-0.300000  1.000000  1.000000  1.000000  1.000000  1.000000  1.000000  
 1    -0.482996    0.041038      0.570306   2538.000000      0.368777
 2    -0.946161    0.156227      0.615348   5638.000000      0.950927
 3    -1.143650    0.039759      0.634553   10707.000000      1.993794
 4    -1.404107    0.099736      0.659882   14926.000000      3.030811
 5    -1.593905    0.058106      0.678340   20199.000000      4.483187
 6    -1.816408    0.107288      0.699978   27038.000000      6.732195
 7    -1.935033    0.087181      0.711514   35259.000000      9.764591
 8    -2.307663    0.201633      0.747751   46036.000000     14.669241
 9    -2.307906    0.344006      0.747775   56772.000000     20.010207
10    -2.680298    0.224222      0.783989   69116.000000     28.362453
0.299841    1.291728    
4.492062    6.283185    0.857321    0.612162    
0.309031    5.174548    4.098800    0.274026    0.259843    0.963074    
5.464632    2.315981    2.863773    2.319605    0.563591    0.410841    0.258656    0.193323    
5.571402    2.150322    3.091245    4.059554    3.740241    0.670898    0.313515    0.411481    1.254294    1.367171    
0.334355    5.160520    4.158257    4.317759    4.381156    4.274439    0.409889    0.425798    1.037213    0.525528    1.506175    0.331972    
0.340936    5.160609    4.188016    4.311927    4.337711    4.399792    3.119410    0.438057    0.433867    1.027046    0.555613    1.520449    0.356192    1.419755    
3.246168    1.389789    4.020796    3.996232    5.162818    6.224169    3.864638    4.797065    1.338511    0.955427    0.160420    1.495596    0.259497    0.269738    1.374079    0.115919    
0.524704    0.430640    0.973967    2.616633    2.583636    4.491802    4.776766    1.978532    1.668152    1.306800    1.263047    1.141094    0.281576    0.767820    0.311495    1.318081    1.294112    1.075109    
3.131261    1.472286    3.968246    3.981372    5.218707    6.177631    3.498521    4.677208    2.781671    4.671379    1.263065    0.992732    0.201961    1.515374    0.235979    0.273545    1.302680    0.135940    0.235946    1.464238    
