 7    -4.383637    3.840765    0.164226
0.286737  -1.614226  -2.273977  -0.592228  0.483037  0.143706  -2.061878  -0.378867  -1.044350  -0.467956  -1.944020  -0.360842  -0.845624  -0.393506  -0.128412  1.699103  -0.205102  -1.353236  0.078569  -0.912648  0.287707  
-0.300000  1.000000  1.000000  1.000000  1.000000  1.000000  1.000000  
 1    -1.196393    0.183408      0.612465   2712.000000      0.389246
 2    -2.343007    0.417887      0.751881   6021.000000      1.032926
 3    -3.264344    0.729232      0.863906   9323.000000      1.686612
 4    -2.782115    0.472598      0.805272   12400.000000      2.461386
 5    -3.622942    0.791888      0.907508   17706.000000      3.923688
 6    -3.702101    0.820579      0.917132   22993.000000      5.585277
 7    -3.143335    0.718033      0.849192   29649.000000      8.200332
 8    -3.771815    0.823752      0.925609   40536.000000     13.209279
 9    -3.352776    0.750554      0.874658   47798.000000     17.162287
10    -3.862336    0.841248      0.936615   63687.000000     26.575405
0.400564    0.571507    
0.393277    0.902382    0.648990    1.208026    
0.373491    0.874863    0.622768    0.702096    0.988684    1.186793    
0.363067    0.413834    2.397083    2.017305    0.760228    0.489101    0.195702    1.387917    
0.359244    0.415762    2.139731    0.470725    0.478307    0.754878    0.422358    0.298619    0.409720    0.209416    
0.372932    0.868719    0.575992    0.983715    1.156460    4.121373    0.717946    1.002300    1.086033    0.224297    1.517130    0.058273    
0.376154    0.864691    2.038166    1.158357    2.120368    2.004317    5.232483    0.643800    1.244249    0.169840    1.369712    0.145200    1.494293    0.110174    
0.338750    0.884724    0.615544    0.311761    4.307275    4.054078    5.117721    3.740967    0.803240    0.833025    1.062494    1.300664    1.467322    1.532570    0.085125    1.484928    
0.431212    0.887667    1.070285    2.015806    4.307845    0.522097    6.068762    3.042971    5.329262    0.671329    1.166908    0.303601    1.434298    1.291808    1.320695    1.507617    1.519146    0.096894    
0.343897    0.889517    0.620098    0.305418    4.266612    4.016449    5.272980    3.622464    5.737872    1.871372    0.811338    0.826085    1.053208    1.284136    1.404594    1.526552    0.131539    1.475755    1.484466    0.077739    
