 7    -6.231981    4.620946    0.424025
0.883490  -0.457785  -0.092110  -1.329808  3.064264  2.017759  0.917338  -1.485646  0.912503  -1.919773  -1.823598  -0.359470  -1.803942  0.538994  -0.087634  0.240699  0.057595  0.656237  0.850275  -0.592950  -0.088395  
-0.234291  0.176687  -0.706216  0.116823  -0.216708  0.256369  0.167319  
 1    -3.122506    0.334572      0.713490   3273.000000      0.454150
 2    -5.023009    0.696760      0.888604   6555.000000      1.052022
 3    -5.630522    0.831185      0.944581   11107.000000      1.969507
 4    -6.031237    0.935444      0.981503   19773.000000      4.020761
 5    -6.153076    0.969561      0.992730   30652.000000      7.258250
 6    -6.205427    0.987091      0.997553   46527.000000     12.676704
 7    -6.220665    0.995590      0.998957   71657.000000     23.033884
 8    -6.230431    0.999672      0.999857   102989.000000     37.967959
 9    -6.231425    0.999866      0.999949   193151.000000     87.044341
10    -6.231518    0.999897      0.999957   220909.000000    106.638171
5.360931    0.646221    
3.449455    4.060946    0.565005    0.387481    
2.777709    3.486206    3.841898    0.573638    0.415436    0.227508    
2.512324    3.435352    3.401807    4.226308    0.621890    0.478823    0.298462    0.195796    
1.966021    2.917462    3.047109    3.518140    3.705283    0.586080    0.453419    0.380578    0.234788    0.140406    
1.566657    2.882851    2.897333    3.033960    3.466096    3.874310    0.626912    0.462589    0.390067    0.314056    0.187506    0.102895    
1.497031    2.672998    2.812850    2.968768    3.252623    3.749367    4.115447    0.611053    0.459656    0.395404    0.324070    0.247092    0.137925    0.059589    
1.358436    2.499716    2.658317    2.834440    3.100622    3.582186    3.812141    4.420205    0.613027    0.446653    0.396033    0.340717    0.265688    0.198990    0.095916    0.049112    
1.080080    2.021492    2.432928    2.655460    2.884579    3.242834    3.606782    3.922850    4.271644    0.578465    0.438750    0.398798    0.357778    0.308572    0.233474    0.169260    0.078140    0.039720    
1.103459    2.088216    2.474572    2.691984    2.919963    3.289362    3.622576    4.106174    4.091882    5.787375    0.586395    0.444511    0.402934    0.360781    0.309934    0.238972    0.173487    0.088307    0.045500    0.010058    
