 7    -2.849280    3.435307    0.133391
1.980655  1.795750  -0.728124  -0.283760  1.757234  -0.700888  0.749530  1.466181  -0.359759  -0.314563  -0.497060  -0.582411  0.826093  0.847297  -0.248796  -1.247295  -0.320472  0.092944  -0.984481  -0.621929  0.498765  
-0.300000  1.000000  1.000000  1.000000  1.000000  1.000000  1.000000  
 1    -0.484040    0.004238      0.623644   2748.000000      0.414632
 2    -1.097478    0.000843      0.721254   5697.000000      1.118737
 3    -1.183365    0.002409      0.734921   9439.000000      2.175882
 4    -1.236711    0.008663      0.743409   13553.000000      2.726318
 5    -1.339599    0.011555      0.759780   18731.000000      3.995103
 6    -1.389214    0.010398      0.767675   25191.000000      6.211683
 7    -1.598059    0.002493      0.800906   31182.000000      8.130222
 8    -1.482170    0.014845      0.782466   44024.000000     13.465690
 9    -1.578495    0.053839      0.797793   54744.000000     19.150836
10    -1.706107    0.267086      0.818099   74135.000000     29.704794
0.434510    0.550421    
0.530119    0.775634    0.406534    0.392893    
0.550012    0.777419    1.441310    0.407252    0.492904    0.170649    
0.554750    0.769419    3.053266    5.784235    0.402884    0.376214    1.461915    1.391745    
0.578287    0.781812    1.526812    3.980610    3.330876    0.381317    0.427232    0.168638    0.058306    1.383353    
0.530613    0.822191    3.569158    5.426225    0.991161    6.202501    0.370914    0.322148    0.022073    1.408441    0.134840    0.171059    
0.354237    0.514853    0.842942    1.953681    2.402636    6.234324    5.619314    0.769999    0.348825    0.227484    1.420313    1.424381    0.122332    0.066896    
0.519525    0.807383    1.332125    2.192762    5.411805    0.986444    6.283185    2.792060    0.368590    0.350785    0.119573    0.054329    1.418206    0.131922    0.194289    1.505157    
1.825073    1.168560    4.561486    1.825726    5.664910    5.594717    5.890018    5.689993    2.070384    0.175637    0.639911    1.348880    0.308190    0.207084    0.460516    0.230383    0.191075    0.095256    
0.637976    1.113471    1.185829    2.135205    2.481271    1.156409    1.718758    5.732618    2.690771    2.057047    0.369536    0.426792    0.127279    0.454179    0.474902    0.109037    0.072354    1.427398    0.314545    1.362437    
