 7    -2.885285    3.409525    0.030668
-0.470129  0.670906  -0.822153  0.503401  -0.184276  0.514476  -0.472338  -0.433457  0.480020  -0.085906  -1.356367  -0.635875  -1.624491  0.912932  0.715495  -1.484308  -1.404396  0.367661  0.657626  -0.521781  1.926133  
-0.300000  1.000000  1.000000  1.000000  1.000000  1.000000  1.000000  
 1    -0.570246    0.002432      0.632230   2841.000000      0.406319
 2    -1.048942    0.002146      0.708277   5906.000000      0.971333
 3    -1.150993    0.000107      0.724489   9714.000000      1.721636
 4    -1.151593    0.000685      0.724584   13626.000000      2.720761
 5    -1.227394    0.001287      0.736626   19616.000000      4.251520
 6    -1.348686    0.028373      0.755894   24719.000000      5.949821
 7    -1.411020    0.000287      0.765797   33706.000000      9.396499
 8    -1.637417    0.103761      0.801762   42058.000000     13.188241
 9    -1.796954    0.036974      0.827107   52368.000000     18.683209
10    -1.849084    0.016669      0.835388   64075.000000     26.093970
0.378893    0.622756    
0.355872    0.431127    0.772862    0.392193    
0.276451    0.351117    0.372540    0.705833    0.533944    0.256049    
0.337970    0.340042    6.174123    4.474596    0.717270    0.437625    1.499521    0.192318    
0.290821    0.292759    6.014065    3.084195    5.072403    0.673726    0.432704    1.427870    1.383956    0.187013    
0.376180    3.378152    5.850721    5.049474    4.448336    3.984455    0.670313    1.498924    1.259340    0.197593    0.226935    1.410544    
0.423200    0.445395    0.326163    2.541438    1.701702    5.454570    3.904341    0.862451    0.615453    0.424401    1.249814    0.393387    0.135627    1.321754    
0.424900    3.070719    6.259889    4.895223    2.174910    1.699782    3.379046    1.878166    0.676844    1.502181    1.467285    0.166644    1.234802    1.391494    0.307036    0.157745    
0.417341    0.378673    1.217686    4.765536    5.076968    6.220193    6.248303    4.176451    0.884027    0.770113    0.505342    0.351813    1.531751    0.244707    0.162369    0.180876    1.361717    1.437679    
0.315781    0.389681    5.924460    3.952963    4.091720    6.195310    4.194098    6.115629    4.636400    4.390319    0.701853    0.459605    1.437198    0.080844    1.405215    1.491599    0.173630    0.239981    0.158421    0.213366    
