 7    -3.645600    4.224551    1.005757
1.228264  -0.961592  -1.375194  -0.666736  -0.408250  -0.159367  -1.010143  -0.272901  1.148510  0.304371  0.659412  1.625798  -1.085026  -0.277913  0.463255  -0.990108  0.434097  -0.866149  1.488676  -0.134554  0.149314  
-0.300000  1.000000  1.000000  1.000000  1.000000  1.000000  1.000000  
 1    -0.324436    0.036122      0.578005   2871.000000      0.410765
 2    -0.687043    0.102219      0.624079   5747.000000      0.975343
 3    -0.936656    0.140509      0.655795   9498.000000      1.742520
 4    -1.032444    0.085100      0.667966   13527.000000      2.721057
 5    -1.061456    0.067470      0.671653   18013.000000      3.918630
 6    -1.250041    0.169715      0.695615   25811.000000      6.345286
 7    -1.360003    0.168690      0.709587   33945.000000      9.513471
 8    -1.781572    0.411592      0.763152   42427.000000     12.820038
 9    -1.589439    0.352122      0.738739   55508.000000     19.551679
10    -1.691743    0.286264      0.751738   63891.000000     25.740280
4.295462    0.559242    
4.954985    5.918484    0.398678    0.953892    
4.062179    4.880563    1.625937    0.765165    0.280509    0.475228    
4.056279    4.868684    1.599061    1.242842    0.778549    0.229721    0.416041    0.197806    
4.054607    4.848206    1.599313    1.255649    3.774000    0.784685    0.230059    0.405414    0.229099    0.084031    
4.269768    5.514959    0.350932    4.930865    5.201621    1.410942    0.316302    0.425434    0.993028    0.281578    0.406469    0.289619    
4.068156    0.599355    5.942045    6.283185    2.361161    5.484591    4.136540    0.596019    0.276701    0.674010    0.145296    1.185298    0.236373    0.260834    
4.791854    6.036058    6.279597    4.605644    4.707378    5.356284    1.355687    5.565204    0.426564    0.911423    0.155663    0.335108    0.438523    0.336342    1.200813    1.480655    
5.407569    2.941781    4.003041    5.765000    5.319811    1.461708    3.705321    1.285695    5.729062    0.110178    0.202256    1.152454    0.216239    1.005836    1.471946    1.273706    1.292633    1.464151    
3.998699    4.846067    1.595078    1.170775    3.884173    5.697258    2.187748    3.117020    1.814004    2.725737    0.793320    0.120985    0.452098    0.406421    0.238343    0.101554    0.273408    1.322193    1.423043    0.216286    
