 7    -4.852515    5.056795    0.678335
-1.416842  1.141139  -0.062071  0.221127  -1.024472  -0.338375  2.052339  -0.303012  -1.444028  -2.597116  -2.753540  -1.642764  0.524421  -0.364225  -0.637291  0.086793  -1.483513  1.732859  0.351637  0.585125  -0.091862  
0.862459  0.145978  -0.199216  -0.207418  0.112306  0.040942  0.415953  
 1    -2.431251    0.236384      0.755658   3267.000000      0.449167
 2    -3.801552    0.480665      0.893942   6732.000000      1.082288
 3    -4.154180    0.579570      0.929527   11836.000000      2.130832
 4    -4.439347    0.703136      0.958305   19585.000000      3.915438
 5    -4.529083    0.746009      0.967361   30832.000000      7.301885
 6    -4.623881    0.850454      0.976927   47515.000000     12.956731
 7    -4.704808    0.881691      0.985094   74434.000000     24.077154
 8    -4.745822    0.913048      0.989233   109920.000000     41.110821
 9    -4.797073    0.954234      0.994405   152791.000000     63.707232
10    -4.828130    0.987577      0.997539   222477.000000    106.954262
5.261300    0.622901    
3.669384    4.146919    0.560152    0.363347    
2.685883    3.769550    4.119033    0.564122    0.426034    0.221385    
2.745946    3.665683    3.868350    4.774519    0.608177    0.486146    0.287986    0.179166    
1.987400    3.308587    3.497487    4.139399    4.427095    0.576368    0.473936    0.390315    0.229327    0.126183    
2.482895    3.446803    3.685017    4.519722    4.303745    5.468448    0.583981    0.467371    0.329675    0.269870    0.135453    0.118703    
1.806963    3.500621    3.561435    4.041184    4.648644    4.678883    4.962166    0.641773    0.484731    0.397658    0.270999    0.223943    0.127711    0.121527    
1.831327    3.367068    3.540154    4.029797    4.533092    5.141515    4.766607    5.397746    0.612168    0.489059    0.401022    0.285653    0.202276    0.162665    0.124475    0.083208    
1.779996    3.348146    3.495511    3.889266    4.513401    4.658377    5.504582    4.980121    5.179737    0.625547    0.477511    0.408011    0.297150    0.225360    0.140796    0.167839    0.084794    0.093037    
1.692224    3.346449    3.503818    3.904912    4.426117    4.766001    5.070601    6.063855    4.598875    5.680433    0.632647    0.487503    0.413369    0.309183    0.235586    0.156546    0.147200    0.112453    0.093057    0.074517    
