 7    -3.505512    2.951518    0.153315
-1.945109  0.620710  -0.432221  0.462573  0.020115  -0.392806  2.213288  1.454509  -1.097804  0.429880  0.343355  0.253077  0.832716  0.277569  -0.227005  0.024562  -1.309637  -0.479140  0.549007  -0.083391  0.370486  
0.117247  0.129680  -0.695360  -0.491668  0.696781  -0.095091  -0.013183  
 1    -1.902427    0.251286      0.751730   2829.000000      0.396565
 2    -2.950950    0.468771      0.914115   6080.000000      0.999729
 3    -3.207506    0.556242      0.953848   10563.000000      1.928225
 4    -3.247094    0.577102      0.959979   17324.000000      3.560614
 5    -3.270488    0.603949      0.963602   27391.000000      6.414581
 6    -3.419412    0.614053      0.986666   41482.000000     11.285982
 7    -3.324470    0.637817      0.971962   62725.000000     19.592667
 8    -3.333794    0.674524      0.973406   102971.000000     39.597349
 9    -3.348813    0.682858      0.975732   140165.000000     59.930427
10    -3.390566    0.738983      0.982198   172110.000000     80.175270
6.283185    0.538621    
6.240798    6.283185    0.705005    0.374111    
5.819986    5.677632    5.786283    0.627087    0.428722    0.218856    
5.690172    5.489949    5.539644    5.308804    0.587175    0.436321    0.252118    0.090388    
5.543457    5.182975    5.454091    4.791012    5.629353    0.548499    0.397765    0.309313    0.127677    0.105297    
1.361341    2.089081    2.373697    2.001830    6.073240    6.283185    0.632595    0.390012    0.343152    0.336676    0.242632    0.096736    
5.406804    5.164670    5.262135    4.680636    5.263540    3.191834    3.529595    0.552903    0.368297    0.348481    0.103457    0.272881    1.422949    0.122919    
5.520821    5.183110    5.386955    4.260940    5.846894    2.094344    4.721406    3.744842    0.562710    0.371139    0.345767    0.080026    0.246209    1.545258    0.000000    0.112792    
5.312651    4.932106    5.286064    4.329469    5.612442    2.649509    3.599234    3.082914    6.283185    0.553365    0.363730    0.355845    0.170933    0.352919    1.468902    0.202279    0.083534    0.089167    
5.795516    2.979423    2.458623    5.143064    4.912832    5.243315    2.857283    3.531524    4.594112    6.283185    0.590090    0.076961    0.343350    0.330908    0.134596    0.283593    1.422083    0.199903    0.110210    0.093987    
