 7    -4.224113    4.173070    0.809630
0.678844  0.916339  -0.121169  -1.154417  -0.271141  0.472377  1.269233  0.984344  -1.327064  -1.593114  -2.256591  -0.017827  -1.976864  1.137158  -0.490799  1.221608  -1.529330  1.045777  -0.322531  -0.944890  0.158779  
-0.300000  1.000000  1.000000  1.000000  1.000000  1.000000  1.000000  
 1    -0.734574    0.001639      0.584439   3111.000000      0.445619
 2    -1.698443    0.001795      0.699224   6095.000000      1.009145
 3    -1.838763    0.000246      0.715934   9154.000000      1.635611
 4    -1.739551    0.000897      0.704120   13251.000000      2.613341
 5    -1.786096    0.003365      0.709663   19553.000000      4.352228
 6    -1.920096    0.000493      0.725620   24621.000000      5.970424
 7    -1.939725    0.000033      0.727958   32047.000000      8.851551
 8    -1.924276    0.083556      0.726118   42449.000000     13.157168
 9    -2.186343    0.137605      0.757327   55732.000000     19.511285
10    -2.193163    0.249280      0.758139   81659.000000     35.135912
0.379360    0.650115    
0.362489    0.439370    0.771142    0.441769    
0.260761    0.313289    0.359829    0.655359    0.505649    0.265279    
0.356658    0.412991    2.822839    3.360786    0.763764    0.450325    1.539025    1.490856    
0.359577    0.411082    6.169982    4.412749    3.932881    0.761878    0.420099    1.436891    0.097695    0.077437    
0.238437    0.288864    0.375446    1.970166    0.449451    0.432256    0.606353    0.526474    0.315959    1.410099    1.340148    1.440267    
0.187360    0.274496    0.264358    0.300082    1.859921    0.421646    0.424298    0.597786    0.503439    0.326365    0.198444    1.425839    1.359843    1.446992    
4.461751    0.934485    1.529101    3.051578    2.355473    2.556559    3.090291    5.014991    1.036460    1.159382    0.165928    1.358369    1.258517    1.137993    1.419640    0.121676    
4.468926    0.895224    1.660987    5.172882    2.614557    4.034108    4.113901    3.154764    6.143184    1.056129    1.064117    0.233591    1.327643    1.019832    0.142186    0.220897    0.224853    1.333723    
0.341352    0.509464    2.254730    3.914341    5.221709    1.982611    3.908418    1.121628    1.535887    0.778625    0.829536    0.608350    1.405291    1.340095    0.301446    1.461752    0.395380    0.011150    0.142884    1.388537    
