 7    -4.345394    4.175256    1.187089
-1.105140  -1.607770  -1.264305  -0.061869  -0.944557  -1.679209  -0.822992  -0.049193  -0.700455  0.428230  -1.542561  0.340174  1.443574  -0.181025  0.498420  0.636785  -0.874873  -0.610991  0.944186  0.764858  0.946040  
0.334638  0.183184  0.184623  0.799961  -0.194596  0.131218  0.316291  
 1    -2.273230    0.355535      0.756807   3345.000000      0.463221
 2    -3.542487    0.730527      0.905769   6312.000000      1.019609
 3    -3.923652    0.854079      0.950504   11742.000000      2.085528
 4    -4.189869    0.940375      0.981747   18106.000000      3.566339
 5    -4.288181    0.973211      0.993285   27242.000000      6.266128
 6    -4.322612    0.986195      0.997326   42912.000000     11.136494
 7    -4.334458    0.994699      0.998717   60303.000000     18.572144
 8    -4.343777    0.999329      0.999810   91216.000000     32.778799
 9    -4.344786    0.999762      0.999929   147913.000000     63.205803
10    -4.345101    0.999914      0.999966   203956.000000     96.869732
4.402583    0.626491    
2.808901    3.049882    0.529765    0.381279    
2.175702    2.720187    2.731887    0.540364    0.394874    0.217976    
2.082421    2.714471    2.682051    3.315597    0.620491    0.477964    0.282668    0.193434    
1.703035    2.296837    2.330128    2.794430    2.776586    0.583564    0.445805    0.364341    0.219794    0.144479    
1.226191    2.278307    2.272378    2.372038    2.712297    2.989014    0.628755    0.461173    0.387922    0.310949    0.183191    0.104750    
1.255646    2.131042    2.233917    2.383662    2.600259    2.946633    3.352483    0.606326    0.459923    0.392615    0.313637    0.245022    0.126341    0.060320    
1.110886    2.020930    2.113853    2.260385    2.484406    2.861524    3.023027    3.488422    0.616378    0.447317    0.395656    0.339454    0.260267    0.200554    0.090411    0.056844    
0.952310    1.761633    2.006844    2.170450    2.350774    2.656523    2.927876    3.192135    3.348356    0.595679    0.448723    0.402840    0.354549    0.300899    0.226778    0.160256    0.075453    0.040138    
0.880131    1.642154    1.931036    2.115011    2.303513    2.575682    2.832604    3.157587    3.228911    3.599919    0.583684    0.442234    0.403325    0.362596    0.313923    0.248934    0.181728    0.109663    0.054952    0.019571    
