 7    -3.440911    3.176841    0.907629
-0.894779  0.121654  -0.763285  -0.481901  1.059032  0.356689  -0.392180  1.515508  -0.183340  -0.140353  -1.015118  -1.061475  -0.607602  1.142866  0.181214  0.037874  0.814313  -0.188506  0.959805  -0.357926  -1.180893  
-0.300000  1.000000  1.000000  1.000000  1.000000  1.000000  1.000000  
 1    -0.287429    0.004938      0.523481   2877.000000      0.412365
 2    -0.521223    0.059874      0.558810   5956.000000      1.012672
 3    -0.825356    0.131206      0.604767   9887.000000      1.801101
 4    -0.925887    0.054262      0.619958   13228.000000      2.603688
 5    -1.008788    0.029902      0.632485   17803.000000      3.915389
 6    -1.483115    0.099914      0.704160   23897.000000      5.745275
 7    -1.398743    0.172069      0.691411   33256.000000      9.297042
 8    -1.502273    0.212940      0.707055   40670.000000     12.417628
 9    -1.617487    0.264217      0.724465   55963.000000     19.223847
10    -1.704455    0.251026      0.737606   64470.000000     25.445648
3.589062    0.550033    
3.460339    3.577233    0.445314    1.224284    
1.351787    1.291921    3.027299    1.041195    1.040534    1.303548    
3.686423    4.043585    3.614681    1.906917    0.386974    1.306699    0.442022    0.168441    
3.696165    4.260512    3.508422    1.414365    3.582617    0.396153    1.231453    0.253593    0.193062    0.248384    
3.420010    3.594096    5.010733    2.373502    2.856335    4.994692    0.433782    1.224697    0.496029    0.510510    0.358583    1.192915    
1.902293    4.684483    0.852867    1.812679    2.687926    2.985939    5.462654    0.706510    1.024078    1.096689    1.215679    0.291583    0.179564    0.299641    
3.275486    3.747328    5.135596    2.062115    0.878235    4.476110    4.072890    3.913376    0.520241    1.059262    0.396875    0.498811    0.342439    1.257591    1.316993    1.373962    
1.299274    1.246258    1.026036    2.044047    3.862917    1.292925    5.925754    3.829414    4.785899    0.844005    1.275750    1.126481    1.182212    0.208287    1.034313    0.316344    0.410996    1.468684    
3.364044    3.699464    5.120345    2.176941    0.877793    4.559371    3.710665    4.353269    1.899555    3.923592    0.448788    1.063654    0.532437    0.494952    0.330811    1.237892    1.371806    1.433525    1.392772    0.229899    
