 7    -2.443713    3.532421    0.272687
-0.659308  -0.719588  -0.144427  -0.408353  0.227388  0.597708  -0.412917  -0.404949  0.066307  0.000811  -0.183957  1.244675  0.437136  -1.128792  -0.263570  0.076330  -1.121988  -0.142288  0.212140  -1.121190  1.833720  
0.203368  0.129641  0.119624  0.072544  -0.799962  0.097432  -0.150077  
 1    -1.240280    0.288155      0.798627   3183.000000      0.455497
 2    -2.072236    0.753294      0.937840   6882.000000      1.182457
 3    -2.240341    0.871421      0.965969   12770.000000      2.378010
 4    -2.338874    0.921354      0.982457   20183.000000      4.262102
 5    -2.413062    0.968552      0.994871   31570.000000      8.000007
 6    -2.434581    0.985945      0.998472   48458.000000     13.976262
 7    -2.440333    0.992790      0.999434   74225.000000     24.258214
 8    -2.442322    0.997663      0.999767   102560.000000     37.312448
 9    -2.443230    0.999406      0.999919   174381.000000     77.183805
10    -2.443500    0.999699      0.999964   275492.000000    137.014540
6.283185    0.603009    
5.693994    5.690264    0.419945    0.405288    
3.612116    5.675122    4.658605    0.422768    0.361027    0.231411    
3.068167    5.210464    5.572891    5.569582    0.649003    0.429695    0.280290    0.237069    
3.098200    4.456217    4.636319    5.822436    5.067559    0.589554    0.445313    0.330985    0.218076    0.170299    
2.393775    4.312949    4.435664    4.813376    5.503384    5.512300    0.589247    0.440120    0.370965    0.285467    0.168177    0.119454    
2.212512    3.811189    4.168720    4.548759    4.773762    5.815684    5.604623    0.593078    0.423335    0.367684    0.316153    0.248402    0.125999    0.090485    
2.088460    3.817382    4.156955    4.522983    4.871049    5.445416    5.893019    6.283185    0.587541    0.436119    0.383400    0.325480    0.262718    0.196190    0.089663    0.063311    
1.898310    3.495692    3.963945    4.341165    4.685231    5.344677    5.627546    6.283185    6.283185    0.580419    0.423255    0.382343    0.337259    0.281979    0.209427    0.157400    0.059928    0.049500    
1.561621    3.185036    3.746767    4.160133    4.494746    4.929754    5.483430    5.763843    6.283185    6.283185    0.583096    0.445618    0.393126    0.351828    0.311332    0.254340    0.188021    0.139133    0.051584    0.044409    
