 7    -4.467485    3.206108    1.300115
-0.217286  -0.915852  1.062431  0.444871  -0.375857  -1.325971  -0.652894  -0.842896  -0.447425  1.539325  0.027425  -0.777571  -1.614024  0.688196  -0.014051  0.026840  0.549220  0.855711  0.291851  -0.626174  -2.124388  
0.799962  -0.096726  -0.133721  -0.181094  -0.164372  0.200737  0.230251  
 1    -2.108498    0.355750      0.692584   3123.000000      0.428842
 2    -3.572488    0.755627      0.883367   7007.000000      1.130602
 3    -4.068986    0.881743      0.948069   11821.000000      2.090482
 4    -4.334970    0.956748      0.982731   20781.000000      4.157141
 5    -4.415523    0.983305      0.993229   30486.000000      7.017858
 6    -4.451735    0.994837      0.997948   46250.000000     12.448830
 7    -4.458999    0.997027      0.998894   77964.000000     25.734806
 8    -4.465962    0.999567      0.999802   97620.000000     34.369361
 9    -4.467082    0.999879      0.999948   184438.000000     82.129868
10    -4.467267    0.999930      0.999972   260580.000000    127.225518
6.283185    0.606981    
4.836036    5.977990    0.585202    0.399984    
4.009800    4.871984    5.464631    0.589653    0.436564    0.247751    
3.398937    4.871756    4.691187    5.827623    0.638693    0.501656    0.328403    0.206076    
2.627811    4.133625    4.231963    4.783009    5.239577    0.610925    0.473521    0.404122    0.258277    0.147362    
2.197541    4.031456    3.973481    4.091724    4.677711    5.372991    0.641439    0.479775    0.399683    0.322779    0.204306    0.103349    
2.014309    3.553323    3.681781    3.846535    4.162542    4.944296    5.276045    0.620760    0.458558    0.399025    0.335868    0.263782    0.155759    0.065300    
2.003411    3.613426    3.641540    3.825384    4.168945    4.847184    5.272501    6.281500    0.626854    0.457861    0.400299    0.344797    0.275047    0.205871    0.103774    0.051194    
1.563609    2.995575    3.431483    3.654385    3.912967    4.390406    4.869724    5.460335    5.859770    0.598001    0.457103    0.412134    0.365743    0.316938    0.246749    0.180507    0.088923    0.042136    
1.280739    2.712866    3.211874    3.461702    3.717641    4.066976    4.501916    4.888193    5.443790    5.459069    0.601359    0.472716    0.413379    0.376037    0.338068    0.283788    0.218897    0.148114    0.072198    0.030998    
