 7    -3.244620    3.524251    0.498501
-0.253089  -0.637147  -1.909595  -0.106139  0.001714  -0.962448  0.254333  -1.112221  0.210460  1.389632  0.656688  -0.053128  0.415673  0.704063  -0.896223  0.479744  1.144388  2.050119  0.674869  -0.860506  0.399698  
-0.158718  -0.120964  -0.800000  -0.128678  0.121035  0.117723  0.224500  
 1    -1.949001    0.300201      0.808592   3327.000000      0.493320
 2    -2.716441    0.707116      0.921969   7632.000000      1.288337
 3    -2.890349    0.855482      0.947662   12907.000000      2.282597
 4    -3.128155    0.913569      0.982794   21214.000000      4.220923
 5    -3.202062    0.973166      0.993713   30977.000000      7.219222
 6    -3.232674    0.993038      0.998235   52014.000000     14.532826
 7    -3.240603    0.997691      0.999407   84230.000000     28.203581
 8    -3.243751    0.999556      0.999872   121298.000000     45.976922
 9    -3.244338    0.999847      0.999958   244273.000000    114.218460
10    -3.244508    0.999949      0.999984   326505.000000    161.595506
6.283185    0.717289    
4.190582    5.102514    0.389866    0.480549    
3.266120    4.663825    4.610766    0.457657    0.391195    0.220089    
3.356074    4.280921    4.006189    6.283185    0.579484    0.462234    0.251445    0.261242    
2.593321    3.832819    3.923241    4.664084    4.889016    0.558805    0.445776    0.361748    0.196250    0.195057    
1.971126    3.761934    3.807271    4.048036    4.633813    4.949630    0.604995    0.444046    0.380557    0.308703    0.163260    0.139187    
1.853045    3.296934    3.572650    3.864482    4.081988    4.971716    4.815337    0.600430    0.429488    0.375902    0.326328    0.249691    0.137272    0.091403    
1.746699    3.282608    3.544140    3.834002    4.154954    4.795253    4.722576    5.946063    0.596311    0.434503    0.386747    0.334409    0.252166    0.198066    0.086763    0.055735    
1.437517    2.743902    3.269826    3.614964    3.912345    4.397367    4.821553    4.949448    5.829504    0.572146    0.427908    0.388785    0.347310    0.297280    0.216668    0.165934    0.064379    0.044025    
1.137638    2.468460    3.009265    3.399969    3.716054    4.060858    4.537877    4.874621    5.124486    5.667833    0.579082    0.450378    0.394914    0.359753    0.322107    0.269825    0.195620    0.148472    0.052701    0.042128    
