 7    -4.021312    2.958384    0.600397
0.709056  0.857144  1.688367  2.164774  -0.970375  1.072576  1.688920  0.015477  -0.012332  0.213066  0.651998  -0.178201  -0.044454  0.014322  0.032892  -0.075229  0.562198  -0.798122  0.466570  -1.022600  -0.664590  
-0.440604  -0.102663  0.224583  0.289058  0.267524  -0.106868  0.438647  
 1    -2.032235    0.363752      0.715020   3084.000000      0.434336
 2    -3.504000    0.712399      0.925883   6777.000000      1.105123
 3    -3.831328    0.874321      0.972781   12137.000000      2.184424
 4    -3.933058    0.942689      0.987356   20381.000000      4.162652
 5    -3.994343    0.989519      0.996136   30673.000000      7.053836
 6    -4.013942    0.997241      0.998944   52623.000000     14.870685
 7    -4.019818    0.999337      0.999786   83398.000000     28.490263
 8    -4.020673    0.999732      0.999909   137890.000000     53.282764
 9    -4.021068    0.999892      0.999965   159052.000000     64.863311
10    -4.021114    0.999913      0.999972   221588.000000    100.139815
5.262631    0.574247    
4.761901    5.562489    0.744964    0.397980    
3.651386    4.293905    4.807569    0.658608    0.501561    0.244787    
3.080753    3.912356    4.081508    4.793636    0.630094    0.497342    0.352759    0.144660    
2.871339    3.638774    3.701724    4.280942    5.623524    0.605867    0.479740    0.353118    0.249542    0.105993    
1.961053    3.358091    3.375579    3.706425    4.458659    5.513856    0.596265    0.486451    0.397204    0.303592    0.207346    0.091438    
1.580071    3.048523    3.134444    3.259257    3.827283    4.455039    5.196176    0.620775    0.477716    0.406915    0.336949    0.255885    0.165725    0.074522    
1.475914    2.864260    3.034137    3.147787    3.597936    4.160464    4.815944    5.151982    0.620277    0.474287    0.410097    0.351103    0.280399    0.193667    0.112716    0.034124    
1.321671    2.542192    2.867886    3.035106    3.394608    3.876816    4.398435    5.050181    5.958238    0.611688    0.466839    0.413316    0.370217    0.311825    0.236106    0.154988    0.084967    0.022912    
1.265634    2.474792    2.849517    3.007545    3.315219    3.751080    4.208017    4.588482    4.052030    4.449537    0.612197    0.473206    0.417830    0.373604    0.319774    0.247514    0.168886    0.092725    0.036382    0.016328    
