 7    -3.706048    4.074795    0.937815
-1.130571  0.696200  -0.432293  0.741020  -0.478137  1.386040  0.125180  1.148860  -2.350259  0.183293  -0.311386  -0.294066  0.400061  1.005500  0.501643  -0.000668  1.303972  1.073324  -0.515345  1.662900  0.551817  
-0.300000  1.000000  1.000000  1.000000  1.000000  1.000000  1.000000  
 1    -0.488819    0.015137      0.586519   3171.000000      0.478300
 2    -0.784080    0.027577      0.624466   5969.000000      1.052416
 3    -0.907329    0.031307      0.640306   9449.000000      1.726803
 4    -1.085642    0.021654      0.663223   14259.000000      2.825400
 5    -1.229958    0.070886      0.681771   18655.000000      3.960329
 6    -1.329856    0.105796      0.694610   25026.000000      6.068410
 7    -1.415205    0.117761      0.705579   31190.000000      8.485189
 8    -1.552169    0.104578      0.723182   40633.000000     12.066653
 9    -1.752949    0.255494      0.748986   50239.000000     17.415412
10    -1.801698    0.230962      0.755252   64659.000000     25.738768
4.875989    1.183713    
5.021171    6.283185    1.168760    1.129929    
4.898405    5.169964    1.832472    1.172312    1.447400    1.147493    
4.969796    4.964219    1.843001    1.429779    1.157986    1.322834    1.197034    0.337567    
4.817088    0.951903    6.283185    2.999495    2.734453    1.016808    1.266704    0.928478    0.410645    1.336120    
4.945516    6.229263    3.378675    4.319165    3.512406    4.947103    1.045068    1.018861    0.353277    1.316845    1.295935    1.388709    
5.007380    6.283185    6.283185    3.961758    6.042286    4.947601    2.789889    1.168539    1.050061    0.199113    0.207493    1.317437    0.262541    0.187445    
4.865377    4.393958    1.977633    2.429087    6.283185    3.497892    3.784764    5.484320    1.117195    0.244175    1.162457    1.381256    1.406383    0.042230    1.351368    0.212210    
4.724019    0.959166    6.241012    3.120205    2.511311    6.267983    4.552930    2.412262    4.991312    1.104227    1.133356    0.868640    0.688151    1.319553    0.327829    0.064670    1.271948    0.175479    
4.752310    0.942995    6.273084    3.182724    2.507721    6.283185    3.622187    3.439884    4.881358    5.438771    1.109169    1.222964    0.904351    0.681695    1.413812    0.284528    1.556148    1.196636    0.177910    0.150310    
