 7    -3.809823    4.481291    0.479450
0.820438  1.229717  -0.763083  1.311323  -0.551206  2.015658  0.939756  -0.160168  -0.856489  0.569047  -0.021903  0.634637  0.393135  0.478060  2.245525  -1.140656  1.852895  -0.015412  -1.308539  -0.218185  0.112809  
0.239137  -0.213451  0.218738  -0.238627  -0.149029  0.799962  -0.153744  
 1    -1.933814    0.337279      0.773733   3345.000000      0.473445
 2    -3.005587    0.724547      0.903000   6998.000000      1.144593
 3    -3.442438    0.856308      0.955689   11784.000000      2.176122
 4    -3.692680    0.951659      0.985871   19632.000000      4.056303
 5    -3.762865    0.981602      0.994336   30110.000000      6.966135
 6    -3.795305    0.995081      0.998249   43442.000000     11.601904
 7    -3.801719    0.997031      0.999023   70090.000000     22.220248
 8    -3.807775    0.999289      0.999753   102159.000000     36.303899
 9    -3.809168    0.999737      0.999921   149091.000000     62.205159
10    -3.809511    0.999876      0.999962   251134.000000    121.728241
5.458479    0.680344    
3.116583    4.060051    0.561145    0.420580    
2.638600    3.294292    3.903784    0.585619    0.436366    0.253858    
2.239367    3.171063    3.067883    4.003071    0.611607    0.487077    0.309911    0.215400    
1.644762    2.755938    2.847506    3.193645    3.578804    0.598055    0.469160    0.399632    0.249799    0.157006    
1.422274    2.664891    2.666415    2.770554    3.165734    3.539148    0.636480    0.471483    0.395829    0.319389    0.194411    0.109170    
1.317571    2.380260    2.518455    2.651834    2.869199    3.368503    3.605919    0.615522    0.459978    0.399618    0.332878    0.253209    0.149132    0.061975    
1.262517    2.350929    2.438042    2.584227    2.814107    3.263686    3.490151    4.179545    0.615043    0.454350    0.400682    0.344579    0.270406    0.204697    0.097104    0.051043    
0.991418    2.011724    2.310860    2.461846    2.634210    2.948765    3.270908    3.625841    3.923879    0.602782    0.465718    0.412709    0.366094    0.316823    0.248987    0.182592    0.089703    0.044773    
0.790412    1.744004    2.118073    2.340257    2.505610    2.726371    3.008019    3.303052    3.640639    3.774535    0.610081    0.480342    0.422856    0.384234    0.345854    0.296896    0.232064    0.163214    0.080819    0.035985    
