 7    -3.916071    2.671600    0.078700
0.339865  0.191300  -1.140822  0.778411  1.707351  1.008358  -1.292085  -0.473293  0.210802  -0.992069  0.924987  0.120085  -0.173989  1.086957  1.130888  -0.286387  0.510305  1.395815  -0.250652  0.675379  -1.229298  
-0.300000  1.000000  1.000000  1.000000  1.000000  1.000000  1.000000  
 1    -0.659351    0.051229      0.505634   2883.000000      0.420799
 2    -0.947038    0.104825      0.549305   5921.000000      1.081858
 3    -1.333400    0.280563      0.607954   9765.000000      2.176643
 4    -1.641166    0.290532      0.654672   15419.000000      3.432487
 5    -1.775621    0.390267      0.675082   20253.000000      4.397161
 6    -1.998341    0.363443      0.708891   26911.000000      6.666320
 7    -2.115900    0.258673      0.726736   35090.000000      9.630524
 8    -2.136330    0.048374      0.729838   44906.000000     13.729325
 9    -2.269621    0.440435      0.750071   59834.000000     20.952615
10    -2.311983    0.489553      0.756501   76763.000000     29.971827
1.155423    0.720246    
1.121691    1.206595    0.768660    0.248947    
1.080361    0.980118    1.444224    0.723064    0.334759    1.192060    
1.081781    1.013933    1.277903    6.150942    0.728080    0.342998    1.130143    0.271670    
1.083866    0.928528    1.354101    0.182916    6.143936    0.743282    0.360960    0.746306    0.404592    0.233635    
1.101279    1.003407    1.346981    5.821036    0.283928    3.231417    0.724297    0.353284    1.147949    1.202539    0.568275    1.459063    
1.114044    1.036736    1.301506    5.937719    0.197511    3.067717    6.283185    0.704921    0.363774    1.160090    0.980318    0.773867    1.389901    0.149637    
1.081852    1.249940    3.160405    3.896562    3.976607    2.071867    4.832565    5.321408    0.794711    0.273637    0.029407    0.126538    1.137099    0.251999    0.175464    0.270608    
1.153788    1.159289    1.173177    6.058899    3.705950    2.836922    2.028233    5.288034    5.245178    0.744811    0.379924    1.131316    0.274847    1.464776    1.299786    1.457686    0.373168    1.279647    
1.065505    0.934501    1.397201    0.338178    6.283185    2.841400    6.034094    6.083913    4.375396    3.015497    0.754985    0.396815    0.941772    0.300960    0.052332    1.431721    0.084844    0.168779    1.374457    1.507694    
