 7    -5.351561    4.530034    1.875733
-0.497271  0.107765  1.882873  -1.069230  -1.527741  -1.511618  0.386228  0.482651  2.007500  -0.509702  -0.890950  0.223526  0.045737  1.275074  0.981557  -1.357761  0.467119  -0.566509  2.345418  -0.477393  -0.310067  
-0.205214  -0.178682  0.149914  0.152698  0.138238  -0.100178  -0.799962  
 1    -2.357126    0.307681      0.696968   2964.000000      0.432299
 2    -4.230685    0.751864      0.886569   6892.000000      1.176638
 3    -4.788934    0.877035      0.943063   12851.000000      2.293814
 4    -5.177134    0.959773      0.982348   19352.000000      3.855010
 5    -5.294148    0.986746      0.994190   32993.000000      7.863369
 6    -5.339828    0.997418      0.998813   52240.000000     14.768954
 7    -5.346822    0.998902      0.999520   81620.000000     27.575475
 8    -5.349365    0.999434      0.999778   125607.000000     48.090782
 9    -5.350799    0.999794      0.999923   236597.000000    108.799140
10    -5.351296    0.999934      0.999973   316072.000000    156.403693
6.283185    0.639110    
5.355652    6.163647    0.540842    0.400082    
4.215295    5.398192    5.868005    0.572660    0.420377    0.246476    
3.718637    5.336207    5.220926    6.283185    0.634004    0.499879    0.310938    0.215904    
2.895423    4.550272    4.674723    5.372803    5.669974    0.603553    0.473354    0.401434    0.248038    0.156296    
2.373773    4.364225    4.365787    4.536430    5.203838    5.716179    0.629291    0.474087    0.400238    0.322446    0.198587    0.113429    
2.050152    3.639670    3.870341    4.149175    4.477821    5.344094    5.445482    0.604101    0.438988    0.393211    0.342669    0.270003    0.163696    0.081551    
1.887565    3.630462    3.882554    4.114218    4.410618    4.969782    5.544980    5.939084    0.615082    0.463834    0.407976    0.356974    0.300958    0.226099    0.127709    0.055502    
1.624099    3.262201    3.751548    4.017457    4.280978    4.748414    5.234016    5.801080    6.283185    0.603462    0.465961    0.414235    0.370868    0.324491    0.259090    0.191036    0.096721    0.043101    
1.323077    2.878171    3.427673    3.789006    4.076065    4.432353    4.866815    5.326696    5.877059    6.154772    0.609882    0.476509    0.417467    0.382088    0.347599    0.300039    0.235911    0.167518    0.080857    0.035696    
