 7    -3.916071    2.671600    0.078700
0.339865  0.191300  -1.140822  0.778411  1.707351  1.008358  -1.292085  -0.473293  0.210802  -0.992069  0.924987  0.120085  -0.173989  1.086957  1.130888  -0.286387  0.510305  1.395815  -0.250652  0.675379  -1.229298  
-0.288792  -0.099308  -0.153654  -0.145751  0.799962  0.143576  0.191976  
 1    -2.671192    0.307915      0.811029   3237.000000      0.452518
 2    -3.286191    0.656584      0.904385   7634.000000      1.255655
 3    -3.590023    0.676909      0.950506   12553.000000      2.285832
 4    -3.601447    0.686538      0.952240   17202.000000      3.440464
 5    -3.660425    0.752034      0.961193   25800.000000      5.763373
 6    -3.679989    0.815526      0.964163   35716.000000      9.191138
 7    -3.682778    0.836094      0.964586   44734.000000     12.269454
 8    -3.906811    0.969254      0.998594   62204.000000     20.275754
 9    -3.734211    0.785488      0.972394   82620.000000     32.312635
10    -3.773594    0.871281      0.978372   131306.000000     58.995552
6.283185    0.744815    
3.307791    4.448077    0.414646    0.489563    
3.319060    3.834123    6.283185    0.576826    0.487145    0.265224    
3.123533    3.853607    6.283185    6.283185    0.558983    0.491689    0.258351    1.537265    
3.108849    3.832462    5.480616    6.283185    6.283185    0.552139    0.514387    0.245110    1.570796    1.463262    
3.028966    3.729123    5.030655    6.283185    6.283185    6.283185    0.523408    0.499173    0.250268    1.570796    1.441142    1.514758    
3.004337    3.720659    5.018302    6.283185    6.283185    6.283185    6.180830    0.518563    0.497760    0.243222    1.570796    1.432358    1.505628    1.551192    
1.646647    3.085147    3.173780    1.119533    2.275558    3.766409    3.972592    6.283185    0.613277    0.456087    0.394090    1.570796    0.324050    0.238546    0.180136    0.100125    
2.639837    3.688388    4.740727    6.214236    6.214235    5.396643    6.283185    6.283185    6.283185    0.460513    0.503303    0.244128    1.570796    1.435617    1.458651    1.570796    0.064206    0.084394    
2.671311    3.819276    4.916371    6.283185    6.283185    6.283185    6.283185    6.283185    4.308155    6.283185    0.492589    0.516483    0.239659    1.570796    1.414835    1.510207    1.536116    0.084661    0.032700    0.104054    
