 7    -3.109721    4.499579    0.014413
-0.374470  1.163536  1.171028  0.762805  -1.399164  -0.805286  -0.567384  0.003154  0.933997  -1.232669  0.347803  0.644465  0.018927  -0.473181  -1.407803  -1.970348  0.821106  0.569608  -1.868063  0.428322  2.014901  
-0.300000  1.000000  1.000000  1.000000  1.000000  1.000000  1.000000  
 1    -0.591492    0.038814      0.669059   2766.000000      0.421623
 2    -0.843893    0.074609      0.702229   6336.000000      1.057977
 3    -0.940195    0.023423      0.714885   9690.000000      1.740254
 4    -1.140053    0.003575      0.741150   13822.000000      2.705027
 5    -1.327280    0.032789      0.765755   18907.000000      4.035079
 6    -1.517046    0.106494      0.790694   25173.000000      6.122676
 7    -1.981621    0.000519      0.851747   31091.000000      8.342710
 8    -1.898822    0.022692      0.840866   41754.000000     12.916903
 9    -2.116120    0.002664      0.869423   50798.000000     17.110691
10    -1.984651    0.009348      0.852145   66647.000000     25.906704
5.360995    0.499700    
2.338282    6.059114    1.366833    0.700352    
5.310420    3.038527    2.588157    0.493642    0.267025    1.299210    
0.386491    0.335683    5.977975    2.630147    0.758104    0.427567    1.247968    0.278819    
0.265394    5.411543    3.061787    2.089943    1.722195    0.586327    0.159069    0.422028    0.288093    1.449178    
5.269405    6.150089    1.771056    5.633963    1.156393    4.081829    0.586951    1.371785    0.092254    0.464193    1.262989    0.207557    
0.371410    0.332273    2.505794    2.588747    5.607209    2.586276    2.047301    0.745104    0.452460    1.245489    0.226521    0.269842    1.325679    1.377206    
0.423918    0.374469    3.954289    2.793600    3.288705    2.157891    5.349024    2.114325    0.747416    0.389503    0.280225    1.408506    1.290111    1.341693    1.452287    1.390638    
0.357247    0.511214    5.577360    2.732466    2.852414    1.054087    2.669087    3.764861    3.171939    0.819912    0.438544    1.358494    0.232401    1.517461    1.381995    0.328659    1.329777    1.367883    
0.385381    0.412799    4.167855    2.113243    5.540804    3.670292    5.173896    3.983125    4.959596    2.580162    0.753005    0.442563    0.275019    0.151234    0.100128    1.322087    1.513620    0.176109    1.416987    0.253144    
