 7    -5.145257    5.899040    1.063430
-1.347907  0.938718  1.021825  0.788287  -2.600565  0.373243  -1.052956  0.132503  0.415469  -0.735163  2.955965  1.631560  -0.638114  -1.002116  -0.091526  -0.602506  -0.684845  -0.295842  0.911793  0.673155  0.771728  
0.242127  0.193715  0.673015  -0.221565  -0.184348  0.234683  -0.271179  
 1    -2.594344    0.362811      0.769029   3129.000000      0.446115
 2    -4.124396    0.748155      0.907567   7016.000000      1.150652
 3    -4.716725    0.878351      0.961199   11268.000000      2.097363
 4    -5.019314    0.960241      0.988597   18842.000000      3.853267
 5    -5.103369    0.988405      0.996207   31132.000000      7.473584
 6    -5.137332    0.997929      0.999282   45843.000000     13.062791
 7    -5.142137    0.999005      0.999718   73526.000000     24.561133
 8    -5.143662    0.999586      0.999856   120517.000000     48.157506
 9    -5.144800    0.999871      0.999959   210347.000000     93.702051
10    -5.144895    0.999890      0.999967   236092.000000    109.707124
4.977986    0.636126    
3.025330    3.864915    0.595817    0.407258    
2.579953    3.070129    3.606764    0.603023    0.440159    0.251750    
2.194646    3.009995    2.919695    3.724229    0.630143    0.494210    0.319305    0.207570    
1.662081    2.552664    2.640974    2.994848    3.296261    0.600425    0.467293    0.401548    0.253061    0.152740    
1.326165    2.478243    2.483959    2.553457    2.942128    3.308700    0.634334    0.475243    0.402666    0.324534    0.204912    0.108561    
1.175420    2.051465    2.193693    2.344664    2.530522    3.000894    3.145248    0.610616    0.436110    0.393984    0.344390    0.271392    0.165400    0.077265    
1.174210    2.127296    2.242501    2.372651    2.586220    2.984462    3.255654    3.894636    0.614277    0.450744    0.402570    0.350086    0.282550    0.204462    0.102916    0.038504    
0.915366    1.833457    2.153348    2.292409    2.449726    2.733601    3.061706    3.381269    3.819926    0.602354    0.471178    0.416516    0.372630    0.326835    0.257569    0.187804    0.091501    0.039213    
0.878734    1.817638    2.114210    2.241857    2.391114    2.637212    2.940488    3.013940    3.932826    5.965861    0.609386    0.477788    0.414140    0.370450    0.328008    0.258893    0.180025    0.091005    0.020157    1.553069    
