 7    -3.652334    4.781214    0.694526
-0.277191  -1.145218  1.062622  -0.870811  -1.755050  -1.015249  1.560385  0.481436  -1.006437  1.485005  -0.585905  -0.851112  0.591227  1.385524  1.787364  0.401825  0.404999  0.073697  0.025266  0.675647  1.116530  
-0.300000  1.000000  1.000000  1.000000  1.000000  1.000000  1.000000  
 1    -0.473181    0.012775      0.623035   2835.000000      0.406830
 2    -0.817031    0.034127      0.663807   6139.000000      1.038270
 3    -0.957015    0.037512      0.680405   9778.000000      1.826573
 4    -1.090764    0.010258      0.696264   14490.000000      2.933916
 5    -1.361280    0.102448      0.728340   19718.000000      4.430762
 6    -1.513033    0.049253      0.746334   24959.000000      6.121985
 7    -1.582270    0.239759      0.754544   35922.000000      9.997946
 8    -1.711496    0.243924      0.769867   41661.000000     12.701548
 9    -1.951447    0.394211      0.798319   52799.000000     18.042256
10    -2.049226    0.316756      0.809913   69060.000000     28.239501
0.292875    1.318848    
4.767032    6.283185    1.006543    0.922080    
4.585502    6.118109    4.488460    0.948026    0.935573    0.401298    
4.802776    6.283185    3.870488    5.332104    0.991386    0.814809    1.364626    0.214701    
0.184023    5.521403    4.626774    3.632710    3.587947    1.109239    1.087530    0.416713    0.251331    0.306348    
4.946347    0.376005    4.305959    3.691743    3.992738    1.382708    1.259781    1.264082    0.428383    0.247625    0.305786    0.187978    
0.726495    1.669149    1.719120    3.668779    2.099846    0.979333    3.626125    1.173163    1.228740    1.123197    0.490453    0.665934    0.170800    1.355897    
0.222522    5.538390    4.663047    3.633015    3.483153    5.815995    6.259029    3.494410    1.103564    1.054238    0.436348    0.281150    0.332571    0.139454    0.168647    1.443673    
5.192852    4.832676    3.352332    4.617252    1.388997    4.307849    4.009519    4.566130    3.538268    0.895958    0.521598    0.217301    0.245137    0.353016    1.413168    0.234037    1.396882    0.111707    
0.870994    1.629622    1.674026    3.775221    2.071307    0.661436    4.030080    1.781555    2.766156    5.907611    1.174292    1.189171    1.113678    0.529350    0.715516    0.238310    1.425973    1.326314    1.318433    0.138884    
