 7    -4.206539    4.627390    0.738534
1.584050  0.306209  -0.722096  0.029006  -2.123688  -1.829934  0.920972  -0.910938  0.595995  2.324745  -0.049952  -2.065527  0.045791  0.106866  -0.384576  -0.676318  0.195727  -0.449039  -0.653854  -0.236046  1.792894  
-0.237850  0.184943  -0.807774  -0.088203  -0.148192  -0.319752  -0.050417  
 1    -2.233891    0.227820      0.776696   3546.000000      0.487815
 2    -3.246344    0.470289      0.891306   6990.000000      1.127048
 3    -3.518089    0.563254      0.922068   12796.000000      2.294578
 4    -3.851091    0.701371      0.959763   19405.000000      3.853679
 5    -3.934977    0.744073      0.969259   28706.000000      6.460676
 6    -4.019256    0.817667      0.978800   45841.000000     12.533264
 7    -4.070683    0.847932      0.984621   69019.000000     22.207241
 8    -4.106278    0.900921      0.988650   91668.000000     32.441002
 9    -4.136013    0.933926      0.992016   141920.000000     60.453982
10    -4.159689    0.963041      0.994697   220016.000000    106.800130
5.205540    0.680760    
3.482897    3.461049    0.512159    0.365799    
2.398660    3.471097    3.664210    0.537426    0.400818    0.218814    
2.709128    3.361333    3.446335    4.439376    0.578939    0.470327    0.231075    0.193409    
2.001401    3.085023    3.179518    3.938830    3.797509    0.552590    0.455335    0.352152    0.198932    0.130286    
2.219798    3.126105    3.313990    3.984704    3.642390    4.939015    0.591906    0.462669    0.319601    0.278475    0.122151    0.105944    
1.587746    3.046994    3.167182    3.504601    3.984770    3.932107    4.654798    0.620821    0.471871    0.391111    0.282316    0.220752    0.111576    0.093210    
1.715238    3.130321    3.256629    3.688056    3.816413    4.711834    3.531162    6.283185    0.604672    0.490971    0.391864    0.301459    0.222569    0.138427    0.106914    0.078534    
1.512565    2.982728    3.223906    3.475095    4.020347    3.930546    5.160699    3.485924    6.283185    0.633011    0.472859    0.410953    0.324112    0.240101    0.177140    0.126994    0.075695    0.083697    
1.526548    2.953543    3.133439    3.524472    3.931408    4.256622    4.317385    5.767116    3.277702    6.283185    0.613714    0.473752    0.406200    0.314525    0.253583    0.165639    0.158629    0.089900    0.077612    0.068482    
