 7    -3.526825    3.143788    0.544769
0.439265  0.438488  1.147810  -0.067318  1.282502  1.203008  1.135877  -0.804010  -0.355338  1.115535  0.416017  0.281031  0.602493  -0.502367  -0.360674  -0.046913  -0.271253  1.007771  0.968143  0.644780  0.042835  
-0.300000  1.000000  1.000000  1.000000  1.000000  1.000000  1.000000  
 1    -0.367632    0.009981      0.526401   2499.000000      0.362952
 2    -0.601179    0.028590      0.561413   5671.000000      0.958752
 3    -0.774112    0.092641      0.587337   9376.000000      1.702596
 4    -1.065624    0.087692      0.631038   13577.000000      2.703621
 5    -1.272819    0.148890      0.662099   19526.000000      4.208925
 6    -1.240616    0.207102      0.657271   24301.000000      5.844254
 7    -1.348113    0.147542      0.673387   30912.000000      8.143474
 8    -1.543276    0.292868      0.702644   39859.000000     12.177451
 9    -1.601022    0.295333      0.711300   48363.000000     15.843912
10    -1.924036    0.413755      0.759724   66690.000000     26.835714
6.111636    0.799682    
5.885670    5.095292    0.950096    0.518370    
5.948119    5.018575    3.564431    1.020652    0.489188    1.253418    
5.964489    4.895728    3.696147    4.073087    1.013430    0.496618    1.174799    0.438925    
5.986669    4.832159    3.682159    4.071219    4.257139    1.020177    0.498051    1.163697    0.385951    1.346861    
6.005078    5.841075    5.733662    0.690420    2.130142    3.232960    0.870109    0.392418    1.199142    0.473617    0.537720    1.379110    
5.982532    4.850882    3.670857    4.104166    4.141110    0.874710    6.283185    1.024664    0.475811    1.168354    0.383851    1.354303    1.492813    0.098591    
5.987348    5.970872    5.727629    0.564347    2.472130    2.177301    2.096358    0.604915    0.811358    0.345430    1.056273    0.514228    0.368023    1.209520    0.297521    1.273294    
6.083297    6.040679    5.659988    4.345034    4.501723    5.017469    5.348441    1.437727    2.593534    0.710062    0.443837    1.379498    1.143663    1.269471    1.410938    0.218129    0.305426    1.425888    
5.221031    5.221436    3.641218    2.006673    2.403329    4.932791    3.289440    1.322738    3.879402    5.613242    1.229375    1.373178    1.029810    0.387869    0.297687    0.882467    0.159053    0.483657    0.685420    1.411725    
