 7    -5.605859    6.447359    0.910879
2.630205  0.331635  -0.987540  1.196508  1.705176  0.144573  -0.224789  0.221373  2.062121  2.356455  2.345444  -0.973641  -0.211556  -0.499396  -1.075603  -1.606699  1.315930  1.240364  2.464476  -1.954646  1.271019  
0.346323  -0.280702  0.164192  0.246829  0.291356  -0.258517  0.314197  
 1    -3.325649    0.452412      0.810821   3138.000000      0.433851
 2    -4.794104    0.813622      0.932652   6467.000000      1.078954
 3    -5.429360    0.949689      0.985357   12221.000000      2.237004
 4    -5.564572    0.982387      0.996575   20174.000000      4.114924
 5    -5.594316    0.992840      0.999042   34733.000000      8.446629
 6    -5.603033    0.999158      0.999766   53845.000000     15.493905
 7    -5.605125    0.999733      0.999939   111045.000000     40.652459
 8    -5.605165    0.999777      0.999942   130440.000000     49.960836
 9    -5.605222    0.999833      0.999947   155717.000000     64.864147
10    -5.605233    0.999828      0.999948   142981.000000     59.138037
5.287420    0.529097    
4.345438    5.584511    0.790322    0.426757    
3.182737    3.672196    4.590074    0.639447    0.540165    0.309915    
2.295838    3.598229    3.262789    3.939726    0.632172    0.524897    0.372100    0.213938    
1.745918    3.287172    3.083436    3.328165    4.032622    0.662432    0.509376    0.431444    0.330377    0.153583    
1.675404    3.207730    3.127848    3.311934    3.868065    5.117465    0.653055    0.514619    0.443401    0.349999    0.232639    0.073179    
1.469053    2.689823    2.667422    2.826786    3.214246    3.727735    4.871116    0.628600    0.459645    0.412944    0.365296    0.286368    0.180538    0.066701    
1.481881    2.719230    2.693623    2.849479    3.235194    3.730484    4.872871    6.129123    0.629919    0.463471    0.415270    0.365977    0.287424    0.182633    0.077005    0.006710    
1.491793    2.724813    2.694865    2.858437    3.246452    3.758276    4.907405    5.868134    6.273606    0.631132    0.463468    0.415689    0.366777    0.288309    0.183612    0.075278    0.000000    1.565429    
1.487883    2.710839    2.671029    2.850619    3.248924    3.767952    4.860293    3.773374    3.589395    6.033688    0.629330    0.460079    0.413843    0.367439    0.289693    0.185309    0.076522    0.005291    0.000000    1.565796    
