 7    -2.896476    3.250113    0.197859
-0.835604  0.665364  0.481271  -0.938764  -0.122347  -1.126123  -0.846273  -1.317148  -1.813608  -0.155595  0.611860  0.014949  0.795852  0.011985  0.922505  0.349768  0.002359  -0.999109  0.421646  -0.261758  0.127665  
-0.534592  -0.324203  0.375218  -0.359647  -0.379215  0.125999  -0.648371  
 1    -1.454656    0.402976      0.765428   3525.000000      0.500845
 2    -2.580941    0.731114      0.948665   6965.000000      1.149923
 3    -2.811706    0.856537      0.986209   11619.000000      2.124249
 4    -2.863486    0.895942      0.994633   19763.000000      4.175439
 5    -2.878291    0.925386      0.997041   30381.000000      7.360422
 6    -2.888381    0.980203      0.998683   45079.000000     12.414521
 7    -2.894020    0.995662      0.999600   69302.000000     22.885626
 8    -2.894048    0.998499      0.999605   90210.000000     33.688166
 9    -2.894356    0.999029      0.999655   145145.000000     61.594000
10    -2.896380    0.999951      0.999984   224429.000000    108.771000
2.426622    0.562090    
2.158629    2.624660    0.771741    0.421364    
1.525234    1.853698    2.183982    0.643471    0.520179    0.276370    
1.117260    1.733112    1.632214    1.927060    0.623885    0.511624    0.358932    0.187273    
0.901733    1.581172    1.487862    1.629869    2.058568    0.638551    0.493660    0.402338    0.308670    0.132538    
0.856969    1.614506    1.544051    1.663241    2.030181    2.674459    0.636751    0.510392    0.414804    0.323145    0.215743    0.088447    
0.788648    1.491467    1.427961    1.522459    1.804079    2.127409    2.434476    0.639359    0.487160    0.410752    0.345515    0.262939    0.174636    0.084902    
0.821299    1.541269    1.464899    1.608865    1.992887    2.796852    5.604239    2.787969    0.638849    0.488001    0.412697    0.319623    0.200455    0.100479    1.474364    1.511514    
0.808334    1.510286    1.461100    1.576142    1.919269    2.776711    5.825754    2.682621    5.324607    0.635797    0.486822    0.413934    0.322202    0.201882    0.081046    1.479414    1.486025    0.023283    
0.616376    1.180777    1.312231    1.365244    1.536303    1.782291    2.069630    2.495257    5.975842    3.015555    0.616465    0.471847    0.418349    0.373757    0.315217    0.234670    0.154126    0.088255    1.524523    1.547353    
