 7    -3.939823    3.968067    0.671047
-0.736260  0.440260  0.731900  0.254316  -1.807715  1.053235  -2.661686  -1.076339  0.484691  0.170791  0.129711  -0.386408  1.199626  -1.070269  -1.157811  -0.271514  -0.071525  -0.862646  -0.789977  0.300384  -0.166081  
-0.300000  1.000000  1.000000  1.000000  1.000000  1.000000  1.000000  
 1    -1.400848    0.017118      0.678931   3003.000000      0.428974
 2    -2.142496    0.003332      0.772717   5635.000000      0.950990
 3    -2.231156    0.000278      0.783929   9040.000000      1.633082
 4    -2.243266    0.000378      0.785460   12713.000000      2.522995
 5    -2.335327    0.000075      0.797102   19012.000000      4.199366
 6    -2.231159    0.001217      0.783929   23443.000000      5.765442
 7    -2.242289    0.002996      0.785337   31479.000000      8.502931
 8    -2.235678    0.001810      0.784501   40744.000000     12.989240
 9    -2.246627    0.001279      0.785885   54733.000000     20.092882
10    -2.343494    0.000042      0.798135   73944.000000     32.394083
0.425951    0.540705    
0.366216    0.438565    0.776034    0.423009    
0.341454    0.355101    0.790657    0.714099    0.424833    1.419502    
0.339704    0.348739    0.801689    1.523494    0.708083    0.426206    1.387863    1.524356    
0.132871    0.273624    0.239275    0.301406    0.827662    0.650787    0.489845    0.398508    0.284097    1.500496    
0.352843    0.379849    1.291705    4.390711    2.421421    1.458591    0.731809    0.441277    0.105610    0.069857    0.070356    0.054539    
0.354846    0.372498    1.287436    2.899713    3.320504    1.931912    0.940241    0.730457    0.434324    0.132607    1.488516    1.506396    0.112259    1.502397    
0.345071    0.394889    1.319292    4.376223    1.474374    2.297505    4.148846    4.006005    0.735341    0.465767    0.134802    0.082932    0.105068    0.028985    1.528224    1.546648    
0.345931    0.363817    2.212447    3.470760    5.539254    4.513403    2.480966    5.620190    5.371327    0.725511    0.463155    0.017963    0.114349    1.498121    0.051682    1.494007    0.031813    1.467919    
0.193264    0.281612    0.310576    0.845445    2.014719    1.018572    1.446899    5.520041    4.947539    3.366618    0.591564    0.521977    0.350826    1.409884    0.092151    1.494427    1.570796    1.534424    1.549165    0.027007    
