 7    -2.896476    3.250113    0.197859
-0.835604  0.665364  0.481271  -0.938764  -0.122347  -1.126123  -0.846273  -1.317148  -1.813608  -0.155595  0.611860  0.014949  0.795852  0.011985  0.922505  0.349768  0.002359  -0.999109  0.421646  -0.261758  0.127665  
-0.300000  1.000000  1.000000  1.000000  1.000000  1.000000  1.000000  
 1    -0.354417    0.011036      0.586428   2400.000000      0.379118
 2    -0.684277    0.004381      0.640093   5696.000000      1.027277
 3    -0.855985    0.015109      0.668029   9303.000000      2.191734
 4    -1.291862    0.001807      0.738942   13350.000000      2.826020
 5    -1.146348    0.009426      0.715268   18589.000000      4.032768
 6    -1.237667    0.021644      0.730125   25186.000000      5.951873
 7    -1.772223    0.024838      0.817093   30655.000000      8.098875
 8    -1.668959    0.001431      0.800293   43397.000000     13.332483
 9    -1.536801    0.076823      0.778792   52508.000000     17.966556
10    -1.942182    0.174374      0.844744   67622.000000     26.291012
1.066719    0.922480    
1.150486    0.998136    0.869347    0.385152    
1.245971    1.009784    5.976234    0.898148    0.386460    1.306522    
0.410105    0.871494    0.656479    1.064361    0.731633    0.942293    1.059606    0.162506    
0.741865    0.925889    6.283185    2.609222    2.195434    0.686072    1.159037    1.336362    0.298377    0.199163    
0.391806    0.911151    6.283185    1.484438    5.739581    3.502684    0.609970    1.087921    1.343388    0.158076    1.336514    0.163139    
0.364157    0.860707    0.611915    0.609142    5.268961    2.126276    5.107445    0.765552    0.889579    1.042389    1.407594    1.344354    1.409090    1.350341    
0.325823    0.902181    0.642829    2.362015    5.700341    0.286198    1.816936    1.524418    0.701690    0.919654    1.195205    0.263476    1.233364    0.239733    1.354869    0.126416    
1.390784    1.241346    5.846174    4.565213    4.445974    3.077499    2.995116    1.964991    1.280179    1.142987    0.325202    1.263212    0.243237    1.556694    0.369730    1.293691    1.408308    1.291271    
0.312133    0.836642    0.600401    2.506228    1.935170    3.620307    4.712497    0.419532    4.272170    0.241220    0.677588    0.872391    1.086866    0.130221    0.204942    1.328405    0.150793    1.428734    1.262631    0.254968    
