 7    -2.880991    2.040925    0.287152
-0.804458  0.320932  -0.025483  0.644324  -0.300797  0.389475  -0.107437  -0.479983  0.595036  -0.464668  0.667281  -0.806116  -1.196070  -0.405960  -0.182377  0.103193  -0.138422  0.705692  1.271795  -0.986747  -0.334835  
-0.276899  -0.225865  0.148029  -0.581222  0.209278  -0.154315  0.322607  
 1    -1.531578    0.359192      0.725836   3171.000000      0.485053
 2    -2.404068    0.751918      0.903102   6894.000000      1.111957
 3    -2.692566    0.869327      0.961717   12274.000000      2.196194
 4    -2.823884    0.948017      0.988397   20578.000000      4.166157
 5    -2.860416    0.979874      0.995820   31892.000000      7.488460
 6    -2.875442    0.995188      0.998873   46927.000000     12.663347
 7    -2.878203    0.997213      0.999434   79700.000000     26.598386
 8    -2.880552    0.999832      0.999911   112190.000000     41.628955
 9    -2.880856    0.999949      0.999973   158656.000000     67.766362
10    -2.880862    0.999952      0.999974   191404.000000     88.106119
5.412304    0.641865    
3.532615    4.497896    0.631862    0.394060    
2.993069    3.458867    4.365332    0.606597    0.465753    0.244281    
2.481221    3.351761    3.183601    4.318955    0.627922    0.483370    0.336816    0.209439    
1.769307    2.875784    3.030139    3.256932    3.912786    0.612202    0.473431    0.412376    0.274517    0.159696    
1.529390    2.801517    2.808447    2.872838    3.303876    3.854286    0.637682    0.474403    0.401065    0.324502    0.212774    0.100989    
1.414197    2.456343    2.597184    2.708689    2.958852    3.474673    3.860329    0.622746    0.451824    0.398110    0.340614    0.266360    0.160847    0.060385    
1.399484    2.474347    2.580266    2.725950    3.016463    3.493443    3.844550    4.657523    0.620028    0.453389    0.401658    0.349807    0.277751    0.200152    0.097723    0.041741    
1.073919    2.025474    2.429125    2.609869    2.817344    3.168459    3.560417    3.976598    4.397906    0.588422    0.458714    0.414189    0.372335    0.323808    0.250155    0.175816    0.084360    0.036360    
1.012723    1.942803    2.401628    2.583928    2.780226    3.107087    3.478921    3.712940    3.319541    2.219011    0.579118    0.459107    0.415073    0.373891    0.326727    0.254967    0.180294    0.087921    0.026244    0.022857    
