 7    -3.049421    2.781110    0.392152
0.222694  0.208597  0.246924  0.946107  -0.909334  0.788368  -0.080894  1.422173  0.389988  0.123607  -1.079835  -0.395403  -0.699981  0.098276  0.313446  -0.796713  -0.589850  0.162628  -1.607047  -0.144173  0.291914  
-0.300000  1.000000  1.000000  1.000000  1.000000  1.000000  1.000000  
 1    -0.685561    0.003104      0.594572   3081.000000      0.442416
 2    -1.143503    0.000081      0.673114   6187.000000      1.036110
 3    -1.259377    0.000685      0.692988   8990.000000      1.612179
 4    -1.354935    0.001449      0.709377   13434.000000      2.637270
 5    -1.435812    0.001258      0.723248   18310.000000      3.848627
 6    -1.469236    0.007192      0.728981   24141.000000      5.725158
 7    -1.487111    0.002857      0.732047   31304.000000      8.495705
 8    -1.531213    0.001885      0.739611   41472.000000     12.375726
 9    -1.636665    0.007730      0.757697   47896.000000     15.643509
10    -1.734000    0.032326      0.774391   59997.000000     22.716239
0.397486    0.552523    
0.358524    0.439905    0.772329    0.408261    
0.357813    0.405486    2.566868    0.749402    0.464718    1.399810    
0.350688    0.393443    2.622584    5.361098    0.732126    0.460609    1.390716    0.146707    
0.360672    0.389622    2.617349    5.449343    3.140464    0.747987    0.459831    1.396227    0.181208    0.137725    
0.370119    0.388976    2.603438    5.398135    1.721744    3.035271    0.745918    0.477159    1.426059    0.121830    1.418188    1.444991    
0.351342    0.387562    2.601958    3.921916    2.138283    4.187038    2.683240    0.738875    0.487216    1.350359    1.451313    1.467067    1.433851    0.098546    
0.359791    0.409861    2.548198    5.450744    0.916461    5.564651    3.142339    3.587228    0.757729    0.444603    1.463864    0.162175    1.426744    0.123840    0.188090    1.455164    
0.346161    0.340315    2.582152    4.480976    5.863198    3.068512    2.121565    6.283185    4.087424    0.717181    0.461669    1.350199    0.091084    1.402398    1.335640    1.467791    1.431385    1.444122    
0.392401    0.385470    2.567100    4.504668    2.605771    3.101942    3.116989    3.577339    5.965268    3.106740    0.776979    0.480952    1.389526    0.157010    1.363106    1.283822    1.421778    0.096793    1.405769    1.380559    
