 7    -3.236390    4.724244    0.334989
-1.789561  -0.620432  -1.171035  0.148565  0.893654  -1.575155  -0.288518  -0.152455  -0.774642  -0.676979  1.407445  0.790398  -1.298069  -1.898607  -0.394314  -0.811435  0.276450  0.234359  -0.670887  0.533213  -0.724677  
0.326426  0.252098  0.279139  0.185692  0.285454  0.272966  0.181560  
 1    -1.839141    0.438792      0.824480   2796.000000      0.411240
 2    -2.806387    0.792256      0.945984   6530.000000      1.051557
 3    -3.137434    0.936252      0.987569   11971.000000      2.124488
 4    -3.209520    0.971238      0.996625   19605.000000      3.948418
 5    -3.226904    0.984721      0.998808   31053.000000      7.287797
 6    -3.234043    0.998526      0.999705   51901.000000     14.768168
 7    -3.235927    0.999702      0.999942   99476.000000     35.460882
 8    -3.235987    0.999817      0.999949   125302.000000     47.510433
 9    -3.236227    0.999900      0.999980   146392.000000     59.719543
10    -3.236025    0.999845      0.999954   149241.000000     61.211637
5.561575    0.536929    
4.745667    5.862153    0.772322    0.411564    
3.501324    4.112786    4.898438    0.648781    0.526899    0.288867    
2.551335    3.833293    3.642033    4.286171    0.620071    0.514882    0.369314    0.196886    
1.879774    3.536039    3.376517    3.615228    4.400391    0.649829    0.503883    0.424485    0.322393    0.147723    
1.825994    3.477333    3.403986    3.612027    4.251304    5.600704    0.644593    0.507964    0.434456    0.340726    0.226178    0.073555    
1.603262    2.966224    2.943301    3.097971    3.541889    4.126041    5.332217    0.627251    0.460732    0.408394    0.357255    0.278001    0.175359    0.066756    
1.555325    2.866442    2.920268    3.105457    3.504512    4.012737    4.774448    4.777111    0.624202    0.459545    0.413796    0.368414    0.293680    0.194655    0.091858    0.021520    
1.229313    2.330011    2.772670    2.903678    3.185974    3.586076    4.115821    4.960059    5.673818    0.594073    0.458019    0.417547    0.381909    0.333227    0.258948    0.171412    0.088004    0.019125    
1.608009    2.959569    2.945504    3.119264    3.556381    4.123016    5.261680    6.067165    4.408825    4.807659    0.628134    0.461714    0.410706    0.361875    0.283693    0.181593    0.074341    0.000000    1.563315    1.564774    
