 7    -3.499455    3.131583    0.339769
0.127319  -0.882520  0.047507  0.623834  -1.852717  -1.683985  -0.291250  -0.089777  -0.375991  -0.228138  -0.523171  0.493229  0.219159  -0.422662  0.446305  0.129420  -0.183992  0.532464  1.174072  1.075326  -0.561457  
0.641955  0.032450  0.225567  -0.141657  -0.675000  0.301811  0.374248  
 1    -1.853417    0.233873      0.751768   3270.000000      0.458721
 2    -2.961322    0.457726      0.918846   6894.000000      1.115320
 3    -3.210794    0.553262      0.956468   11457.000000      2.097838
 4    -3.323909    0.634479      0.973527   18852.000000      3.816761
 5    -3.368561    0.665095      0.980260   27242.000000      6.424473
 6    -3.386882    0.692681      0.983023   42356.000000     11.230051
 7    -3.407544    0.750900      0.986139   58648.000000     17.443763
 8    -3.429853    0.834952      0.989504   79675.000000     26.775738
 9    -3.451321    0.923958      0.992741   111367.000000     42.874504
10    -3.475027    0.981990      0.996316   160332.000000     70.550511
2.767185    0.566029    
2.267605    2.645409    0.632924    0.347483    
1.735107    2.213652    2.484024    0.594014    0.437526    0.214551    
1.600299    2.191653    2.313054    2.771123    0.626115    0.474532    0.319024    0.142134    
1.195989    1.886247    2.052883    2.336333    2.660004    0.586982    0.466013    0.385873    0.244029    0.105980    
1.011732    1.853754    1.943162    2.096894    2.411529    2.773746    0.629670    0.471444    0.398674    0.304228    0.184555    0.077338    
1.067619    1.871383    1.986377    2.170620    2.499715    2.815953    3.166139    0.616585    0.480974    0.406152    0.302751    0.219236    0.132142    0.066212    
1.162401    2.009742    2.116707    2.392002    2.661731    3.176742    3.100679    3.436956    0.609669    0.485830    0.396705    0.284627    0.199890    0.148563    0.119483    0.075538    
1.326882    2.047928    2.168276    2.581739    3.000189    3.451972    3.463234    3.082387    3.517121    0.601461    0.479738    0.376731    0.245861    0.136414    0.130596    0.128875    0.121024    0.081656    
1.281125    2.021080    2.168735    2.577694    3.030968    4.337022    3.390763    3.225885    3.041833    3.188960    0.600452    0.480972    0.374514    0.228423    0.087573    0.072628    0.118813    0.153147    0.140764    0.082250    
