 7    -2.677678    3.908884    0.222860
0.277660  1.805239  -0.840097  -0.895218  0.561813  -0.478703  0.312600  -1.203183  -1.609399  -0.798519  -0.206177  -0.118149  0.223079  0.612972  1.086046  0.936871  -0.778794  1.019699  0.968641  1.117000  -0.644645  
-0.300000  1.000000  1.000000  1.000000  1.000000  1.000000  1.000000  
 1    -0.477481    0.008200      0.665957   3729.000000      0.525883
 2    -0.605534    0.037559      0.685398   6499.000000      1.055791
 3    -0.815148    0.028512      0.717223   10026.000000      1.789174
 4    -1.055814    0.017740      0.753762   14264.000000      2.771795
 5    -1.002771    0.015545      0.745708   18870.000000      4.040191
 6    -1.250260    0.024197      0.783283   26905.000000      6.544920
 7    -1.386906    0.126500      0.804029   33189.000000      9.103647
 8    -1.328616    0.142087      0.795180   43306.000000     13.152310
 9    -1.467246    0.037656      0.816227   52744.000000     18.116531
10    -1.607380    0.225612      0.837503   66547.000000     26.859052
5.097656    1.146770    
5.227793    0.427784    1.036688    0.327426    
5.048605    2.935967    4.541855    0.959176    0.175128    1.185795    
5.394728    5.842362    5.005370    3.918443    0.986821    0.513427    0.614070    1.389751    
4.987685    2.845081    4.677527    4.541033    2.858910    0.902418    0.349658    1.285973    1.318462    1.375371    
5.030574    4.993442    3.897280    2.431948    5.355671    5.720216    1.309087    0.134307    0.327693    0.431020    1.570796    0.436308    
5.123558    1.353237    4.361663    2.803783    4.357487    1.324608    0.518502    1.292196    0.349831    0.495135    1.029131    0.545774    0.583804    1.274298    
3.588131    2.558227    2.644337    4.424081    3.304236    4.191911    1.898510    5.730001    1.361598    0.411488    0.470146    1.215852    0.289455    0.303147    0.193979    0.151155    
5.036728    1.598027    4.221139    2.723089    5.194321    1.219006    1.077385    0.767054    5.984006    1.137064    0.558874    0.372570    1.304595    1.430142    0.338400    0.899885    1.359602    0.128861    
5.332248    1.394866    4.448214    5.004938    4.027761    3.337328    1.158512    1.326413    1.306600    4.667211    1.049663    0.076977    0.380555    0.513284    1.351069    1.278936    0.236067    0.151522    0.132868    1.508820    
