 7    -4.596573    3.273347    0.737414
0.441145  -0.576500  -1.269955  -2.450535  1.899251  -0.074970  -0.255748  -0.274553  -0.856710  0.858997  0.574482  0.136117  -0.110739  0.963468  0.789986  -0.354507  0.655454  -1.442845  0.516226  1.165711  -0.683643  
-0.362649  -0.122849  -0.182294  0.799962  -0.208719  0.250762  0.189912  
 1    -2.416101    0.242982      0.722936   3447.000000      0.483171
 2    -3.101815    0.078021      0.810067   7417.000000      1.260118
 3    -3.760183    0.238397      0.893723   12878.000000      2.312846
 4    -4.006610    0.591430      0.925036   18959.000000      3.835063
 5    -4.221715    0.839438      0.952368   28135.000000      6.348866
 6    -4.341724    0.921913      0.967617   44915.000000     12.327332
 7    -4.351319    0.926133      0.968837   66516.000000     21.233926
 8    -4.371732    0.920285      0.971430   100124.000000     37.248335
 9    -4.399515    0.941778      0.974961   155421.000000     66.817451
10    -4.486199    0.967336      0.985975   237002.000000    112.044262
4.920329    0.765481    
2.484601    3.476934    0.519011    0.464653    
2.624690    2.764643    4.718323    0.599989    0.522752    0.294752    
2.203271    2.892584    5.468104    1.721937    0.547058    0.568203    0.553226    1.236803    
2.231361    2.939347    5.609050    2.109663    2.990181    0.592148    0.554228    0.581043    1.078889    0.195110    
2.504779    2.654144    4.902312    1.750261    3.525921    2.179917    0.541754    0.516327    0.526508    1.247572    0.362034    1.268111    
2.493765    2.675628    4.865276    1.848696    3.440080    2.321335    6.283185    0.541725    0.518097    0.507595    1.270377    0.301819    1.251550    0.072415    
2.555606    2.612931    4.667692    1.749004    3.612684    2.009735    6.267740    5.363247    0.533791    0.510015    0.456899    1.334957    0.306652    1.206840    0.000000    0.090387    
2.509078    2.619067    4.585349    1.667307    3.683051    2.162355    6.256383    5.389536    6.283185    0.533881    0.503248    0.461402    1.319024    0.282532    1.238813    0.000955    0.163043    1.484048    
2.120849    2.505607    2.546021    1.107762    4.093152    4.220136    2.466041    3.068069    2.139301    2.384990    0.553973    0.449139    0.331324    1.570796    0.299969    1.219683    0.456638    1.022430    0.496117    1.350656    
