 7    -5.012984    3.584593    1.163413
1.044560  -1.449536  0.588023  1.842537  1.549008  -0.023531  -0.878637  1.253610  1.377716  0.376270  -0.124098  0.904463  -0.398546  0.898816  -0.822881  -1.367960  -0.748894  0.512918  0.068307  0.592726  -0.537103  
-0.300000  1.000000  1.000000  1.000000  1.000000  1.000000  1.000000  
 1    -0.517109    0.016200      0.477077   2919.000000      0.418232
 2    -0.723463    0.028781      0.501078   5741.000000      0.950590
 3    -0.878953    0.017681      0.519163   9873.000000      1.781276
 4    -1.058298    0.087097      0.540023   14505.000000      2.867543
 5    -1.398578    0.261460      0.579602   19329.000000      4.236525
 6    -1.630686    0.118941      0.606599   26867.000000      6.690397
 7    -1.718439    0.191213      0.616805   32981.000000      8.898041
 8    -1.992308    0.132768      0.648660   42312.000000     12.774896
 9    -2.243934    0.269516      0.677927   55611.000000     19.239358
10    -2.203090    0.350848      0.673176   73353.000000     30.853573
1.825900    0.843624    
1.678870    2.962913    0.764927    0.474307    
1.924027    1.367647    3.008333    0.949955    1.137909    1.286436    
1.713775    3.725144    3.108953    4.854024    0.734276    1.476525    0.081322    1.240896    
1.875349    3.710659    1.771314    1.866888    3.706512    0.152497    1.224436    0.708520    0.361002    1.224787    
1.547576    3.683082    3.618488    2.952701    6.283185    4.481341    0.460058    1.318488    0.425618    1.282900    1.452978    1.159974    
1.939347    2.945923    1.408927    1.378028    5.077604    4.881273    1.025298    0.571477    0.338171    1.114949    1.118594    0.238434    0.188078    0.218700    
1.878868    2.778105    1.560123    1.407478    1.905637    3.509386    5.469740    5.879182    0.718718    0.535076    1.184157    1.216169    1.096195    0.225083    1.335712    0.222939    
2.528588    1.562892    3.006749    5.054028    1.481371    2.714322    5.629956    3.383594    4.815930    1.063612    1.015056    1.252569    1.478530    1.222776    1.432897    0.280627    1.328913    0.180060    
1.647814    3.233901    3.068937    5.279935    6.113787    5.044583    4.715468    6.100854    1.625734    3.612284    0.982772    1.432710    0.184879    1.234862    0.106245    1.508088    0.337379    0.471414    0.154120    0.173074    
