 7    -4.383637    3.840765    0.164226
0.286737  -1.614226  -2.273977  -0.592228  0.483037  0.143706  -2.061878  -0.378867  -1.044350  -0.467956  -1.944020  -0.360842  -0.845624  -0.393506  -0.128412  1.699103  -0.205102  -1.353236  0.078569  -0.912648  0.287707  
-0.470058  -0.347124  -0.447701  -0.397879  -0.259238  -0.007605  -0.667185  
 1    -2.292479    0.275181      0.745737   3600.000000      0.515011
 2    -3.988038    0.473132      0.951899   6824.000000      1.113855
 3    -4.240864    0.515985      0.982640   11867.000000      2.106969
 4    -4.200461    0.437147      0.977728   18297.000000      3.593174
 5    -4.221703    0.576731      0.980311   26052.000000      5.879160
 6    -4.226788    0.573124      0.980929   38656.000000     10.254033
 7    -4.307131    0.576754      0.990698   55746.000000     17.062434
 8    -4.264115    0.749437      0.985467   71854.000000     24.750540
 9    -4.323065    0.768206      0.992635   124086.000000     51.824039
10    -4.299255    0.803891      0.989740   162727.000000     76.604432
2.418459    0.564867    
2.271431    2.656030    0.757667    0.402596    
1.534525    1.866501    2.218512    0.623105    0.496895    0.257580    
1.903659    2.123086    5.034567    3.038016    0.673278    0.443422    1.276941    1.404560    
1.966112    2.127904    5.186699    6.030576    2.981743    0.666894    0.454358    1.304774    0.249994    0.132893    
1.955407    2.109807    5.149185    5.931162    2.760091    5.163645    0.668121    0.451742    1.302311    0.262514    0.169933    1.527772    
0.902617    1.634830    1.614273    1.995146    5.621911    6.283185    3.197228    0.641245    0.491166    0.406966    0.306914    1.436695    0.128814    0.083171    
1.944917    2.165271    5.316340    6.283185    6.258711    5.986209    2.809156    2.619989    0.662952    0.468853    1.290783    0.253833    1.357973    0.259490    0.244479    0.108556    
1.365632    1.715716    2.077157    4.254328    5.836062    6.122292    5.924865    2.664015    2.525276    0.577778    0.515967    0.278569    1.437960    0.178644    1.368980    0.259474    0.255858    0.130621    
1.898391    2.204994    5.349134    5.985678    5.572465    2.657670    5.390082    2.767860    2.599627    2.861005    0.673258    0.462049    1.299482    0.236196    1.337707    1.344769    0.253686    0.295663    0.253387    0.132094    
