 7    -3.197994    3.531777    0.108203
1.857565  -0.203968  0.711019  -0.958718  0.636314  0.984796  0.976736  -0.773217  -0.776050  -1.071380  -0.238518  -0.933245  -0.167597  -1.889870  0.563232  -1.514799  -0.558354  0.092131  0.432031  0.517837  -0.093025  
-0.300000  1.000000  1.000000  1.000000  1.000000  1.000000  1.000000  
 1    -1.254027    0.364705      0.711139   2799.000000      0.401248
 2    -2.368267    0.666916      0.876708   5682.000000      0.944241
 3    -2.561859    0.735917      0.905475   9373.000000      1.664442
 4    -2.847699    0.842664      0.947949   12670.000000      2.518572
 5    -2.863442    0.825019      0.950288   17015.000000      3.632355
 6    -2.974199    0.866044      0.966746   21432.000000      5.058857
 7    -2.081570    0.610098      0.834107   29508.000000      8.088916
 8    -2.979960    0.930251      0.967602   39207.000000     11.992846
 9    -2.984884    0.896536      0.968333   52456.000000     18.852118
10    -3.025083    0.914683      0.974307   65999.000000     26.967586
0.396408    0.571422    
0.356388    0.437294    0.766086    0.423881    
0.352676    0.402847    6.057779    0.753048    0.434779    1.420894    
0.356043    0.426936    3.888960    0.475820    0.762889    0.417691    0.207760    0.210969    
0.354345    0.394070    2.640552    1.960766    3.234805    0.743141    0.463929    1.395477    0.120619    0.118492    
0.346898    0.392871    2.654224    3.419548    1.217968    0.566521    0.733424    0.444827    1.470583    1.447998    0.100478    0.182030    
0.396787    1.309268    5.033077    2.272494    5.367981    4.107507    0.506134    0.649373    0.203676    1.415325    1.382462    0.142070    0.178587    0.107968    
0.356806    0.387080    6.129151    5.419282    5.888677    3.847731    3.897837    5.723861    0.753662    0.431232    1.446416    0.131138    0.120347    0.119347    0.126650    0.078721    
0.347218    0.419223    6.090880    3.452826    1.045769    2.094266    0.505525    5.794322    3.022637    0.763553    0.420007    1.490083    1.545414    0.094879    1.411659    1.343822    1.498826    1.526066    
0.355422    0.422976    5.661880    0.435842    0.745212    0.639753    4.035290    4.311835    2.649079    5.907773    0.758171    0.417926    1.460608    1.391726    0.090762    0.066126    0.113677    1.500950    0.072798    0.059968    
