 7    -5.659861    4.232764    1.197079
0.955418  0.440712  -0.478419  -0.682530  -0.793871  0.427983  -0.773764  2.050114  -0.211533  1.453954  -0.061595  1.474451  0.824645  0.581223  -1.225692  -2.162298  -0.516786  2.092389  0.053569  -0.047480  -1.708678  
-0.300000  1.000000  1.000000  1.000000  1.000000  1.000000  1.000000  
 1    -0.636669    0.001931      0.492229   3096.000000      0.441218
 2    -0.814748    0.003942      0.510230   6107.000000      1.026963
 3    -1.224791    0.040414      0.551679   10533.000000      1.898943
 4    -1.557175    0.030119      0.585278   14489.000000      2.788127
 5    -1.732810    0.007708      0.603033   19769.000000      4.233552
 6    -2.044778    0.106229      0.634568   25704.000000      6.073798
 7    -2.125390    0.114912      0.642717   33646.000000      8.963043
 8    -2.667272    0.357707      0.697493   41430.000000     12.516203
 9    -2.751605    0.165881      0.706018   50917.000000     17.235471
10    -2.751867    0.329408      0.706044   64977.000000     25.085787
5.272040    1.035611    
5.329411    3.509284    1.054222    0.267229    
5.321709    3.590926    5.059691    1.088834    0.197725    0.350716    
5.266913    3.540881    5.154471    1.758563    1.083729    0.204545    0.366196    1.334256    
5.326707    3.320803    5.318933    1.712605    5.767691    1.157055    0.135931    0.408289    1.299732    1.326696    
5.405535    3.724454    4.911243    4.499421    3.821036    5.077827    1.231108    0.199120    0.435906    0.272374    0.179489    0.265360    
5.396010    3.649452    5.005442    4.395515    3.552684    5.303983    2.460000    1.154092    0.207769    0.409222    0.286304    0.121061    0.319545    0.106553    
5.356613    3.710092    4.955250    4.436491    3.357456    5.489647    2.529132    4.962772    1.161358    0.186644    0.425475    0.271088    0.156800    0.310043    0.192220    1.315843    
5.636715    3.631231    4.922072    1.779475    5.064913    2.485896    4.890552    4.452168    2.090617    0.683638    0.096237    0.358446    1.227795    0.575410    0.256388    1.170316    0.267563    1.402509    
5.366328    3.285016    5.306062    1.736495    5.740347    2.792862    2.277737    3.839520    3.087460    3.350126    1.171717    0.063496    0.568999    1.290769    1.108148    1.368945    0.403007    1.420769    0.094578    1.299756    
