 7    -4.383977    3.452643    0.520202
0.238444  0.083739  -0.285309  0.820320  2.772535  1.922071  0.717749  0.194126  -1.362224  1.075911  0.656403  0.149734  0.320614  0.914567  -1.547847  2.150050  0.871377  -0.892210  0.312259  0.446726  -0.424200  
0.155433  0.122658  -0.097635  -0.799994  0.099544  -0.116621  -0.168818  
 1    -2.028478    0.292142      0.699424   2952.000000      0.413183
 2    -3.676577    0.787156      0.909731   7362.000000      1.242758
 3    -4.002716    0.920418      0.951349   12699.000000      2.345996
 4    -4.193296    0.935637      0.975668   18759.000000      3.717044
 5    -4.339283    0.988083      0.994297   30006.000000      7.144867
 6    -4.375831    0.997781      0.998961   51242.000000     14.888258
 7    -4.383116    0.999694      0.999890   81520.000000     27.228562
 8    -4.383701    0.999899      0.999965   140273.000000     54.710739
 9    -4.383855    0.999958      0.999984   196097.000000     83.456113
10    -4.383862    0.999959      0.999985   219817.000000     96.161408
6.283185    0.654438    
5.425877    5.964177    0.404760    0.456542    
3.893353    5.556145    4.545595    0.418699    0.366701    0.235100    
3.655444    5.140322    5.024307    6.283185    0.600778    0.444770    0.236304    0.245418    
3.354804    4.407903    4.456690    5.895531    4.918645    0.572318    0.443104    0.324890    0.196377    0.184956    
2.345354    4.102409    4.262197    4.664007    5.428820    5.169840    0.563299    0.439315    0.370897    0.271881    0.177108    0.127924    
2.131322    3.634956    3.997624    4.406839    4.646421    5.621243    5.386813    0.586148    0.418201    0.367874    0.315379    0.251514    0.131007    0.095681    
2.047958    3.657369    4.040796    4.403319    4.704031    5.364160    5.643783    6.283185    0.585879    0.430574    0.380891    0.327176    0.266218    0.191006    0.094660    0.058428    
2.014921    3.550799    3.934977    4.292403    4.577882    5.242788    5.454374    6.282992    5.812157    0.583277    0.420559    0.375110    0.326459    0.273887    0.196174    0.138139    0.053306    0.038219    
1.977576    3.456139    3.829033    4.174123    4.472864    5.061790    5.358368    5.966025    5.832673    3.879789    0.577804    0.414124    0.369861    0.322846    0.276590    0.197309    0.145565    0.054888    0.042424    0.000762    
