 7    -3.505512    2.951518    0.153315
-1.945109  0.620710  -0.432221  0.462573  0.020115  -0.392806  2.213288  1.454509  -1.097804  0.429880  0.343355  0.253077  0.832716  0.277569  -0.227005  0.024562  -1.309637  -0.479140  0.549007  -0.083391  0.370486  
-0.300000  1.000000  1.000000  1.000000  1.000000  1.000000  1.000000  
 1    -0.441494    0.006234      0.525476   2994.000000      0.427389
 2    -0.837524    0.081428      0.586809   6145.000000      1.029934
 3    -0.951461    0.094196      0.604454   9384.000000      1.715220
 4    -1.070979    0.137499      0.622964   13595.000000      2.701268
 5    -1.295848    0.144907      0.657789   19669.000000      4.175704
 6    -1.521597    0.293925      0.692751   25898.000000      6.118667
 7    -1.492661    0.239086      0.688270   32899.000000      8.656812
 8    -1.584835    0.244215      0.702545   43015.000000     12.946475
 9    -1.821280    0.387256      0.739163   53121.000000     18.058543
10    -1.913885    0.413697      0.753505   66395.000000     26.135069
0.330749    1.276205    
5.609264    6.163441    0.981907    0.466139    
0.218734    5.530355    6.108232    1.211607    1.160831    0.377641    
5.603625    6.142344    5.936504    2.392907    0.924372    0.444116    0.192666    0.203779    
5.578182    6.283185    3.117627    3.894628    3.897898    1.014592    0.303049    0.386444    1.359601    1.446029    
5.562215    6.283185    3.248396    3.632794    2.134351    4.484915    1.091052    0.213706    0.378112    1.443787    0.293333    1.346714    
0.388817    5.707580    6.137445    3.174888    3.412983    1.727679    4.864977    1.294483    1.038773    0.383725    0.165034    1.444270    0.265461    1.386229    
0.438599    5.649267    0.651903    4.201879    1.233412    2.683181    5.381776    4.796488    1.356533    1.070322    1.570796    0.119479    0.395706    0.074489    0.354302    1.322417    
5.624282    6.283185    3.309788    5.750550    4.740013    4.272489    4.348359    4.369522    5.712538    1.155272    0.145643    0.466150    0.359374    1.366480    1.521771    1.350029    0.095446    0.110543    
0.289154    5.334113    0.262590    6.127313    3.230318    2.958837    2.812422    4.705860    2.313581    6.283185    0.128360    1.286911    1.429236    0.205533    0.523114    1.570796    0.293657    1.360333    0.121321    1.318750    
