 7    -3.532716    3.887548    0.122180
1.388700  1.788755  0.578529  -1.270554  -1.258753  -0.139977  -0.346450  -1.133400  0.839501  -1.195614  -0.891264  0.056036  -0.382613  -1.776864  -0.436097  0.527447  -0.499284  0.978743  -0.462637  -0.235565  0.134705  
0.692857  -0.487042  -0.590171  -0.488397  0.415019  -0.623277  0.325782  
 1    -1.954495    0.429441      0.787309   4449.000000      0.606467
 2    -3.126145    0.772037      0.945208   7963.000000      1.253009
 3    -3.277709    0.762367      0.965634   11604.000000      1.982038
 4    -3.472205    0.906212      0.991845   17242.000000      3.285553
 5    -3.453239    0.901850      0.989289   24023.000000      5.183074
 6    -3.482941    0.919504      0.993292   33518.000000      8.280308
 7    -3.326383    0.737675      0.972193   42772.000000     12.198879
 8    -3.486327    0.925189      0.993748   58714.000000     19.240702
 9    -3.496784    0.975311      0.995158   90947.000000     35.611080
10    -3.389904    0.909828      0.980754   109925.000000     47.410106
1.327036    0.559244    
1.153496    1.397917    0.764685    0.402246    
1.110769    1.223150    2.595816    0.734482    0.445636    1.426279    
0.744721    0.948981    1.091794    2.639911    0.619910    0.528849    0.346295    1.476765    
0.809956    0.959948    1.140344    4.193883    5.733855    0.631516    0.520036    0.319910    0.059353    1.556656    
0.735165    0.936186    1.080910    2.650474    6.081989    4.740009    0.613442    0.526756    0.356312    1.453843    0.041347    0.031312    
1.092568    1.241750    2.685653    4.870102    2.048967    3.422703    6.124900    0.735496    0.483650    1.350336    1.442783    1.457118    0.074269    1.549747    
0.729064    0.941192    1.072786    2.643968    6.123701    4.747011    5.594862    4.915210    0.614553    0.527751    0.357422    1.445166    0.036005    0.033910    1.570796    0.019472    
0.713693    0.972504    1.089567    2.792346    4.207650    6.283185    6.283185    4.541769    5.798226    0.625048    0.542624    0.372782    1.497647    0.043424    1.560994    0.079816    0.059914    0.022635    
1.057645    1.149517    2.444393    1.430019    3.174131    3.317892    6.283185    2.779764    4.544751    1.647934    0.716625    0.450229    1.286467    1.366156    0.132148    1.470760    0.018338    0.059535    0.140005    0.095760    
