 7    -5.410322    3.216511    1.399735
-0.994205  -0.671251  -0.887883  0.195603  1.382997  0.888781  -0.060407  -0.573972  0.071070  -1.079800  1.842317  -1.375264  1.536962  1.111330  0.582643  0.988356  0.304395  -0.174480  0.961648  -1.968457  2.608949  
-0.247200  -0.194955  -0.212941  -0.178168  0.172090  -0.815586  0.168509  
 1    -3.078375    0.355280      0.729687   3264.000000      0.453650
 2    -4.311733    0.728117      0.872654   7027.000000      1.127648
 3    -4.838035    0.845590      0.933662   11693.000000      2.085572
 4    -5.241792    0.948994      0.980464   18672.000000      3.691833
 5    -5.357696    0.985125      0.993900   29655.000000      6.752891
 6    -5.400342    0.997639      0.998843   44085.000000     11.648618
 7    -5.407282    0.999262      0.999648   67646.000000     21.684218
 8    -5.408417    0.999511      0.999779   133240.000000     53.409920
 9    -5.409404    0.999771      0.999894   179548.000000     79.281466
10    -5.409999    0.999923      0.999963   234665.000000    114.158033
5.472456    0.637495    
3.037397    3.954092    0.509280    0.405252    
2.409483    3.369128    3.923578    0.577188    0.423095    0.264375    
2.207301    3.198595    3.131724    4.061732    0.614120    0.488704    0.302820    0.231690    
1.730133    2.785094    2.848708    3.293341    3.530118    0.589301    0.463829    0.392551    0.238897    0.166497    
1.405067    2.662300    2.686542    2.795746    3.244940    3.503551    0.617768    0.463085    0.397248    0.319973    0.193554    0.122063    
1.220286    2.227514    2.383455    2.546340    2.746936    3.314603    3.292773    0.598735    0.430005    0.386254    0.338799    0.263865    0.162656    0.086733    
0.962514    1.935863    2.278506    2.444665    2.617960    2.892937    3.321343    3.349439    0.585309    0.450121    0.398465    0.353940    0.305824    0.225813    0.137443    0.061174    
0.928686    1.971889    2.315034    2.485516    2.650247    2.941085    3.315322    3.497022    4.255842    0.602596    0.470627    0.409321    0.365706    0.319979    0.247134    0.178506    0.082436    0.032783    
0.819292    1.776276    2.097610    2.355430    2.536235    2.754222    3.029674    3.354447    3.610250    4.051926    0.616889    0.475210    0.416968    0.378678    0.344727    0.298810    0.229474    0.164763    0.073222    0.034274    
