 7    -3.406999    3.024594    0.301861
1.011944  0.346745  -0.230357  -0.433349  -0.627075  0.791468  -0.598915  -0.869797  -0.788798  -0.724587  -0.092965  -1.456969  0.201143  -0.592222  0.822629  -1.629775  1.174757  2.386508  -0.728570  -0.271611  -1.366432  
-0.300000  1.000000  1.000000  1.000000  1.000000  1.000000  1.000000  
 1    -1.344746    0.048597      0.679356   3252.000000      0.461344
 2    -1.432439    0.069194      0.692990   5991.000000      0.996729
 3    -1.639909    0.117456      0.725249   9475.000000      1.685267
 4    -1.672568    0.117655      0.730326   13433.000000      2.612533
 5    -1.722332    0.141334      0.738064   17236.000000      3.648503
 6    -1.943068    0.000546      0.772384   22486.000000      5.232914
 7    -1.911926    0.142691      0.767542   30509.000000      8.260599
 8    -1.914141    0.145785      0.767887   39369.000000     12.035625
 9    -1.997101    0.201813      0.780786   51499.000000     17.521106
10    -2.086954    0.252163      0.794756   61452.000000     23.664094
0.443057    0.517064    
0.443119    4.820045    0.461076    1.423564    
0.504193    1.017580    0.498566    0.587185    0.204672    0.222181    
0.509267    1.057982    0.451785    5.314633    0.602752    0.222816    0.208681    0.091373    
0.518255    1.054794    0.444900    3.916864    4.389164    0.610975    0.211960    0.187762    1.454442    0.093974    
0.395766    0.358359    2.668252    3.314789    3.706926    4.388332    0.721211    0.476998    1.435354    1.418044    0.000000    0.157785    
0.523508    1.063993    0.446270    4.656764    3.430412    1.329108    4.334479    0.637659    0.207310    0.124485    1.513642    0.106522    0.127632    0.185785    
0.527076    1.105908    0.344166    5.407652    4.064581    3.525305    0.860517    3.303234    0.624085    0.257256    0.138864    0.118082    0.114619    0.082134    0.133288    0.058087    
0.511619    0.967564    0.540289    3.787144    0.546914    5.840800    3.028471    2.333667    5.531573    0.563087    0.249222    0.231316    1.328352    1.402364    0.099082    0.168915    0.102020    0.128673    
0.452435    4.820529    2.786609    3.169357    2.918207    1.683684    1.983571    5.090528    1.178184    5.399409    0.514830    1.315113    0.278901    0.226348    0.083661    0.273357    0.196401    1.362652    0.134268    1.476177    
