 7    -3.451368    4.262257    0.109937
0.425188  -0.032820  0.989448  -1.579437  0.454097  0.217572  -1.497999  1.743353  -0.600091  -0.362574  1.672800  -0.356083  0.579311  -1.287199  -0.941917  1.686668  0.022534  0.530166  0.436340  -0.059709  0.772730  
-0.402570  0.158032  0.234017  0.315951  -0.304636  0.239570  -0.259744  
 1    -1.854661    0.444937      0.793002   3201.000000      0.456339
 2    -2.998722    0.813739      0.941319   7230.000000      1.227754
 3    -3.350810    0.958239      0.986964   12531.000000      2.318348
 4    -3.419574    0.983990      0.995878   20949.000000      4.349663
 5    -3.436420    0.994315      0.998062   32333.000000      7.821358
 6    -3.448920    0.998935      0.999683   62196.000000     19.106538
 7    -3.450663    0.999641      0.999909   119445.000000     42.685660
 8    -3.450835    0.999758      0.999931   149202.000000     56.525330
 9    -3.450871    0.999782      0.999936   171957.000000     67.987355
10    -3.450882    0.999782      0.999937   189730.000000     77.610907
5.200941    0.558564    
4.368299    5.366661    0.777295    0.421566    
3.396254    3.596382    4.277219    0.653468    0.493585    0.280364    
2.541699    3.196799    3.272055    3.846269    0.596347    0.488348    0.357209    0.181632    
2.393168    3.260072    3.215055    3.728370    5.012757    0.608165    0.499529    0.377088    0.261129    0.074648    
1.545458    3.030988    3.029978    3.243926    3.840717    5.069347    0.628211    0.505264    0.435863    0.340992    0.220853    0.070682    
1.352445    2.620779    2.641657    2.761470    3.136478    3.658774    4.775408    0.622740    0.465326    0.409755    0.357101    0.273046    0.169356    0.062741    
1.388818    2.667499    2.698271    2.847891    3.251285    3.763667    4.865330    6.037930    0.623989    0.471353    0.416992    0.363753    0.278985    0.175706    0.082716    0.013768    
1.375467    2.628049    2.694407    2.841759    3.227497    3.735593    4.830288    6.193442    5.605008    0.622886    0.470282    0.418431    0.365349    0.279662    0.175921    0.072619    0.000000    1.563996    
1.374710    2.632552    2.689875    2.842727    3.242758    3.755648    4.850713    6.251915    5.694697    2.963438    0.622225    0.470031    0.417599    0.365670    0.279680    0.174832    0.071907    0.000000    1.563939    1.570293    
