 7    -3.049421    2.781110    0.392152
0.222694  0.208597  0.246924  0.946107  -0.909334  0.788368  -0.080894  1.422173  0.389988  0.123607  -1.079835  -0.395403  -0.699981  0.098276  0.313446  -0.796713  -0.589850  0.162628  -1.607047  -0.144173  0.291914  
-0.053296  0.402119  -0.173859  -0.306695  -0.308626  -0.298757  0.245820  
 1    -1.633127    0.313797      0.757090   3057.000000      0.431580
 2    -2.666558    0.587845      0.934335   6906.000000      1.185206
 3    -2.884319    0.690179      0.971683   12407.000000      2.421114
 4    -2.928087    0.724687      0.979190   20451.000000      4.449806
 5    -2.955345    0.798971      0.983865   32195.000000      7.714576
 6    -2.994221    0.927802      0.990533   48497.000000     13.279686
 7    -3.026556    0.981179      0.996078   75417.000000     24.031422
 8    -3.040705    0.993182      0.998505   122961.000000     46.311939
 9    -3.047578    0.998844      0.999684   160653.000000     65.990500
10    -3.048946    0.999787      0.999918   246640.000000    116.490074
4.709629    0.547976    
4.361569    5.084250    0.750640    0.396251    
3.064504    3.774813    4.367407    0.639570    0.504872    0.253359    
2.443548    3.220058    3.289234    3.906035    0.591800    0.467887    0.337137    0.157518    
2.565557    3.335445    3.343449    3.984127    5.576166    0.609255    0.474390    0.339711    0.228212    0.088367    
2.990957    3.341307    3.663390    4.291430    6.283185    6.272330    0.602822    0.451764    0.305951    0.181537    0.178002    0.110481    
2.768733    3.223767    3.477841    4.213685    5.829350    4.829233    4.854983    0.585370    0.452806    0.301480    0.200296    0.190790    0.175305    0.117179    
1.807845    3.293532    3.226102    3.639800    4.752751    5.415951    5.112266    4.966245    0.604913    0.500715    0.371222    0.244713    0.155594    0.185468    0.179679    0.097820    
1.518097    3.014646    3.070857    3.342714    4.210606    5.520145    4.849594    4.713853    4.930488    0.615427    0.487951    0.409553    0.295292    0.186094    0.159975    0.170076    0.160338    0.072913    
1.376323    2.740280    2.967381    3.125013    3.734386    4.788735    5.154159    4.880701    4.726143    5.016873    0.625940    0.482055    0.422592    0.337068    0.241244    0.157792    0.163255    0.159324    0.124094    0.048405    
