 7    -3.532716    3.887548    0.122180
1.388700  1.788755  0.578529  -1.270554  -1.258753  -0.139977  -0.346450  -1.133400  0.839501  -1.195614  -0.891264  0.056036  -0.382613  -1.776864  -0.436097  0.527447  -0.499284  0.978743  -0.462637  -0.235565  0.134705  
-0.300000  1.000000  1.000000  1.000000  1.000000  1.000000  1.000000  
 1    -1.023545    0.009762      0.661849   3030.000000      0.433347
 2    -1.877142    0.002533      0.776885   5872.000000      0.990009
 3    -1.959044    0.001264      0.787922   8696.000000      1.582330
 4    -2.040116    0.002457      0.798848   12896.000000      2.530149
 5    -2.082647    0.000404      0.804580   17589.000000      3.833528
 6    -2.067202    0.004724      0.802498   24907.000000      6.121459
 7    -2.266893    0.022211      0.829410   29821.000000      8.151856
 8    -2.254788    0.042432      0.827779   38858.000000     11.940608
 9    -2.305347    0.007071      0.834592   51434.000000     18.311356
10    -2.400844    0.007035      0.847462   62819.000000     24.585494
0.408940    0.562487    
0.371138    0.437365    0.767432    0.434530    
0.350873    0.396354    1.317152    0.735646    0.484661    0.137140    
0.361004    0.386784    2.780343    3.418466    0.739280    0.484708    1.467187    1.432330    
0.362507    0.404745    6.283185    6.082374    5.514084    0.751049    0.462704    1.443959    1.473412    0.112269    
0.355427    0.400958    4.727975    4.403542    5.459606    5.489021    0.750742    0.448235    0.087515    1.419098    0.141528    1.491468    
0.336353    0.581209    0.861710    3.549398    2.544857    3.085576    4.743507    0.801458    0.322484    0.272700    0.154167    0.155138    1.474365    0.103521    
0.356171    0.398818    6.280813    6.006390    4.158759    2.734427    5.123697    6.053256    0.740635    0.442779    1.449806    1.372306    1.459679    1.443799    1.492683    1.467355    
0.365249    0.406369    6.283185    6.011803    4.197350    2.706891    5.611324    0.796439    2.603367    0.758339    0.438428    1.460422    1.411719    1.468241    1.431347    0.090515    0.100501    0.096284    
0.220726    0.298418    0.364386    4.186632    2.175032    4.726583    2.621560    4.215246    3.576667    5.539710    0.627156    0.531392    0.390507    0.110587    1.472415    0.145300    0.085907    0.119282    0.075309    1.491613    
