 7    -4.099110    2.988290    0.771802
0.993539  -0.758112  -0.351157  0.938245  -1.000467  -1.201973  2.034609  0.008307  0.258243  0.446007  -0.069812  -0.033584  -0.685347  1.140189  -1.653406  0.232497  -0.203918  -1.100841  1.758511  -0.430515  1.327838  
-0.300000  1.000000  1.000000  1.000000  1.000000  1.000000  1.000000  
 1    -0.437838    0.011783      0.483411   2943.000000      0.448683
 2    -0.740181    0.016349      0.526070   5560.000000      0.946122
 3    -0.930759    0.073433      0.552960   9651.000000      1.764450
 4    -1.362692    0.134306      0.613904   13674.000000      2.690169
 5    -1.427615    0.143408      0.623064   20076.000000      4.425003
 6    -1.634492    0.182509      0.652254   25673.000000      6.118287
 7    -1.680742    0.219666      0.658779   35431.000000      9.997829
 8    -1.920967    0.260406      0.692674   42278.000000     12.713956
 9    -1.960162    0.092847      0.698204   56836.000000     19.381171
10    -2.171973    0.388896      0.728090   71177.000000     27.395378
0.311221    1.263647    
5.561736    3.851630    0.105364    1.037853    
5.328310    3.093925    5.594281    0.392958    1.197417    0.355251    
5.663357    3.737266    3.715745    6.283185    0.080220    0.881325    1.225241    0.102211    
0.705155    5.238999    2.962176    6.165323    5.024961    1.342306    0.242576    1.045265    0.232529    1.098274    
5.320595    3.229489    5.595298    4.316650    6.148543    1.876018    0.357594    1.131223    0.383172    0.195416    1.204688    0.222963    
5.319321    3.241849    2.764624    2.723970    4.832594    5.793409    1.806871    0.345447    1.096529    1.450901    0.316516    0.089169    1.202027    0.194328    
5.341017    3.082523    5.618723    1.880458    3.625168    5.969403    4.801097    3.221924    0.445474    1.106842    0.723059    1.251302    0.260730    0.108768    0.187930    1.317841    
5.594445    3.282815    2.761062    1.535513    3.564620    2.275681    5.524275    2.428344    4.139641    0.280039    1.094402    1.276126    0.451256    0.328957    1.294935    0.000000    1.167261    0.344431    
0.490439    0.820913    3.422044    2.070038    0.777692    3.150358    2.622323    5.557133    2.336369    2.546481    1.283125    1.311926    1.377429    0.359696    0.520413    0.460405    1.241648    0.199637    1.432050    1.496453    
