 7    -3.156272    3.525364    0.138788
0.522022  0.069947  0.869230  0.424554  -0.220960  -0.632086  -0.455699  -0.681874  0.387163  -0.009748  -1.344962  -0.010275  0.704485  -1.958639  0.153709  1.233067  -0.504342  1.349764  0.731516  1.011621  -0.637194  
-0.300000  1.000000  1.000000  1.000000  1.000000  1.000000  1.000000  
 1    -0.400834    0.021016      0.587610   2721.000000      0.428734
 2    -0.609159    0.020337      0.618789   5653.000000      0.964703
 3    -0.828581    0.009799      0.651629   9784.000000      1.782553
 4    -0.981977    0.122596      0.674586   13486.000000      2.658955
 5    -1.221797    0.170145      0.710479   17913.000000      3.860817
 6    -1.306425    0.139893      0.723145   24215.000000      5.876913
 7    -1.406394    0.196679      0.738106   32808.000000      8.670293
 8    -1.528998    0.054603      0.756456   39388.000000     11.726005
 9    -1.609955    0.097642      0.768572   49474.000000     17.099357
10    -1.786155    0.393452      0.794943   58597.000000     22.278606
6.070574    0.788698    
5.970607    1.749607    0.777722    0.967204    
5.755312    1.608677    5.763098    0.856049    0.869912    0.317261    
5.887461    1.649459    2.555008    3.418348    0.875153    0.961130    0.195381    0.305171    
6.092287    0.698387    1.078285    3.828717    0.274838    0.739053    1.265844    1.078980    1.227048    0.370361    
6.001818    1.737515    2.380312    3.603777    6.116314    1.959299    1.011329    0.930489    0.354987    0.316192    0.000000    0.431989    
5.956185    1.705860    4.163659    2.492708    4.142204    2.773429    5.066071    0.874559    0.831489    0.493610    0.204246    1.360755    1.290209    0.163845    
5.617869    1.732209    5.598468    5.732102    2.236179    6.281206    2.520292    4.713624    0.900250    0.837225    0.254442    0.065047    1.288270    0.245395    1.202823    1.447109    
5.660404    1.749656    5.608046    5.785202    2.161504    6.271650    2.518100    1.893472    4.633637    0.867682    0.855589    0.252333    0.053756    1.259345    0.245227    1.220262    1.471043    1.437776    
5.918501    1.698293    5.294616    3.938759    2.982626    3.211986    5.000319    2.284408    2.495341    1.165302    0.829101    0.776170    0.292848    1.064758    1.210159    1.089099    1.231372    0.143036    1.355312    0.150244    
