 7    -5.334901    3.591506    1.645508
0.054388  0.066855  -0.313268  -0.714383  0.437518  -1.693630  -1.272009  -1.185710  -1.177596  0.719244  -0.728957  1.291943  0.025615  -2.176068  -0.111670  -1.228390  0.600072  -0.060992  1.393044  -0.406947  1.332656  
-0.130234  -0.095846  0.799999  -0.105366  -0.125539  0.142185  -0.170564  
 1    -2.487759    0.292403      0.681043   3054.000000      0.421021
 2    -4.453507    0.771882      0.901260   6835.000000      1.100982
 3    -4.857146    0.910001      0.946478   12232.000000      2.175408
 4    -5.102464    0.936093      0.973961   18019.000000      3.581589
 5    -5.271007    0.984656      0.992842   29368.000000      6.703122
 6    -5.321793    0.996513      0.998532   49558.000000     13.696627
 7    -5.331750    0.998880      0.999647   82276.000000     26.998340
 8    -5.333504    0.999555      0.999843   132525.000000     52.488649
 9    -5.334365    0.999845      0.999940   198250.000000     88.402396
10    -5.334693    0.999949      0.999977   303471.000000    149.416622
6.283185    0.650782    
5.283150    6.075218    0.409864    0.457659    
3.915407    5.524779    4.674340    0.432822    0.368422    0.235660    
3.600505    5.155437    5.021963    6.283185    0.601668    0.449409    0.248329    0.241834    
3.230023    4.426452    4.506327    5.704597    5.110455    0.576494    0.443765    0.339166    0.201560    0.183020    
2.342135    4.181144    4.308621    4.672514    5.373579    5.319791    0.580025    0.443533    0.374948    0.285606    0.174502    0.128465    
2.078380    3.626593    3.954609    4.329324    4.622994    5.567684    5.320461    0.584711    0.418488    0.371102    0.318499    0.249598    0.138902    0.092507    
2.001728    3.681062    4.018320    4.360233    4.688352    5.315191    5.613966    6.283185    0.589144    0.435159    0.386167    0.332021    0.267824    0.202101    0.096300    0.062667    
1.770079    3.288331    3.791606    4.183333    4.527723    5.080221    5.489412    5.991800    6.225847    0.572949    0.423314    0.385723    0.342455    0.294096    0.223560    0.166045    0.069097    0.051714    
1.411442    3.064887    3.609361    4.052375    4.362110    4.753074    5.246724    5.637768    6.008071    6.283185    0.601514    0.462787    0.404974    0.366070    0.324645    0.276206    0.207191    0.155542    0.061926    0.046751    
