 7    -4.485581    5.798879    0.777322
0.363580  1.314545  -1.146046  -0.488436  0.720190  -0.065189  1.841201  0.129148  1.689050  0.924599  -0.364502  1.552866  0.687094  1.868193  -2.101154  -0.860455  -1.583306  0.702538  1.232649  1.126887  -1.175439  
-0.300000  1.000000  1.000000  1.000000  1.000000  1.000000  1.000000  
 1    -0.478204    0.004479      0.610346   2676.000000      0.386494
 2    -0.780030    0.010909      0.639694   5842.000000      0.984200
 3    -1.035330    0.107019      0.664518   9446.000000      1.752649
 4    -1.203152    0.091136      0.680836   14166.000000      2.859646
 5    -1.533553    0.128475      0.712962   20401.000000      4.567542
 6    -1.914972    0.183913      0.750049   26123.000000      6.454837
 7    -2.027811    0.094131      0.761021   33651.000000      9.161394
 8    -2.403603    0.370518      0.797561   41700.000000     12.737942
 9    -2.185719    0.264635      0.776375   54514.000000     18.954400
10    -2.731437    0.460167      0.829437   66712.000000     27.023283
5.260965    0.796441    
5.282275    0.967461    0.851083    0.283164    
4.099571    4.360094    2.417492    0.957109    0.470462    0.278822    
4.129161    4.453894    2.282272    2.147981    0.985363    0.514176    0.269530    0.223183    
4.104632    4.530818    2.461821    1.871169    4.112065    1.017199    0.498630    0.198901    0.264350    0.276070    
3.395554    3.023848    3.012444    1.779233    5.916285    4.334172    1.135106    1.040288    0.679189    0.154203    1.406298    0.099827    
5.150890    4.911350    1.003423    5.709697    3.960488    4.336076    2.921900    0.755293    1.476242    0.331014    1.060374    1.153475    0.190926    1.283159    
5.150391    1.174982    4.445342    4.540502    1.186109    6.262239    4.637370    2.509759    0.702823    0.246764    0.494130    0.094567    1.099672    0.213391    0.984301    1.265534    
5.523090    0.872678    3.701326    4.432012    1.662350    3.020231    5.104210    6.283185    4.546274    0.471096    0.658176    0.100648    0.292663    1.036185    0.247839    0.474740    0.240871    1.371333    
5.348072    3.073423    4.642916    0.879273    3.170801    6.281069    4.624078    3.042108    2.352367    1.055489    0.945551    0.718479    0.365945    0.945210    1.118536    1.570796    0.349709    0.320455    0.156819    1.355573    
