 7    -4.383977    3.452643    0.520202
0.238444  0.083739  -0.285309  0.820320  2.772535  1.922071  0.717749  0.194126  -1.362224  1.075911  0.656403  0.149734  0.320614  0.914567  -1.547847  2.150050  0.871377  -0.892210  0.312259  0.446726  -0.424200  
-0.300000  1.000000  1.000000  1.000000  1.000000  1.000000  1.000000  
 1    -0.415076    0.014713      0.493544   2349.000000      0.369476
 2    -0.792351    0.029218      0.541687   5661.000000      0.963134
 3    -1.082955    0.005254      0.578770   9521.000000      1.744234
 4    -1.239200    0.034788      0.598707   13825.000000      2.715107
 5    -1.590313    0.104483      0.643512   17703.000000      3.851324
 6    -1.635462    0.122933      0.649273   26056.000000      6.337996
 7    -2.018607    0.272872      0.698165   33760.000000      9.091964
 8    -2.200822    0.307835      0.721416   40639.000000     12.099278
 9    -2.267043    0.341225      0.729866   52985.000000     18.191373
10    -2.405464    0.250136      0.747530   68004.000000     25.959530
1.845262    0.473758    
1.705077    4.282152    0.455958    1.201015    
1.626000    4.291650    3.127249    0.364633    1.027993    0.492220    
1.887024    1.686336    5.066139    1.869256    0.519201    1.296814    0.330718    1.322498    
2.012408    4.790213    2.622873    1.704007    1.720995    0.445878    0.193395    0.491926    0.364760    0.147204    
2.010231    4.800880    2.621750    1.716966    1.643018    3.716435    0.426563    0.195083    0.507740    0.384305    0.111320    0.112690    
2.073283    4.679246    2.578023    1.820216    1.914352    0.603157    3.021762    0.393000    0.056240    0.448064    0.449529    0.307242    1.208823    0.333826    
2.091492    4.746750    2.491605    1.839507    1.908361    0.574718    3.093038    2.095112    0.362972    0.080108    0.464606    0.514406    0.277626    1.247656    0.418818    0.202659    
2.135785    4.796021    2.409205    1.852694    1.983182    0.484157    3.203935    2.073726    3.880908    0.390339    0.101843    0.483094    0.574613    0.300302    1.239608    0.368981    0.235544    0.138289    
1.666905    4.336372    6.212336    4.879248    3.600231    2.365053    6.070550    1.947419    1.051973    2.348001    0.384037    0.959734    1.570796    1.233270    0.432005    1.400800    0.380677    0.334011    0.200606    1.371395    
