 7    -3.004646    3.630537    0.106645
-1.450948  1.910953  0.711879  -0.247738  0.361466  -0.032950  -0.221347  0.477257  -0.691939  0.792006  0.073249  1.303286  0.213481  1.017349  1.911712  -0.529672  1.842135  -1.057235  -0.862916  0.237631  -1.154182  
-0.300000  1.000000  1.000000  1.000000  1.000000  1.000000  1.000000  
 1    -0.577492    0.024723      0.634199   2952.000000      0.467351
 2    -1.098561    0.007678      0.712731   6434.000000      1.080742
 3    -1.248600    0.038783      0.735343   10366.000000      1.915092
 4    -1.381501    0.082596      0.755373   14101.000000      2.810755
 5    -1.467353    0.097662      0.768312   18782.000000      4.102440
 6    -1.512639    0.139639      0.775137   26212.000000      6.420801
 7    -1.761674    0.205740      0.812669   32596.000000      8.970492
 8    -1.774804    0.220209      0.814648   43395.000000     13.707810
 9    -1.906576    0.296594      0.834508   54401.000000     19.064269
10    -1.980852    0.292573      0.845702   67787.000000     28.135095
1.140556    0.806808    
1.151258    1.269538    0.780480    0.349467    
1.157364    1.225033    3.898374    0.766911    0.219532    1.344432    
1.158465    1.269553    3.729479    4.930866    0.779993    0.236260    1.346324    1.384126    
1.149858    1.324795    1.388311    2.322619    4.921471    0.785138    0.239561    0.128870    1.333604    1.416626    
1.138765    1.280964    1.318012    2.411726    4.945760    4.506707    0.792851    0.235038    0.105621    1.350159    1.387720    1.461078    
1.138962    1.359980    3.677536    4.951774    2.344684    5.223928    4.456921    0.783780    0.288386    1.340797    1.317684    0.136221    0.238750    0.145226    
1.146795    1.360374    1.327184    2.339042    4.974438    2.338155    5.204074    4.446905    0.786850    0.255729    0.059593    1.326027    1.326243    0.113686    0.198258    0.164157    
1.122614    1.376101    1.333304    2.351979    4.966690    2.346577    5.202495    4.491173    2.391017    0.793382    0.303512    0.000000    1.328656    1.317185    0.140778    0.268500    0.175580    1.415220    
1.139477    1.366164    1.334550    2.353225    4.927163    2.362290    5.197332    4.416502    2.494807    4.622503    0.797341    0.286166    0.000000    1.308794    1.327329    0.134361    0.246758    0.182447    1.428921    1.455291    
