 7    -3.526825    3.143788    0.544769
0.439265  0.438488  1.147810  -0.067318  1.282502  1.203008  1.135877  -0.804010  -0.355338  1.115535  0.416017  0.281031  0.602493  -0.502367  -0.360674  -0.046913  -0.271253  1.007771  0.968143  0.644780  0.042835  
0.244702  0.215319  -0.205115  0.807813  0.200046  -0.230786  -0.233327  
 1    -1.987380    0.348452      0.769220   3300.000000      0.457425
 2    -2.876655    0.752840      0.902532   7457.000000      1.201049
 3    -3.215457    0.827619      0.953322   11585.000000      2.042136
 4    -3.446164    0.933818      0.987908   19679.000000      3.949619
 5    -3.498100    0.984672      0.995694   32118.000000      7.462110
 6    -3.520449    0.997256      0.999044   45862.000000     12.208005
 7    -3.524598    0.999080      0.999666   71181.000000     22.490688
 8    -3.526351    0.999850      0.999929   109333.000000     40.944464
 9    -3.526668    0.999951      0.999976   168035.000000     73.247027
10    -3.526727    0.999970      0.999985   201434.000000     94.589354
4.733494    0.702529    
2.604721    3.265911    0.535765    0.428711    
2.241783    2.639111    3.432233    0.573028    0.444414    0.245070    
1.993240    2.527375    2.343719    3.587365    0.601658    0.471917    0.300567    0.234994    
1.525862    2.179664    2.234958    2.559651    2.860520    0.581844    0.446052    0.381065    0.226329    0.175508    
1.150841    2.143888    2.160398    2.243486    2.566888    2.866764    0.622594    0.462176    0.390248    0.315808    0.191660    0.118537    
1.073164    1.840826    1.949288    2.086506    2.249869    2.698578    2.749212    0.610735    0.429545    0.382631    0.331312    0.259591    0.152511    0.075917    
1.057658    1.878234    1.978658    2.116711    2.315377    2.713486    2.786904    3.615695    0.609532    0.438021    0.390568    0.339307    0.262997    0.191587    0.086325    0.040466    
0.793175    1.521051    1.870045    2.028416    2.186900    2.442885    2.772530    2.919895    3.482549    0.574510    0.449589    0.405673    0.362114    0.314781    0.235854    0.170881    0.072239    0.038324    
0.765270    1.524006    1.822267    1.976918    2.130481    2.343238    2.620985    2.740331    3.107870    2.823580    0.584828    0.457487    0.404188    0.364342    0.321948    0.257195    0.187341    0.115512    0.048715    0.024508    
