 7    -4.176823    2.919045    0.264642
1.280115  -0.016914  1.288989  -1.524326  0.398734  0.280433  -0.312277  -1.152803  0.120756  -0.404666  1.486642  0.080295  -1.019572  -0.430669  0.541674  1.054699  1.378783  -1.434888  0.590506  0.855630  1.783113  
-0.368486  0.223293  -0.200765  0.285029  -0.242733  -0.255274  0.353540  
 1    -2.480882    0.473635      0.760996   3333.000000      0.471226
 2    -3.566340    0.830235      0.913966   7220.000000      1.226454
 3    -4.047940    0.962678      0.981837   12059.000000      2.222736
 4    -4.152462    0.990540      0.996567   18830.000000      4.072084
 5    -4.171371    0.996998      0.999232   33970.000000      8.426612
 6    -4.175441    0.999588      0.999805   44760.000000     12.411104
 7    -4.175645    0.999619      0.999834   58154.000000     17.703113
 8    -4.175800    0.999663      0.999856   80190.000000     27.526168
 9    -4.175944    0.999707      0.999876   103714.000000     40.470179
10    -4.176007    0.999719      0.999885   132055.000000     56.278965
5.310973    0.539033    
4.258142    5.466245    0.785987    0.417674    
3.208827    3.559525    4.532634    0.638009    0.533124    0.309132    
2.314061    3.572679    3.215036    3.865689    0.635743    0.527655    0.367691    0.215537    
1.674022    3.216920    3.041864    3.273238    3.929378    0.662549    0.510568    0.437529    0.333388    0.158766    
1.650702    3.150981    3.086494    3.293327    3.817671    5.079076    0.654354    0.513396    0.448270    0.351954    0.230365    0.067991    
1.633417    3.107465    3.056073    3.261004    3.850880    4.861473    6.184102    0.650720    0.508106    0.445596    0.345858    0.211987    0.022083    1.544421    
1.626638    3.040810    3.019100    3.201292    3.859005    4.579474    5.958132    5.415813    0.648813    0.503199    0.443431    0.352612    0.222941    0.000029    1.491454    1.539604    
1.625330    3.026298    3.011869    3.192590    3.829072    4.760747    5.579101    5.045046    5.100480    0.646430    0.501354    0.443375    0.351607    0.228391    0.000000    1.470180    1.501383    1.548431    
1.614143    3.019970    3.028451    3.183261    3.753694    5.080595    4.147502    3.393740    3.740137    4.271430    0.648408    0.505785    0.445697    0.356876    0.233609    0.000000    1.469504    1.476764    1.493528    1.542487    
