 7    -4.044723    2.981241    0.623616
-1.271091  0.176137  -0.296216  0.326929  -0.973419  0.227681  -0.819328  0.107223  0.975278  0.081974  -0.476623  -1.492172  -0.403465  0.694778  0.212153  0.090990  -1.548855  -0.044827  1.556763  1.947111  -0.785140  
0.307155  0.253017  0.245789  0.237269  -0.269650  0.246362  0.320649  
 1    -2.357799    0.489632      0.759901   3069.000000      0.432475
 2    -3.500341    0.844917      0.922519   6973.000000      1.137962
 3    -3.940647    0.969528      0.985187   12391.000000      2.206165
 4    -4.025650    0.994601      0.997285   20686.000000      4.166320
 5    -4.043128    0.999481      0.999773   32186.000000      7.437740
 6    -4.044189    0.999840      0.999924   47000.000000     13.042426
 7    -4.044401    0.999892      0.999954   60452.000000     18.642974
 8    -4.044306    0.999871      0.999941   78220.000000     25.948786
 9    -4.044309    0.999867      0.999941   76477.000000     25.882902
10    -4.044379    0.999892      0.999951   85916.000000     31.694456
5.583317    0.545052    
4.611072    5.852962    0.805077    0.434786    
3.496598    3.367414    4.686563    0.616636    0.515990    0.324941    
2.325486    3.618917    3.287936    4.015149    0.618962    0.531041    0.368991    0.222358    
1.682413    3.308632    3.124069    3.384054    4.088190    0.664758    0.510429    0.443512    0.336650    0.164071    
1.674445    3.256850    3.152880    3.366583    3.936329    5.231797    0.657597    0.513802    0.447250    0.351542    0.224826    0.059024    
1.593853    3.028316    2.950421    3.010011    3.188500    3.161366    4.500137    0.646454    0.492741    0.429340    0.344138    0.229555    0.126156    0.050786    
1.679460    3.196540    3.109457    3.327435    3.968876    5.243247    5.871198    3.183796    0.653768    0.505162    0.444146    0.345435    0.203936    0.001227    1.536997    1.569799    
1.659655    3.169957    3.091453    3.282944    3.850828    5.364055    3.688668    4.227824    5.608070    0.652375    0.503657    0.442636    0.344933    0.201584    0.005055    1.534729    1.553264    0.007407    
1.652717    3.105257    3.110084    3.348892    4.009096    5.423504    5.423566    4.138438    0.436893    2.768659    0.647262    0.502102    0.451437    0.362291    0.240126    0.004225    1.470368    1.516615    0.015631    1.536580    
