 7    -3.539284    3.564086    0.559354
0.865590  -0.505806  0.978056  0.089766  -0.313105  -0.997138  -0.062213  -0.719255  0.387988  0.285235  -2.107092  1.542011  -0.122495  -0.217374  1.046019  1.691346  1.035376  -0.154498  0.326185  -1.045922  -0.085956  
-0.152303  0.224970  -0.213202  0.186534  -0.862459  -0.159216  0.239230  
 1    -2.118038    0.329810      0.799919   3426.000000      0.473473
 2    -2.863880    0.684520      0.904918   6919.000000      1.112339
 3    -3.155761    0.747838      0.946008   12702.000000      2.255193
 4    -3.414094    0.893716      0.982376   19096.000000      3.774579
 5    -3.472257    0.954867      0.990564   30424.000000      6.890474
 6    -3.504481    0.974679      0.995100   41503.000000     10.955563
 7    -3.503464    0.977210      0.994957   54224.000000     15.711439
 8    -3.536034    0.998610      0.999542   90638.000000     32.670323
 9    -3.538385    0.999619      0.999873   149058.000000     63.252605
10    -3.539027    0.999884      0.999964   240510.000000    119.158459
5.163345    0.700652    
2.727006    3.407273    0.488633    0.430020    
2.368927    2.904041    3.902382    0.561476    0.442317    0.238713    
2.201794    2.701138    2.513444    4.119236    0.575797    0.466794    0.285112    0.240253    
1.719338    2.418984    2.463650    2.957016    3.095714    0.562012    0.446195    0.367156    0.211634    0.168121    
1.316050    2.450037    2.443646    2.584648    2.931319    3.327166    0.624762    0.456215    0.386337    0.314030    0.177848    0.119139    
1.713703    2.375631    2.475987    3.024458    2.874317    6.283185    4.094257    0.562175    0.453007    0.368106    0.242041    0.243455    0.089298    1.544789    
1.176218    2.218581    2.310107    2.485196    2.749345    3.070535    3.287207    3.621423    0.613612    0.450700    0.395394    0.334384    0.249426    0.208969    0.084800    0.074316    
1.035094    1.982504    2.194279    2.383384    2.589575    2.924303    3.178281    3.407593    3.623246    0.601178    0.452228    0.401578    0.349374    0.288169    0.222697    0.159909    0.077502    0.051656    
0.894245    1.754690    2.033086    2.233993    2.443251    2.731768    2.986649    3.261496    3.418236    3.545937    0.585849    0.442900    0.398697    0.358231    0.310001    0.251232    0.187835    0.128148    0.063461    0.036665    
