 7    -4.224113    4.173070    0.809630
0.678844  0.916339  -0.121169  -1.154417  -0.271141  0.472377  1.269233  0.984344  -1.327064  -1.593114  -2.256591  -0.017827  -1.976864  1.137158  -0.490799  1.221608  -1.529330  1.045777  -0.322531  -0.944890  0.158779  
-0.254774  0.286113  0.208933  -0.293280  0.276022  -0.111340  0.422782  
 1    -2.179410    0.415768      0.756501   3273.000000      0.507671
 2    -3.663362    0.772558      0.933222   7023.000000      1.147744
 3    -4.070879    0.919155      0.981752   12478.000000      2.286483
 4    -4.163038    0.955242      0.992727   20394.000000      4.248400
 5    -4.192881    0.986684      0.996281   29746.000000      7.062429
 6    -4.215997    0.995870      0.999034   52770.000000     15.131721
 7    -4.221984    0.998691      0.999747   91330.000000     31.531506
 8    -4.223214    0.999686      0.999893   152401.000000     62.126126
 9    -4.223498    0.999791      0.999927   148284.000000     58.578169
10    -4.223889    0.999913      0.999973   201208.000000     89.248688
5.226537    0.562948    
4.554724    5.522213    0.758546    0.403587    
3.504702    4.003381    4.606958    0.653908    0.504099    0.268815    
2.640868    3.617927    3.571317    4.173859    0.612943    0.497979    0.360429    0.179181    
2.662194    3.651152    3.585182    4.142299    5.613520    0.622850    0.503562    0.374419    0.257108    0.083798    
1.831412    3.314237    3.294911    3.596607    4.279537    5.590180    0.618471    0.499262    0.424690    0.327948    0.215848    0.084103    
1.543109    3.005092    2.989957    3.136828    3.643854    4.267922    5.199507    0.630710    0.481132    0.415063    0.356211    0.270883    0.170417    0.074064    
1.530652    2.938096    2.965723    3.086469    3.538529    4.091660    4.909500    5.319336    0.630309    0.480658    0.416011    0.362034    0.287280    0.194410    0.111104    0.028676    
1.456602    2.760518    2.855923    2.983795    3.349292    3.780529    4.176082    3.957249    4.453667    0.624541    0.469835    0.412884    0.366360    0.297253    0.211276    0.121259    0.060871    0.018384    
1.254139    2.412533    2.758460    2.906822    3.203714    3.665874    4.212391    4.935861    5.791031    4.731951    0.608435    0.464232    0.420744    0.380246    0.325201    0.251612    0.168714    0.097324    0.025751    0.000618    
