 7    -3.609582    3.792507    0.517767
-1.708201  -0.685090  0.474089  1.287810  -0.074869  0.118065  0.501762  1.971941  -1.543012  1.101359  0.513531  1.303107  -0.039411  -0.404673  0.646122  0.367776  0.305231  -1.148064  -0.678943  -0.668388  -0.482080  
-0.300000  1.000000  1.000000  1.000000  1.000000  1.000000  1.000000  
 1    -0.321157    0.045547      0.555744   2739.000000      0.395291
 2    -0.799327    0.114822      0.620343   6056.000000      1.023070
 3    -0.937130    0.046984      0.638960   9735.000000      1.754469
 4    -1.111786    0.092628      0.662555   14306.000000      2.805611
 5    -1.300944    0.104590      0.688110   17842.000000      3.810038
 6    -1.409959    0.044819      0.702838   24968.000000      5.916120
 7    -1.497572    0.175414      0.714674   31854.000000      8.486035
 8    -1.566780    0.119533      0.724024   38978.000000     11.526436
 9    -1.700503    0.194228      0.742089   51454.000000     16.899336
10    -1.964577    0.216861      0.777765   62665.000000     23.305428
5.445405    1.029496    
5.639365    2.641158    1.031100    0.994586    
5.627898    2.674169    5.629762    0.967776    1.033322    0.196481    
5.567691    2.671911    6.254445    3.449594    1.013784    0.986833    0.223003    1.334477    
5.234422    5.958909    5.252551    5.245670    1.232211    0.798525    0.882861    0.298544    1.082373    0.163092    
0.710127    5.386721    3.903626    4.286691    4.182869    5.009343    1.207355    0.933801    1.062186    1.367962    1.348261    1.280872    
4.970399    6.247302    1.177928    2.153617    5.930332    4.814258    1.910874    1.205886    0.729815    1.267635    0.916022    1.230728    1.465055    0.205417    
5.626740    2.728049    1.201375    2.331425    1.634871    4.083002    4.742965    3.326009    1.044018    1.100389    0.281026    1.402530    0.329366    0.249772    1.441037    1.458336    
5.402342    2.664745    6.177139    3.481071    0.728997    5.045753    4.688341    1.785828    3.262694    1.017692    0.909927    0.220278    1.240302    0.187051    0.159879    0.281834    1.487795    0.298162    
5.588560    2.701201    5.943476    3.880924    0.448708    2.998398    3.984453    5.906484    3.915802    4.566906    1.011559    1.001578    0.176305    1.158680    0.433075    0.218070    0.317777    0.183970    0.199017    0.152630    
