 7    -3.559374    2.831922    0.721468
1.319751  -0.169291  -0.060430  0.880154  0.440474  0.282055  -1.219574  -0.679306  -0.367388  -0.797539  0.622276  -0.818255  -0.316651  -2.039845  0.708758  -0.138086  0.106757  -0.657646  0.217738  -0.925505  -0.420240  
-0.437421  0.403840  0.431374  0.381797  0.349075  0.425957  0.366311  
 1    -1.912992    0.474834      0.742402   3711.000000      0.509496
 2    -3.067088    0.828665      0.922975   6539.000000      1.046816
 3    -3.457823    0.964328      0.984111   10934.000000      1.943578
 4    -3.499684    0.973445      0.990661   16943.000000      3.291554
 5    -3.544308    0.994130      0.997643   26073.000000      5.878411
 6    -3.558019    0.999361      0.999788   39054.000000     10.580711
 7    -3.526842    0.987858      0.994910   53734.000000     16.717966
 8    -3.525528    0.989029      0.994704   75695.000000     26.828238
 9    -3.553673    0.997673      0.999108   108418.000000     44.763813
10    -3.554066    0.997916      0.999169   150250.000000     70.839916
2.361809    0.552602    
1.966492    2.469321    0.784543    0.424111    
1.519711    1.607135    1.995855    0.645375    0.509614    0.298851    
1.304925    1.604348    1.854887    4.516849    0.626267    0.535533    0.362555    1.468422    
0.972129    1.586722    1.454845    1.741659    4.798256    0.636174    0.525340    0.396161    0.272297    1.513435    
0.719796    1.402903    1.379684    1.469543    1.771930    4.958678    0.647760    0.506621    0.442418    0.342157    0.198800    1.535261    
1.124268    1.588647    1.830705    4.524462    5.096885    2.516090    4.953796    0.604082    0.551716    0.400790    1.348108    0.202592    0.132015    1.544525    
1.145758    1.618278    1.828252    4.519861    5.219382    5.263555    5.092078    6.283185    0.616952    0.553544    0.396719    1.350149    0.160676    1.473358    0.033312    0.006555    
0.821916    1.575109    1.492934    1.794202    4.787833    5.468994    5.102136    3.218803    2.740554    0.673420    0.535678    0.456837    0.341471    1.403132    0.097760    1.570796    0.079392    0.049352    
0.821214    1.580974    1.499568    1.787229    4.783692    5.482629    4.659795    3.802781    5.093128    5.822229    0.675614    0.538116    0.456881    0.340365    1.410013    0.079765    1.570796    0.029655    1.570796    1.557311    
