 7    -3.611130    4.584057    0.800883
1.387236  0.963562  -0.944981  1.624400  0.264741  0.367542  0.797701  -0.556226  -0.100179  0.323385  -1.814105  -0.930862  1.097972  0.485753  0.527625  0.093865  -1.150458  0.466368  0.442111  0.138366  -0.105991  
-0.269979  0.186924  -0.674968  -0.192700  0.241009  -0.164963  0.322356  
 1    -1.837139    0.363747      0.783533   3120.000000      0.441668
 2    -2.943079    0.746923      0.918483   6802.000000      1.120966
 3    -3.309778    0.880200      0.963228   11376.000000      2.086046
 4    -3.516961    0.959475      0.988509   18903.000000      3.890828
 5    -3.580610    0.986458      0.996276   29932.000000      6.974211
 6    -3.604487    0.996121      0.999189   42899.000000     11.252942
 7    -3.608414    0.998063      0.999669   72133.000000     22.802213
 8    -3.610430    0.999763      0.999915   103545.000000     37.531456
 9    -3.610908    0.999911      0.999973   154417.000000     64.891496
10    -3.610928    0.999915      0.999975   208491.000000     94.208555
4.744446    0.631329    
3.037272    3.610426    0.586123    0.389584    
2.510773    2.997708    3.314266    0.591276    0.425024    0.234598    
2.216804    2.991487    2.935512    3.637589    0.639583    0.495812    0.317128    0.197935    
1.734376    2.502831    2.589947    2.983463    3.189113    0.600310    0.463568    0.394391    0.247656    0.145568    
1.320146    2.448512    2.449730    2.525834    2.914557    3.279988    0.633378    0.474646    0.401525    0.322615    0.203380    0.104690    
1.197155    2.093823    2.203962    2.328267    2.529675    3.001717    3.132379    0.617105    0.442861    0.393325    0.340320    0.267311    0.159863    0.071360    
1.178027    2.123618    2.218241    2.350583    2.578084    2.978747    3.228462    3.870029    0.617221    0.449809    0.400442    0.348191    0.277933    0.201261    0.099332    0.039648    
0.917287    1.725288    2.065562    2.229442    2.406158    2.695362    3.022377    3.327821    3.772860    0.584668    0.448136    0.407420    0.366884    0.319738    0.245857    0.175694    0.081382    0.035132    
0.902173    1.748602    2.070368    2.221518    2.392048    2.664561    2.973962    3.225590    3.579415    3.052921    0.591787    0.457820    0.409758    0.368654    0.323651    0.255429    0.184994    0.098724    0.042490    0.009808    
