 7    -2.951755    4.589425    0.452820
-1.749765  0.342680  1.153036  -0.252436  0.981321  0.514219  0.221180  -1.070043  -0.189496  0.255001  -0.458027  0.435163  -0.583595  0.816847  0.672721  -0.104411  -0.531280  1.029733  -0.438136  -1.118318  1.618982  
-0.408691  -0.273600  -0.144566  0.287041  -0.224538  0.270418  -0.374797  
 1    -1.749873    0.421905      0.840624   3030.000000      0.427930
 2    -2.508949    0.786257      0.941282   7111.000000      1.168842
 3    -2.849051    0.926497      0.986381   12311.000000      2.215402
 4    -2.923165    0.968016      0.996209   18071.000000      3.609902
 5    -2.942274    0.985980      0.998743   29753.000000      6.932694
 6    -2.949209    0.998084      0.999662   49719.000000     14.182897
 7    -2.951161    0.999540      0.999921   95402.000000     34.089687
 8    -2.951429    0.999713      0.999957   151408.000000     61.205838
 9    -2.951648    0.999937      0.999986   165395.000000     70.825908
10    -2.951660    0.999946      0.999987   177237.000000     78.945127
4.880758    0.513590    
3.976344    5.187934    0.783611    0.434422    
2.829083    3.642243    4.350998    0.649622    0.559813    0.307284    
2.151519    3.435514    3.082590    3.763287    0.644822    0.521306    0.377640    0.210335    
1.772932    3.155314    2.912623    3.181281    3.928796    0.660511    0.508845    0.419059    0.325901    0.142419    
1.598151    3.061022    2.965467    3.133569    3.691155    4.876911    0.654399    0.515916    0.439128    0.345618    0.231844    0.078190    
1.428793    2.619888    2.566791    2.704881    3.082530    3.594939    4.641773    0.635397    0.466601    0.412669    0.360487    0.279530    0.177900    0.069754    
1.203813    2.208566    2.408534    2.502322    2.770832    3.132542    3.628238    4.412123    0.605747    0.453483    0.407774    0.370510    0.312824    0.230727    0.140247    0.054477    
1.152287    2.198359    2.487774    2.538834    2.795600    3.157823    3.633345    4.439212    5.391364    0.610570    0.472005    0.421670    0.378902    0.329487    0.254948    0.171908    0.094930    0.023474    
1.115564    2.086180    2.374529    2.467279    2.727623    3.084952    3.519919    4.029924    3.378708    4.012499    0.600514    0.457034    0.412319    0.378492    0.335181    0.265486    0.184060    0.098161    0.034763    0.017011    
