 7    -3.351198    2.780391    1.276090
-0.923498  -0.196534  0.260503  -0.102614  -0.289689  0.713549  1.119250  -0.355867  -0.124338  0.141519  0.018409  -0.366028  0.248184  -0.044728  -1.645756  0.499089  0.988699  -0.835499  -1.171304  0.700343  -0.401667  
-0.300000  1.000000  1.000000  1.000000  1.000000  1.000000  1.000000  
 1    -0.134408    0.002282      0.475374   2886.000000      0.437915
 2    -0.765106    0.165204      0.578235   6137.000000      1.038847
 3    -0.603794    0.049839      0.551926   10379.000000      1.869330
 4    -1.005197    0.199936      0.617391   15051.000000      2.975414
 5    -1.024846    0.220879      0.620596   20234.000000      4.349425
 6    -1.097279    0.230846      0.632409   26621.000000      6.357509
 7    -1.318140    0.282956      0.668429   37048.000000     10.121736
 8    -1.415156    0.323750      0.684251   47203.000000     14.636497
 9    -1.606336    0.399170      0.715431   58365.000000     20.202275
10    -1.703565    0.424818      0.731288   75741.000000     29.762336
0.367258    0.816527    
5.068839    1.464435    0.663322    0.778085    
0.840974    0.274562    5.833255    0.789949    0.390382    0.502802    
5.092842    1.414823    3.978321    0.359168    0.683349    0.747784    0.377401    1.234285    
4.448326    2.049658    4.616941    1.736824    3.292509    0.900002    1.015137    0.576914    1.199757    0.142518    
0.192472    0.658407    5.980353    1.346544    5.337619    3.017312    0.680212    1.019695    0.545374    1.173023    1.173572    1.247359    
5.143521    1.373124    3.713012    3.501971    0.521911    5.524182    4.401867    0.675412    0.769616    0.079425    0.501646    1.157547    1.325919    1.401074    
5.042564    1.568696    2.992111    5.722017    4.058845    4.880907    2.219567    6.274850    0.640360    0.722768    0.144846    1.362956    1.460914    1.191133    1.430752    1.407085    
0.697300    4.742957    4.533734    2.033477    2.256963    0.308835    4.596362    3.080564    6.141495    1.149390    0.666553    0.411655    1.104791    0.988311    0.491011    1.270939    0.143357    0.123685    
0.575983    4.976997    3.495902    2.312483    4.657453    4.205123    4.933995    1.912535    0.938408    4.333920    0.667326    0.472657    0.944767    1.222270    1.323951    0.220612    1.285515    0.441461    0.246945    1.432920    
