 7    -4.332330    3.229744    0.642545
0.445292  -0.280395  -1.876685  -0.387690  0.596937  0.683369  0.232692  0.715544  0.804504  0.348361  -0.195662  -0.923606  0.598020  -1.569014  -0.119666  0.392834  1.194875  0.806525  1.582657  1.459610  -0.604105  
-0.300000  1.000000  1.000000  1.000000  1.000000  1.000000  1.000000  
 1    -0.322852    0.023761      0.469791   3240.000000      0.461584
 2    -0.783140    0.072751      0.530659   6446.000000      1.075033
 3    -1.150018    0.078849      0.579175   9699.000000      1.759595
 4    -1.387344    0.134178      0.610558   13958.000000      2.751303
 5    -1.569235    0.160836      0.634611   18499.000000      3.915973
 6    -1.714117    0.317681      0.653770   25498.000000      6.018059
 7    -1.809574    0.281289      0.666394   31553.000000      8.378155
 8    -1.799502    0.216207      0.665062   42940.000000     12.921323
 9    -2.203087    0.419727      0.718431   53095.000000     18.723719
10    -2.171413    0.306490      0.714243   68730.000000     28.633741
3.292129    0.474243    
3.479257    4.434659    0.493748    1.115562    
3.374728    4.407140    2.407657    0.526950    1.016464    1.236904    
3.424066    4.411416    2.415100    5.699850    0.509068    0.990263    1.243237    0.246454    
3.418004    4.407691    2.388060    5.629703    4.628149    0.528664    0.996286    1.236893    0.251835    1.415212    
3.474018    3.425572    6.283185    5.137080    4.536017    4.448096    0.758897    0.991996    1.061573    1.212648    0.371746    0.259442    
1.815302    4.604446    4.431387    5.191027    4.000359    6.283185    4.623898    0.708019    1.095736    0.354570    1.166765    1.070134    0.156779    0.197559    
3.408348    4.364468    2.449989    5.599920    4.455149    3.937710    5.164374    2.325436    0.558775    1.009892    1.230128    0.185243    1.456318    0.113190    0.103410    0.157216    
1.750828    4.805838    1.629654    5.162719    4.335528    5.183619    5.392977    1.364456    4.482142    0.790963    1.110843    1.461556    0.114557    0.249606    0.337672    0.401891    1.272587    1.361215    
3.427065    4.469470    2.389118    5.434860    4.954101    3.596639    4.777003    3.462546    5.886784    1.367551    0.480086    1.057403    1.097136    0.243211    1.368607    0.000000    0.084734    0.202765    0.313166    1.338889    
