 7    -3.511883    3.023551    0.669942
1.023492  0.283144  -0.004423  -0.507907  0.852055  -1.412692  0.568955  1.263137  -1.571967  -0.876978  -0.225261  0.303901  0.219018  0.460761  -0.189678  -1.520499  -1.072632  -0.267436  -1.661053  -1.062456  1.171652  
-0.300000  1.000000  1.000000  1.000000  1.000000  1.000000  1.000000  
 1    -0.886410    0.003462      0.598271   2724.000000      0.391264
 2    -1.583250    0.000659      0.704896   5873.000000      0.974777
 3    -1.654003    0.000023      0.715722   9302.000000      1.680665
 4    -1.676274    0.000595      0.719130   12866.000000      2.527625
 5    -1.735837    0.000614      0.728244   18965.000000      4.098643
 6    -1.749208    0.000513      0.730290   25705.000000      6.231693
 7    -1.753209    0.003567      0.730902   31283.000000      8.516282
 8    -1.948783    0.044479      0.760827   41822.000000     12.986459
 9    -1.963121    0.025817      0.763021   49564.000000     17.067302
10    -1.988734    0.010971      0.766940   62630.000000     24.813820
0.371188    0.580396    
0.354121    0.422382    0.763980    0.392512    
0.345889    0.383379    1.250502    0.728958    0.470524    0.154762    
0.346072    0.386984    1.304030    3.244689    0.726826    0.493038    0.174704    0.079792    
0.214583    0.325857    0.348109    2.653128    1.853392    0.653933    0.560168    0.356751    1.440751    0.102502    
0.226681    0.327795    0.342306    2.651163    0.584266    6.026338    0.673103    0.546354    0.362898    1.422365    1.526193    1.483400    
0.332688    0.362760    3.317243    2.050011    5.388057    3.987793    0.759451    0.702209    0.431384    1.492559    1.442232    0.118037    0.166260    1.468628    
0.273447    0.358330    0.368763    2.654909    5.229176    2.950851    2.147395    3.963698    0.750533    0.567013    0.426307    1.304404    0.103857    0.205552    0.218733    1.436673    
0.270854    0.420212    0.354485    2.489924    1.577237    3.410094    2.732385    3.213258    2.238852    0.842973    0.635972    0.379851    1.464725    0.070656    0.068871    1.391691    1.377994    1.438648    
0.233235    0.381827    0.358378    2.598751    1.199200    5.426823    2.524226    5.570149    3.034624    4.358653    0.749187    0.597023    0.400428    1.405682    0.000000    1.413427    0.135679    0.200521    0.054918    0.106686    
