 7    -2.702683    2.805833    0.051194
1.594854  -0.655138  1.016982  0.369841  -0.070009  -0.682898  -0.254259  -0.672071  0.295525  0.098739  -0.925285  0.296286  -0.202728  -0.416951  -0.139597  1.161232  -0.213925  -1.273170  -0.021132  0.436229  -0.325183  
-0.300000  1.000000  1.000000  1.000000  1.000000  1.000000  1.000000  
 1    -0.497501    0.003247      0.599678   3180.000000      0.452189
 2    -1.013649    0.002720      0.693378   5944.000000      1.002463
 3    -1.113389    0.002623      0.711484   9318.000000      1.693291
 4    -1.267812    0.000187      0.739518   13127.000000      2.611023
 5    -1.329007    0.000090      0.750627   18558.000000      4.120958
 6    -1.286246    0.006557      0.742864   24052.000000      5.830047
 7    -1.312568    0.001074      0.747643   31582.000000      8.599400
 8    -1.348207    0.001846      0.754112   38375.000000     11.813087
 9    -1.417206    0.009993      0.766638   53153.000000     18.716105
10    -1.439471    0.466819      0.770680   65961.000000     26.610862
0.438976    0.565895    
0.359599    0.452745    0.763549    0.461094    
0.363130    0.418551    6.116815    0.769224    0.492006    1.401100    
0.345069    0.365295    1.284022    0.987614    0.714308    0.479699    0.286826    1.357057    
0.346240    0.376045    1.275545    0.902621    0.438382    0.723112    0.455549    0.249510    1.317512    1.410412    
0.363882    0.425212    6.208692    1.112521    1.992057    2.077325    0.771658    0.433632    1.444729    0.159663    1.420725    0.112865    
0.358342    0.403365    6.257567    5.413447    2.274377    0.470162    1.920586    0.748282    0.435859    1.466929    0.107675    0.151829    0.206980    1.463181    
0.345732    0.411603    6.224738    0.815584    6.237362    5.872134    2.120234    0.684321    0.739909    0.502480    1.464973    0.000000    1.484465    1.458974    0.184382    0.082698    
0.367641    0.432985    4.831682    2.867991    5.482951    5.984258    2.079058    4.321700    4.417815    0.746472    0.524111    0.079981    0.133016    1.447718    1.379832    0.115054    0.115818    0.054058    
4.614139    3.303785    3.220133    4.889099    5.533300    2.583359    1.707620    1.533817    5.726251    1.475337    0.678293    1.335080    0.303108    0.211211    1.464803    0.236838    1.335461    1.344595    0.249595    0.142305    
