 7    -3.350614    3.793792    0.164171
-0.564163  -0.238681  -0.774429  0.260315  -1.294135  1.222583  -0.293067  -0.331231  -0.351750  0.464535  1.249793  2.165466  1.597250  0.090560  -0.645840  -0.492307  -1.035561  -1.291473  0.005765  -0.351684  -0.950603  
0.155923  0.200594  0.311927  -0.302190  -0.265267  -0.218390  -0.324803  
 1    -1.924692    0.405571      0.800414   3153.000000      0.435547
 2    -2.979656    0.756024      0.948077   6793.000000      1.092418
 3    -3.261705    0.904846      0.987555   12060.000000      2.154091
 4    -3.321070    0.943458      0.995865   20251.000000      4.085552
 5    -3.335500    0.964728      0.997884   35010.000000      8.422702
 6    -3.346668    0.991030      0.999448   50742.000000     13.781624
 7    -3.349215    0.995763      0.999804   94482.000000     32.526012
 8    -3.349658    0.998583      0.999866   120980.000000     45.463192
 9    -3.350343    0.999835      0.999962   165156.000000     69.910228
10    -3.350344    0.999817      0.999962   173812.000000     76.313246
5.310562    0.541955    
4.683515    5.588153    0.762462    0.401677    
3.448295    3.996899    4.639502    0.647231    0.504318    0.264590    
2.595187    3.539688    3.500251    4.077225    0.599085    0.487467    0.346110    0.175482    
1.913889    3.396784    3.245572    3.554070    4.318836    0.624544    0.490831    0.398198    0.297539    0.121945    
1.724027    3.277232    3.290391    3.470044    4.140422    5.373541    0.626509    0.499900    0.421686    0.327111    0.214389    0.071028    
1.482736    2.852838    2.948207    3.086483    3.515424    4.106425    5.095564    0.626596    0.472001    0.413466    0.357448    0.274221    0.169634    0.063620    
1.523398    2.903389    2.992147    3.143645    3.586717    4.162299    5.173594    6.158046    0.629449    0.476436    0.417853    0.361296    0.281684    0.183589    0.093078    0.019756    
1.267618    2.492356    2.862902    2.989796    3.291683    3.743951    4.274944    5.056988    5.935439    0.619741    0.485055    0.429022    0.385018    0.332014    0.257101    0.173426    0.097086    0.027540    
1.255184    2.476965    2.864380    2.993501    3.292980    3.748467    4.276691    5.068027    5.958326    4.324763    0.618390    0.484911    0.429910    0.385521    0.332149    0.256508    0.172275    0.096493    0.027659    0.000405    
