 7    -4.659597    4.664674    0.511647
0.120886  0.610718  -0.940969  -1.296675  -0.444179  -1.381420  0.602617  -0.815498  1.472935  -0.054761  0.049716  -1.540904  -1.109380  -1.381756  3.932359  -0.255963  1.355360  -0.172457  -0.880102  0.905413  0.530236  
-0.300000  1.000000  1.000000  1.000000  1.000000  1.000000  1.000000  
 1    -0.498213    0.007483      0.553704   3345.000000      0.475773
 2    -1.196974    0.009825      0.628644   6868.000000      1.130613
 3    -1.376441    0.075874      0.647891   9512.000000      1.723423
 4    -1.567678    0.070823      0.668401   13807.000000      2.679269
 5    -1.706689    0.029586      0.683310   17708.000000      3.756225
 6    -1.950135    0.047314      0.709418   25887.000000      6.189355
 7    -2.002677    0.048345      0.715053   30710.000000      7.961395
 8    -2.244171    0.264534      0.740953   40860.000000     12.213176
 9    -2.467324    0.252956      0.764885   51002.000000     17.473970
10    -2.645327    0.298507      0.783976   70298.000000     27.945110
5.003294    0.510989    
4.360793    6.283185    0.518377    0.667573    
4.337733    5.087322    1.454733    0.569442    0.674213    1.238078    
3.161612    6.181614    6.283185    3.259494    0.611455    0.729821    1.382013    1.296755    
5.053082    3.666343    3.984428    2.300288    5.103357    0.629662    1.305237    1.248929    0.212586    0.208030    
3.150373    6.200698    6.283185    3.276673    6.147086    2.983935    0.670988    0.805001    1.406624    1.277625    0.118906    1.353178    
3.118537    5.555071    0.506275    4.124635    1.294132    0.940130    3.008989    0.534747    0.273135    0.940591    1.320276    1.339538    0.089979    1.435096    
4.517868    5.096361    1.144156    6.243068    2.138081    3.217771    4.884435    4.493021    0.754062    0.723453    0.978284    1.343103    1.250301    0.074684    0.140385    1.408884    
3.028205    2.244667    2.527726    3.548954    6.127504    4.010671    3.016889    1.631710    4.601521    0.549174    0.371334    1.343370    1.090832    0.351402    1.233845    1.189447    1.307918    0.198346    
4.787402    4.167433    1.319145    1.886419    4.645510    2.159677    2.862558    4.718002    3.562462    6.141380    0.428701    1.267817    1.459677    1.387168    0.295832    0.228120    1.308864    1.503074    0.259479    0.196668    
