 7    -3.818462    4.513642    0.364959
-0.772544  -0.339930  -0.892330  0.660013  0.253680  1.573258  -0.578790  -1.557856  0.295479  -0.485479  -0.903351  1.664279  1.799863  -0.172902  0.933821  1.747385  0.371031  0.012570  -1.686818  -0.572064  2.587576  
0.286195  0.180552  0.172279  0.128176  -0.799996  0.163065  -0.222720  
 1    -1.973907    0.381751      0.778621   3165.000000      0.437988
 2    -3.097017    0.768253      0.913414   6854.000000      1.102149
 3    -3.443345    0.885493      0.954979   11399.000000      2.012099
 4    -3.667310    0.952838      0.981859   18235.000000      3.642812
 5    -3.775442    0.985404      0.994837   27893.000000      6.283328
 6    -3.808776    0.996010      0.998837   41021.000000     10.630460
 7    -3.814879    0.998250      0.999570   60105.000000     18.216158
 8    -3.817393    0.999514      0.999872   95465.000000     35.441240
 9    -3.818025    0.999800      0.999948   174536.000000     78.948360
10    -3.818284    0.999935      0.999979   261287.000000    132.067933
5.665525    0.611506    
3.653230    3.568000    0.493667    0.376721    
2.529415    3.416883    3.136801    0.505461    0.382561    0.229972    
2.451581    3.352154    3.333716    3.877565    0.628056    0.478777    0.280565    0.205370    
2.092486    2.840743    2.850911    3.496578    3.275415    0.592745    0.451981    0.362425    0.219818    0.154013    
1.519015    2.742244    2.743631    2.887782    3.312639    3.501016    0.616385    0.459333    0.386288    0.305812    0.184978    0.112064    
1.379082    2.341071    2.483772    2.665365    2.857887    3.419604    3.417473    0.603734    0.429696    0.379452    0.325390    0.257382    0.147013    0.078867    
1.357173    2.380107    2.515124    2.698507    2.933107    3.381220    3.536049    4.288525    0.603049    0.437283    0.389268    0.334683    0.264108    0.195977    0.089094    0.047389    
1.109705    2.040083    2.370283    2.586145    2.789303    3.125265    3.462520    3.742061    4.129740    0.581263    0.436529    0.396574    0.352870    0.303552    0.227302    0.164366    0.069588    0.039495    
0.908204    1.887177    2.235919    2.498759    2.696846    2.941884    3.264224    3.561066    3.839561    4.079449    0.595606    0.462614    0.410213    0.373785    0.333696    0.281044    0.210668    0.150678    0.063704    0.037535    
