 7    -4.021312    2.958384    0.600397
0.709056  0.857144  1.688367  2.164774  -0.970375  1.072576  1.688920  0.015477  -0.012332  0.213066  0.651998  -0.178201  -0.044454  0.014322  0.032892  -0.075229  0.562198  -0.798122  0.466570  -1.022600  -0.664590  
-0.300000  1.000000  1.000000  1.000000  1.000000  1.000000  1.000000  
 1    -0.442366    0.000449      0.487235   2778.000000      0.460186
 2    -0.729385    0.009400      0.528357   5544.000000      1.109294
 3    -0.948985    0.014183      0.559819   9152.000000      2.049783
 4    -1.111950    0.066877      0.583168   13275.000000      2.627739
 5    -1.272804    0.130435      0.606214   19325.000000      4.212631
 6    -1.453427    0.120236      0.632092   25889.000000      6.311714
 7    -1.516985    0.129178      0.641198   31835.000000      8.509215
 8    -1.917314    0.349665      0.698554   39502.000000     11.798622
 9    -1.966582    0.347193      0.705613   50357.000000     17.157420
10    -2.014303    0.317437      0.712450   63750.000000     24.221247
1.781634    0.528188    
1.679385    2.889708    0.434393    1.254348    
1.458229    3.207345    2.111898    0.499316    1.362621    1.104711    
1.440441    3.167763    2.108782    3.825271    0.468609    1.360574    1.094659    0.186383    
1.370795    6.013021    2.484561    4.503347    3.499195    0.510294    1.002835    1.333177    0.302742    0.270170    
1.581494    3.024161    5.098083    3.443251    5.000351    4.369074    0.341413    1.361670    1.220187    1.286814    0.186528    1.331583    
4.665401    2.623141    5.534357    4.227125    2.898328    4.020643    1.906410    0.532735    1.187650    0.223424    0.542131    0.297859    1.110183    1.423355    
1.537318    3.435495    1.585020    3.249259    6.083216    4.628716    4.137268    2.560523    0.470807    1.307148    0.994591    0.312811    0.437853    0.202387    1.444847    0.145218    
1.412074    3.454664    1.726280    5.032154    4.346709    5.003857    5.983268    6.187068    3.181808    0.477153    1.393624    0.915484    0.164868    0.338913    1.292605    0.183829    1.402064    1.287776    
4.677171    5.232390    3.762391    6.030137    1.502844    6.283185    2.917694    4.271578    2.017352    1.459994    0.843357    1.069437    1.413476    0.264787    0.213924    1.277900    1.186891    0.323643    0.353421    0.299003    
