 7    -2.263808    2.513568    0.218812
-0.579335  -0.256799  -1.403429  0.787643  -0.286088  0.092368  0.611031  -0.920969  -0.368623  0.503275  -0.321653  -0.481067  0.552648  -0.557544  0.445270  -1.708090  -0.378939  -0.515746  -0.074162  0.108905  -0.032169  
-0.300000  1.000000  1.000000  1.000000  1.000000  1.000000  1.000000  
 1    -0.544411    0.001983      0.640096   3150.000000      0.447891
 2    -0.850555    0.004827      0.704178   5978.000000      0.987937
 3    -1.374305    0.005321      0.813809   9630.000000      1.727501
 4    -1.408376    0.004467      0.820941   13720.000000      2.713607
 5    -1.545978    0.000002      0.849744   18279.000000      3.951005
 6    -1.289974    0.016872      0.796157   23704.000000      5.670917
 7    -1.594584    0.001710      0.859918   32076.000000      8.613307
 8    -1.771756    0.000158      0.897004   42284.000000     12.861332
 9    -1.660909    0.001003      0.873801   50278.000000     16.898638
10    -1.697892    0.001720      0.881543   67992.000000     26.709109
0.369940    0.559391    
0.339423    0.837450    0.634457    1.227910    
0.367896    0.888035    0.603165    0.723976    0.979814    1.150558    
0.363899    0.885676    0.575730    5.537181    0.736483    0.988027    1.107572    0.094919    
0.351520    0.899119    0.590834    0.854714    5.683927    0.745734    0.967507    1.038802    0.138982    0.112249    
0.351568    0.918232    3.247292    4.132095    1.329146    5.579138    0.640271    1.289177    1.341576    1.456325    0.241084    1.378173    
0.357354    0.850893    0.547691    3.178866    6.082618    2.187532    5.496711    0.705131    1.021886    1.118831    1.344126    1.377118    1.461003    0.106015    
0.277289    0.333111    0.799918    0.469967    0.904921    0.553300    5.856999    6.129216    0.645255    0.493164    1.167723    1.214201    0.264396    0.109769    1.463759    1.517935    
0.371795    0.416606    4.278090    3.068761    0.542177    0.940482    0.450587    0.506184    4.667393    0.761582    0.422196    1.483686    1.423924    1.391007    0.199541    0.281504    0.219197    1.475826    
0.323806    0.329223    0.844706    3.234090    5.412744    5.505727    1.690938    4.507165    3.212785    2.559881    0.696253    0.443907    1.299790    1.432802    0.168075    1.465713    0.061718    1.428473    1.454534    0.091684    
