 7    -3.274465    4.319819    0.118255
1.412241  2.337697  1.611915  1.649743  0.798248  -0.038336  -0.416919  0.573888  0.379333  0.395861  -0.639797  -0.622015  -1.097253  -0.040995  0.406483  1.850516  0.371162  -0.024252  0.881849  1.684386  -0.044589  
-0.135796  -0.799962  0.144197  0.096188  0.227982  -0.038219  -0.304310  
 1    -2.138943    0.164136      0.850477   3570.000000      0.489230
 2    -2.496033    0.081997      0.897498   8188.000000      1.317512
 3    -2.680934    0.116914      0.921845   12833.000000      2.227281
 4    -2.762416    0.070111      0.932574   19967.000000      3.953564
 5    -2.838815    0.350542      0.942634   27493.000000      5.977057
 6    -2.976176    0.623290      0.960722   42340.000000     10.901874
 7    -3.064614    0.715227      0.972367   81240.000000     27.446931
 8    -3.112371    0.792991      0.978656   115287.000000     43.722620
 9    -3.136152    0.828652      0.981787   166368.000000     70.772882
10    -3.171120    0.874359      0.986392   238058.000000    114.051600
6.283185    0.766252    
3.600423    4.168277    0.353885    0.507630    
3.272827    4.334073    6.283185    0.526563    0.488940    0.222072    
2.269241    3.722059    3.862888    6.283185    0.549035    0.454372    0.368507    0.245738    
3.331775    4.475100    6.268415    2.556816    2.222700    0.519402    0.567942    0.000000    0.503734    1.249034    
3.151140    4.435285    6.131025    2.319502    3.093584    4.794853    0.549063    0.529447    0.000000    0.580061    1.076822    0.201757    
2.344647    3.841816    3.676585    5.779514    3.097031    5.544644    3.022235    0.534859    0.434115    0.249500    0.561434    1.122761    0.454913    1.341887    
2.579063    4.157296    3.863730    5.555245    2.627170    5.659401    3.217953    4.556825    0.553732    0.455060    0.283398    0.551251    1.173523    0.474557    1.203064    0.142633    
2.696678    4.343681    4.261314    5.224224    1.786669    6.252842    2.899762    5.711548    2.222962    0.553168    0.475476    0.306684    0.664625    1.086231    0.498500    1.204782    0.394426    1.325738    
2.264918    4.009037    4.085755    4.863416    4.699152    6.283185    2.812879    5.230478    3.449291    4.917479    0.603211    0.485248    0.413371    0.298897    0.190935    0.426176    1.216939    0.486798    1.170502    0.151411    
