 7    -3.188949    3.765557    0.076362
-0.452566  0.701203  -1.493780  -1.275922  1.342529  -2.134132  -1.496720  -1.305306  0.828734  0.154989  0.275923  1.852512  -0.828546  0.056397  0.562527  0.047985  0.905175  1.409930  -0.323823  -0.165668  -0.018118  
-0.300000  1.000000  1.000000  1.000000  1.000000  1.000000  1.000000  
 1    -0.490106    0.022619      0.611929   2853.000000      0.409793
 2    -0.816865    0.007167      0.658914   6051.000000      1.011541
 3    -0.957417    0.017140      0.679124   9576.000000      1.732094
 4    -1.099679    0.000572      0.699580   14149.000000      2.822643
 5    -1.315278    0.145923      0.730582   19783.000000      4.352889
 6    -1.359325    0.148292      0.736915   25463.000000      6.055000
 7    -1.459849    0.023595      0.751370   33105.000000      9.120333
 8    -1.695517    0.271487      0.785257   43263.000000     13.119943
 9    -1.684387    0.049657      0.783657   54831.000000     19.120286
10    -1.832898    0.301274      0.805011   70859.000000     29.951811
1.186495    0.920664    
1.161109    0.996716    0.838488    0.336256    
1.224686    3.995062    2.859633    0.968020    1.253236    1.311223    
1.225344    0.999527    1.559279    4.912113    0.820042    0.308976    1.297958    1.281016    
1.211611    1.232454    3.475500    3.257419    3.912608    0.804967    0.532131    0.264101    1.240923    1.261628    
1.277936    1.254487    3.478753    3.307556    3.938312    3.149885    0.777913    0.537564    0.279172    1.174325    1.242726    1.416702    
1.370420    4.021262    3.087736    6.253349    3.452092    1.161605    6.283185    1.105060    1.394540    1.339676    1.372840    0.274824    0.081599    1.322914    
1.404000    1.101540    2.702344    0.746097    3.828454    6.264755    4.255896    1.894277    0.699250    0.558086    0.349334    0.289711    0.231200    0.268449    0.216666    0.110347    
1.431192    4.099567    3.015289    6.128478    3.458177    1.234677    6.193503    2.528696    2.919721    1.084625    1.317941    1.303279    1.413642    0.215618    0.164546    1.305177    1.313953    1.430113    
1.072512    0.942902    3.235690    1.512583    4.078150    6.076197    0.517839    3.340423    1.661401    3.440775    0.645065    0.378685    0.452105    0.153013    1.255381    1.224192    0.493350    0.235126    0.070380    0.218896    
