 7    -3.741831    3.372398    1.010290
-0.913186  0.596383  0.783402  -0.561723  -0.291456  1.049971  0.974512  -0.630528  -0.053466  1.690651  -0.015440  0.065761  -0.867256  -0.327027  -0.371583  -0.194330  -0.448940  -1.491343  1.642849  0.599594  -0.460096  
-0.301530  -0.241517  0.166142  0.176598  -0.549991  0.220164  0.265864  
 1    -1.935370    0.381894      0.746078   3141.000000      0.472959
 2    -3.050319    0.753709      0.902799   6616.000000      1.189067
 3    -3.473339    0.896246      0.962260   11365.000000      2.206764
 4    -3.653999    0.963001      0.987654   18472.000000      3.890823
 5    -3.713402    0.987486      0.996004   28422.000000      6.719307
 6    -3.736191    0.997379      0.999207   44766.000000     12.282135
 7    -3.739362    0.998522      0.999653   74977.000000     24.180270
 8    -3.740867    0.999671      0.999864   115000.000000     43.039952
 9    -3.741552    0.999894      0.999961   192149.000000     84.066494
10    -3.741712    0.999951      0.999983   233311.000000    108.708371
5.141756    0.584514    
3.532337    4.548347    0.649484    0.388986    
2.958864    3.500482    4.066836    0.624304    0.458667    0.257202    
2.356706    3.475334    3.372074    4.084246    0.651079    0.507973    0.353252    0.199597    
1.825979    2.982928    3.076333    3.389846    3.835976    0.628612    0.487890    0.420774    0.280296    0.142103    
1.556667    2.844222    2.829753    2.887293    3.317938    3.875753    0.646248    0.483789    0.411057    0.331302    0.218968    0.098747    
1.376429    2.386811    2.510050    2.631886    2.848137    3.341113    3.672621    0.620821    0.447143    0.399560    0.347583    0.276150    0.170837    0.070968    
1.398967    2.480854    2.551303    2.668634    2.926334    3.376286    3.786748    4.614772    0.626694    0.457226    0.405726    0.353477    0.286520    0.204545    0.105223    0.035987    
1.092780    2.119289    2.456047    2.581353    2.758254    3.084329    3.462673    3.918916    4.444824    0.609172    0.474757    0.420228    0.375123    0.329462    0.258798    0.185939    0.092775    0.035708    
0.868965    1.901349    2.256285    2.466257    2.622689    2.851118    3.150867    3.510555    3.927665    4.255912    0.629242    0.499844    0.434216    0.392728    0.358431    0.312088    0.245470    0.171826    0.084426    0.031857    
