 7    -2.861171    3.050787    0.207555
0.458901  1.173661  0.398716  1.044500  0.584015  0.653871  1.328473  -0.097377  -0.441175  -0.278228  -0.389714  -0.718051  -0.625707  -0.346769  -1.994583  -0.832022  -1.447044  0.816843  0.281185  0.968107  0.519780  
-0.300000  1.000000  1.000000  1.000000  1.000000  1.000000  1.000000  
 1    -0.784123    0.331400      0.648670   3012.000000      0.432482
 2    -1.821337    0.666342      0.824113   6005.000000      1.005934
 3    -2.211914    0.649186      0.890179   9185.000000      1.666066
 4    -2.409641    0.740492      0.923624   12915.000000      2.500744
 5    -2.539781    0.872898      0.945637   16606.000000      3.477857
 6    -2.610037    0.880554      0.957521   23212.000000      5.409758
 7    -2.616154    0.902878      0.958556   29026.000000      7.624580
 8    -2.650749    0.924980      0.964407   38820.000000     11.475402
 9    -2.630663    0.918993      0.961010   49696.000000     16.680060
10    -2.700622    0.941316      0.972843   63011.000000     23.763939
0.380555    0.636693    
0.351217    0.442601    0.764912    0.435084    
0.342190    0.400459    2.610493    0.737408    0.496506    1.348556    
0.350275    0.444585    4.133917    1.812538    0.767184    0.429297    0.174272    1.373468    
0.346454    0.411359    2.695036    1.940735    0.972861    0.753587    0.475374    1.393415    0.191766    1.415923    
0.346071    0.404858    2.682953    3.367226    1.916245    2.360942    0.754513    0.450494    1.453728    1.393110    0.188083    0.122106    
0.354848    0.414093    2.739385    1.944758    0.896050    5.014522    0.456616    0.762552    0.445471    1.499053    0.155562    1.496714    0.177056    0.151668    
0.352654    0.411277    2.704785    1.965948    3.276103    0.901087    0.445312    5.506176    0.761914    0.443220    1.465448    0.098369    0.147612    1.377414    1.456099    0.025753    
0.350195    0.420287    3.927888    5.287100    0.462671    5.487043    6.186494    5.380817    2.807836    0.771123    0.473784    0.099758    1.416169    1.462660    1.505047    0.112717    1.425890    0.044174    
0.348061    0.408642    2.664126    0.333007    0.774370    1.952524    0.461694    1.785944    5.686301    1.695150    0.753879    0.438633    1.473972    1.570796    0.038276    1.441469    1.364054    0.140973    0.067563    1.511633    
