 7    -3.624960    3.457275    0.687364
-0.865377  -0.906804  -0.216282  -1.436207  -1.287836  0.000968  0.262022  -0.588278  -0.086633  2.495468  0.738580  -1.138786  -0.119129  -1.040382  -0.558895  -1.008352  0.341405  0.190311  -0.480779  -0.992802  1.018609  
-0.263602  0.140194  -0.181365  -0.862500  -0.185794  -0.158060  -0.194609  
 1    -2.090812    0.350868      0.783381   3252.000000      0.449945
 2    -2.912656    0.717451      0.899424   7627.000000      1.220830
 3    -3.219822    0.835306      0.942795   11737.000000      2.059664
 4    -3.508973    0.931485      0.983623   20065.000000      3.994423
 5    -3.583634    0.983272      0.994165   30574.000000      7.042145
 6    -3.612344    0.994408      0.998219   44717.000000     11.947435
 7    -3.620079    0.997754      0.999311   71432.000000     22.855691
 8    -3.624168    0.999714      0.999888   93796.000000     33.471684
 9    -3.624695    0.999898      0.999963   192190.000000     87.549307
10    -3.624850    0.999958      0.999984   236865.000000    116.082391
5.537168    0.709475    
2.965847    3.632482    0.488628    0.428329    
2.373054    3.119355    3.443796    0.528520    0.400324    0.232774    
2.353233    2.961961    2.744568    4.229199    0.576185    0.466514    0.259448    0.231682    
1.910924    2.616135    2.601939    3.247516    3.093619    0.556500    0.438535    0.348923    0.196023    0.162532    
1.296623    2.550993    2.586777    2.698136    3.134601    3.283702    0.609958    0.450117    0.382335    0.304742    0.169299    0.120799    
1.261681    2.218175    2.403170    2.579639    2.753033    3.279410    3.293371    0.600476    0.431648    0.376735    0.318958    0.245036    0.135583    0.075275    
1.152687    2.168469    2.342847    2.521265    2.757458    3.226398    3.169655    4.168466    0.596624    0.431723    0.384572    0.332694    0.249225    0.191435    0.082506    0.046049    
0.912352    1.798284    2.186741    2.401484    2.609004    2.919899    3.275391    3.354085    4.024942    0.571850    0.438177    0.394096    0.351050    0.301387    0.221909    0.163929    0.065605    0.040367    
0.785872    1.664214    2.013777    2.246989    2.452114    2.693467    3.014915    3.229074    3.513919    3.674258    0.579806    0.448094    0.391945    0.356803    0.319610    0.265097    0.193764    0.138668    0.053869    0.036422    
