 7    -3.809823    4.481291    0.479450
0.820438  1.229717  -0.763083  1.311323  -0.551206  2.015658  0.939756  -0.160168  -0.856489  0.569047  -0.021903  0.634637  0.393135  0.478060  2.245525  -1.140656  1.852895  -0.015412  -1.308539  -0.218185  0.112809  
-0.300000  1.000000  1.000000  1.000000  1.000000  1.000000  1.000000  
 1    -0.417919    0.025216      0.590899   2769.000000      0.400022
 2    -0.506475    0.050248      0.601580   6046.000000      1.022422
 3    -1.090752    0.113052      0.672050   9851.000000      1.789048
 4    -1.173121    0.034737      0.681985   13683.000000      2.767900
 5    -1.280712    0.014663      0.694961   20109.000000      4.446866
 6    -1.389393    0.109570      0.708069   25778.000000      6.440768
 7    -1.594402    0.280271      0.732796   33431.000000      9.136296
 8    -1.704198    0.309669      0.746038   42855.000000     13.136008
 9    -1.867808    0.297118      0.765772   50109.000000     16.585879
10    -1.964809    0.308909      0.777471   64641.000000     24.813930
4.133771    0.895843    
4.087075    3.999860    1.058994    0.229346    
4.251394    5.860564    0.625643    1.007058    0.442894    0.598740    
4.464117    4.641671    2.420727    5.416006    0.204829    0.848593    0.666246    0.229963    
4.523449    4.616667    2.413022    5.428959    6.283185    0.241520    0.839242    0.726903    0.203591    1.417055    
4.393702    2.177508    2.549869    2.148957    5.952069    0.659125    1.042490    0.502295    1.007732    1.456155    1.312275    0.202417    
4.532917    1.898993    1.578923    6.054953    2.231935    2.562253    0.734997    1.236243    0.509708    0.070534    0.841488    1.338150    0.949457    0.129318    
3.693132    2.295792    1.963908    4.697999    4.265239    5.636419    1.499638    0.957398    1.376106    0.292435    0.434901    1.239379    1.500411    0.306156    0.356108    0.341066    
4.195392    5.790407    3.945296    4.913137    4.430649    6.117835    2.258644    1.426604    5.652060    1.039231    0.186486    1.318970    1.554621    0.012385    0.458495    1.303009    0.112837    1.393316    
4.115283    3.724093    6.091284    6.254294    3.997204    0.785540    3.731071    3.883413    2.781890    3.314162    0.919647    0.015502    1.400988    1.570796    0.441615    0.321776    1.453734    1.121963    1.388668    1.355287    
