 7    -3.389663    3.317337    0.472683
-0.944526  -0.876067  0.826348  -0.320301  -1.080067  1.307439  -0.072256  1.633084  1.209046  -0.966583  -1.493422  -0.523997  0.003965  -0.293546  0.062105  -0.430417  0.109365  -0.063731  0.741933  -0.730128  -1.295282  
-0.300000  1.000000  1.000000  1.000000  1.000000  1.000000  1.000000  
 1    -0.417340    0.055065      0.556833   2940.000000      0.422366
 2    -0.756221    0.001552      0.607359   5950.000000      1.015466
 3    -0.842577    0.003463      0.620235   9396.000000      1.715957
 4    -0.927068    0.069809      0.632832   13747.000000      2.734755
 5    -1.054771    0.060701      0.651872   19332.000000      4.315517
 6    -1.256724    0.037534      0.681983   27003.000000      6.898926
 7    -1.375986    0.037971      0.699765   30882.000000      8.570601
 8    -1.551003    0.042464      0.725859   40666.000000     12.549738
 9    -1.657815    0.210433      0.741785   51288.000000     17.773782
10    -1.830987    0.320655      0.767605   64624.000000     26.219190
3.421063    0.569436    
2.134071    2.167137    1.110373    1.123305    
2.123096    2.166702    2.174082    1.120677    1.135026    1.395722    
3.431802    5.447822    3.644773    4.613391    0.653133    0.261259    0.372330    0.266245    
3.440449    5.478610    3.614843    4.595218    3.579764    0.655758    0.277101    0.370841    0.299625    1.395755    
2.330775    5.174158    2.257795    1.167798    1.289074    6.283185    1.390787    0.387900    1.289838    0.159579    0.577316    1.288998    
3.582736    5.687995    3.639261    4.268688    3.710737    5.280344    2.135094    0.501748    0.362447    0.477356    0.313348    1.254571    0.326374    1.339379    
3.567189    5.752319    3.587840    4.294349    3.640186    5.390755    2.041662    2.436426    0.392316    0.338413    0.566548    0.311356    1.217110    0.286557    1.233877    1.328660    
3.761415    5.804317    3.414875    4.321892    3.776154    5.308183    2.009309    2.489492    4.610367    0.496984    0.259617    0.563226    0.356815    1.357464    0.151032    1.206897    1.361132    0.274114    
1.967205    1.777057    2.595376    1.354673    2.070424    3.477546    2.018579    3.989600    0.255402    0.831095    0.835356    1.051938    1.505546    1.302758    1.281759    1.196635    1.151380    1.154909    0.448486    1.455326    
