 7    -4.705529    4.399248    0.876111
0.158384  -2.469081  -1.367974  0.135415  1.363801  -0.059990  -0.573970  0.521582  -0.633190  -0.989024  -1.811767  -0.207563  0.278757  1.736000  1.327823  -0.349844  0.156643  -2.476514  0.480148  -0.972058  1.202101  
-0.300000  1.000000  1.000000  1.000000  1.000000  1.000000  1.000000  
 1    -0.374624    0.008735      0.524326   3189.000000      0.510098
 2    -0.848824    0.049163      0.576409   6148.000000      1.288261
 3    -0.945781    0.065299      0.587058   9186.000000      2.023281
 4    -1.126486    0.018388      0.606905   12771.000000      2.498069
 5    -1.423765    0.186049      0.639556   19750.000000      4.498111
 6    -1.614852    0.204802      0.660543   25230.000000      6.018145
 7    -1.810821    0.313213      0.682067   32888.000000      8.761498
 8    -1.929326    0.198933      0.695083   41613.000000     12.699635
 9    -2.730986    0.395061      0.783131   51639.000000     17.416831
10    -2.497356    0.312393      0.757471   65825.000000     24.839505
3.477925    0.437100    
3.521219    3.172210    0.574625    1.152897    
3.539125    3.156610    2.675131    0.510341    1.100477    1.404130    
3.496502    3.810079    2.602714    5.709043    0.664776    1.026767    0.265351    1.331907    
3.504730    3.242937    2.493912    5.702103    6.283185    0.268311    1.455355    1.183207    0.114112    0.508167    
3.737460    5.607615    2.375659    2.731306    6.160853    0.884741    0.334191    1.302329    0.194691    1.234110    1.289005    1.310097    
3.521505    3.184461    2.537791    5.720050    6.283185    1.152994    2.782333    0.362977    1.412037    0.983446    0.034548    0.711705    0.281197    1.265125    
3.098187    2.955125    5.633901    5.381752    1.999836    1.364278    1.392658    3.551894    0.941055    1.131095    1.096002    1.425410    0.375361    1.376956    1.317202    0.192841    
3.054079    1.108128    4.970973    5.058867    3.293449    4.283217    2.608424    6.266521    3.826553    0.699187    1.130139    0.444261    1.363574    0.780350    1.358551    0.480673    0.217628    0.182585    
3.418221    3.180099    2.546480    5.790373    6.283185    1.275031    2.691626    3.816192    6.122348    5.804803    0.489533    1.283794    0.977996    0.018126    0.854123    0.330890    1.039634    0.290497    1.396125    1.291407    
