 7    -4.057128    3.373742    0.304050
0.659883  0.275174  0.023310  -0.031400  -0.488760  1.769949  -1.057899  0.536744  0.252211  -0.359362  -1.231819  -1.621168  -1.835555  -0.398626  -1.042137  -1.006256  -0.611754  -0.682057  2.505280  1.717893  -0.361545  
0.270088  -0.247533  -0.194425  -0.136792  0.451368  -0.263263  -0.282919  
 1    -2.196915    0.380565      0.749664   2952.000000      0.412858
 2    -3.386196    0.742479      0.909710   7089.000000      1.147316
 3    -3.831755    0.905225      0.969671   12847.000000      2.308857
 4    -3.976866    0.961975      0.989199   20496.000000      4.123064
 5    -4.028283    0.984501      0.996118   29810.000000      6.856428
 6    -4.047795    0.994943      0.998744   48325.000000     13.360589
 7    -4.051660    0.996969      0.999264   81274.000000     27.365855
 8    -4.055201    0.999421      0.999741   118563.000000     45.085978
 9    -4.056371    0.999735      0.999898   200058.000000     90.256827
10    -4.056733    0.999820      0.999947   209828.000000     98.094502
5.359301    0.577540    
4.105565    5.350671    0.717854    0.389967    
3.214556    3.871155    4.688017    0.639561    0.494985    0.271684    
2.485649    3.704073    3.638308    4.342827    0.640070    0.508317    0.363755    0.193777    
1.933420    3.351112    3.372104    3.659908    4.320215    0.645273    0.501360    0.423872    0.297851    0.136031    
1.728372    3.139667    3.147969    3.212318    3.700628    4.456703    0.655288    0.490790    0.420657    0.332918    0.224113    0.084646    
1.578549    2.788578    2.982480    3.066031    3.346220    3.941728    4.580136    0.637522    0.479054    0.424269    0.354739    0.274552    0.162635    0.052522    
1.541049    2.726316    2.852178    2.959353    3.243659    3.731220    4.310316    5.091402    0.632272    0.469563    0.416921    0.360745    0.293598    0.209596    0.114320    0.040818    
1.226367    2.374779    2.729250    2.830006    3.019776    3.379277    3.803922    4.397262    4.906364    0.624324    0.489507    0.429085    0.380555    0.336245    0.267977    0.192107    0.104033    0.036623    
1.015012    2.142616    2.553565    2.760326    2.892242    3.136126    3.458574    3.905692    4.451581    4.881421    0.643618    0.517630    0.455618    0.402996    0.367447    0.323418    0.258224    0.182761    0.096479    0.031401    
