 7    -2.803894    4.874674    0.145870
0.045279  -0.499267  -1.271602  -0.517983  0.510143  -0.288202  -0.237575  -0.498752  -0.734063  1.241094  0.074512  0.214214  0.209978  -1.570645  -0.863728  1.809023  0.669490  -0.298024  -0.167692  -2.031620  1.059673  
0.227005  0.249608  -0.076891  0.135947  0.612500  -0.191485  0.351965  
 1    -1.453010    0.264898      0.824071   3159.000000      0.487252
 2    -2.187571    0.563355      0.919735   6729.000000      1.210940
 3    -2.538195    0.732119      0.965397   12065.000000      2.155046
 4    -2.703518    0.859618      0.986928   18672.000000      3.719902
 5    -2.751222    0.897321      0.993140   28773.000000      6.701656
 6    -2.774697    0.928995      0.996198   44473.000000     12.144692
 7    -2.786238    0.960217      0.997701   68261.000000     21.603903
 8    -2.793462    0.981398      0.998641   106088.000000     39.596657
 9    -2.799976    0.996651      0.999490   145823.000000     60.924829
10    -2.802584    0.998966      0.999829   219889.000000    108.000171
5.012330    0.626246    
3.445605    4.415381    0.612267    0.363252    
2.887149    3.826839    4.558208    0.620370    0.454625    0.245161    
2.534842    3.570005    3.666308    4.324650    0.617821    0.473333    0.311969    0.178105    
1.861143    3.207315    3.378936    3.787864    4.181525    0.608127    0.472362    0.392830    0.252179    0.120350    
1.750039    3.021560    3.143836    3.382726    3.766197    4.309895    0.633963    0.462017    0.394220    0.307254    0.185523    0.083696    
1.597152    2.950182    3.104628    3.319746    3.684694    4.129201    4.854208    0.625531    0.477570    0.407735    0.321090    0.236400    0.131281    0.055202    
1.587106    2.860911    3.117058    3.305437    3.546678    4.155593    4.481472    5.055192    0.633845    0.485040    0.418499    0.342949    0.262866    0.185023    0.098240    0.045823    
1.507350    2.815667    3.052314    3.271096    3.563734    3.986584    4.603714    4.567251    5.113199    0.621903    0.478522    0.420526    0.344675    0.274259    0.205710    0.140127    0.082719    0.043964    
1.284070    2.494637    2.850124    3.055612    3.303928    3.738826    4.090889    4.551911    4.530484    4.889151    0.619000    0.475850    0.419647    0.364040    0.304065    0.242924    0.178678    0.127991    0.075071    0.037027    
