 7    -2.951755    4.589425    0.452820
-1.749765  0.342680  1.153036  -0.252436  0.981321  0.514219  0.221180  -1.070043  -0.189496  0.255001  -0.458027  0.435163  -0.583595  0.816847  0.672721  -0.104411  -0.531280  1.029733  -0.438136  -1.118318  1.618982  
-0.300000  1.000000  1.000000  1.000000  1.000000  1.000000  1.000000  
 1    -0.314708    0.040727      0.650314   2619.000000      0.408367
 2    -0.608418    0.055633      0.689261   5984.000000      1.058076
 3    -0.866424    0.114543      0.723474   9556.000000      1.843352
 4    -0.983791    0.112695      0.739038   12943.000000      2.663677
 5    -1.022996    0.133116      0.744236   18801.000000      4.179312
 6    -1.268230    0.294321      0.776756   24257.000000      6.193074
 7    -1.284737    0.298878      0.778945   33722.000000      9.946984
 8    -1.459142    0.365314      0.802072   42804.000000     13.605918
 9    -1.485435    0.365812      0.805558   52603.000000     18.860564
10    -1.664800    0.246096      0.829343   70377.000000     29.714576
3.262541    1.177398    
6.283185    3.966394    0.761350    0.829109    
3.115540    2.899537    5.567799    1.040303    0.320281    0.328666    
3.123327    2.962413    4.490231    1.033533    1.061368    0.302434    0.158840    0.326912    
3.048328    2.984826    5.398286    0.954237    1.858532    1.022253    0.262888    0.316368    0.213787    1.387636    
3.126463    5.462403    6.267990    1.045973    5.997294    4.917322    1.460502    1.365256    1.570796    1.019322    1.397416    0.236770    
2.886313    2.467238    5.366284    1.543695    4.932022    1.278728    2.818469    0.927315    0.193131    0.065163    0.425031    1.144107    0.182427    1.357564    
2.934320    2.455470    5.225171    1.711077    5.012064    1.596554    2.706676    0.541600    0.920210    0.134979    0.197524    0.445830    1.122897    0.185455    1.146046    0.270509    
3.270813    5.318090    4.101401    3.278976    0.769503    5.148993    2.195993    6.242987    2.570473    1.384920    1.107357    0.149285    1.029093    1.282109    1.444645    0.307435    1.363427    1.405041    
6.283185    3.994838    4.775773    3.761229    5.440587    4.630644    3.944083    2.610744    4.099734    5.411925    0.771904    0.985628    1.389176    1.319981    1.491248    0.227607    1.445056    1.312034    1.428284    0.328600    
