 7    -2.803894    4.874674    0.145870
0.045279  -0.499267  -1.271602  -0.517983  0.510143  -0.288202  -0.237575  -0.498752  -0.734063  1.241094  0.074512  0.214214  0.209978  -1.570645  -0.863728  1.809023  0.669490  -0.298024  -0.167692  -2.031620  1.059673  
-0.300000  1.000000  1.000000  1.000000  1.000000  1.000000  1.000000  
 1    -0.222147    0.012862      0.663772   2628.000000      0.383752
 2    -0.575288    0.051842      0.709763   5465.000000      0.930482
 3    -0.758897    0.041466      0.733675   9394.000000      1.722332
 4    -0.896083    0.068517      0.751541   13977.000000      2.761972
 5    -1.032739    0.016166      0.769338   18449.000000      4.031581
 6    -1.140228    0.081324      0.783336   23343.000000      5.659019
 7    -1.394699    0.175501      0.816477   31908.000000      8.684595
 8    -1.447714    0.161896      0.823381   39761.000000     12.114139
 9    -1.516818    0.073269      0.832381   54985.000000     19.550256
10    -1.560722    0.151588      0.838098   63229.000000     25.534455
2.282051    0.332992    
0.513962    1.443675    1.174622    1.269077    
2.438811    4.210649    3.771653    0.420864    0.466392    1.224524    
2.721555    4.147694    3.811215    2.240663    0.332663    0.679631    0.948168    1.195766    
2.121072    0.745447    4.085426    6.011276    3.712619    0.371870    1.122071    1.335545    1.385562    1.324094    
2.754616    4.675482    1.135738    6.283185    3.135237    2.971424    0.948210    1.141908    1.371013    1.184684    1.101748    1.405603    
3.153783    4.066566    3.833754    2.203410    5.147236    0.981341    5.866583    0.436685    0.590314    0.988183    1.197849    0.191817    0.257012    1.461374    
1.576066    0.908236    2.432760    1.396877    4.525535    4.047713    3.946181    0.467168    1.269400    0.763832    1.128107    1.291267    0.176480    0.123261    1.353185    0.127871    
0.877296    1.485763    5.124664    3.059878    5.930195    1.561160    5.631890    4.985212    0.805924    1.331840    1.135744    0.295684    0.410285    1.089661    1.570796    1.103326    0.430568    0.142600    
2.399625    4.242263    3.942736    4.658380    6.240833    3.276632    1.312085    4.685348    1.676494    6.098153    0.307255    0.296537    1.329577    0.297806    0.241360    1.256652    1.513106    0.222168    0.392260    0.190066    
