 7    -3.004646    3.630537    0.106645
-1.450948  1.910953  0.711879  -0.247738  0.361466  -0.032950  -0.221347  0.477257  -0.691939  0.792006  0.073249  1.303286  0.213481  1.017349  1.911712  -0.529672  1.842135  -1.057235  -0.862916  0.237631  -1.154182  
0.181884  0.104225  -0.109710  0.799990  0.098836  0.129812  0.173022  
 1    -1.732017    0.180498      0.808200   3201.000000      0.455856
 2    -2.682331    0.216810      0.951423   7414.000000      1.197718
 3    -2.711588    0.170233      0.955833   11006.000000      1.937267
 4    -2.715999    0.200233      0.956497   18548.000000      3.773501
 5    -2.887905    0.713160      0.982406   26400.000000      6.151654
 6    -2.934816    0.962833      0.989476   38922.000000     10.335471
 7    -2.975397    0.987075      0.995592   73795.000000     24.910366
 8    -2.975976    0.985063      0.995679   143391.000000     59.848859
 9    -2.980393    0.979144      0.996345   206550.000000     94.981576
10    -2.990487    0.991463      0.997866   268692.000000    130.710396
6.283185    0.692108    
3.958181    6.283185    0.286676    0.571103    
3.899559    5.682918    6.283185    0.351902    0.507046    0.101755    
3.710245    5.605380    6.283185    5.461338    0.336400    0.483196    0.138738    1.527763    
6.043787    4.188674    6.283185    4.159307    6.283185    0.256248    0.496702    0.438811    1.012892    0.267189    
6.283185    4.383874    5.449055    4.621978    6.283185    4.347253    0.336998    0.402026    0.434530    0.996315    0.570856    1.284272    
4.169399    5.404169    6.189552    4.984453    5.066582    2.433524    3.100586    0.525913    0.414516    0.503963    1.128404    0.516861    0.450871    0.888502    
4.224837    5.390753    6.133607    4.970196    5.139144    2.430840    3.060044    6.283185    0.534064    0.408364    0.510410    1.133330    0.521592    0.424186    0.947372    1.525798    
3.795247    5.344432    5.725066    4.711401    4.990456    2.549803    3.110134    6.283185    6.283185    0.519822    0.411402    0.488552    1.147388    0.533174    0.295969    1.217548    1.225065    0.193341    
3.109422    4.605868    4.061374    6.283185    4.099732    6.283185    4.596045    4.757937    4.218009    5.441986    0.507806    0.371693    0.283547    0.534326    1.094100    0.573809    1.172582    1.570796    0.237009    1.403507    
