 7    -3.494307    4.207301    0.044393
-0.643717  -1.251820  -0.563915  0.331439  1.203907  0.410914  1.678242  -1.025964  -0.021762  0.530480  0.576005  -1.554301  0.135096  -0.623157  1.427615  -2.456159  -1.629362  1.660334  -0.304425  -0.554435  -0.470783  
-0.300000  1.000000  1.000000  1.000000  1.000000  1.000000  1.000000  
 1    -0.693705    0.012990      0.636361   3243.000000      0.461056
 2    -1.384400    0.102732      0.726043   6023.000000      0.998929
 3    -1.603206    0.179967      0.754454   9979.000000      1.800105
 4    -1.736413    0.230921      0.771750   14150.000000      2.849702
 5    -1.798778    0.168939      0.779847   19594.000000      4.376821
 6    -1.961999    0.282431      0.801040   24385.000000      5.913442
 7    -2.011634    0.123722      0.807485   32465.000000      8.922787
 8    -2.126438    0.233509      0.822392   39597.000000     12.078724
 9    -2.173801    0.389247      0.828542   52472.000000     18.375174
10    -2.385699    0.358205      0.856055   65741.000000     26.653122
0.358797    0.526427    
0.628666    1.269799    0.415203    1.161050    
0.560568    1.258394    3.165985    0.406211    1.137264    1.367075    
0.542177    1.281464    3.183160    2.748952    0.403265    1.106834    1.268410    0.174852    
0.600415    1.308884    5.061601    5.110699    3.210738    0.387575    1.080665    0.181722    1.357070    1.446979    
0.580780    1.293098    3.158245    2.780745    4.302128    3.621041    0.430670    1.117244    1.303134    0.108121    1.440044    0.120746    
0.478168    4.418632    4.088127    2.674289    2.846596    1.146534    1.746216    0.648635    1.405461    0.264398    1.110217    0.451515    0.118589    1.449053    
0.617149    1.263316    5.006581    4.341086    2.756898    3.814654    5.883450    2.057089    0.381685    1.053408    0.255308    0.112881    0.199538    1.361790    0.131542    1.455867    
0.552966    1.250574    0.984540    2.097721    2.802058    4.438463    3.687622    1.394310    2.390976    0.421246    1.178727    1.417286    1.313425    0.102035    1.570796    0.187878    1.393943    0.127775    
0.515238    1.283510    2.562971    2.309090    3.284983    2.093264    2.888799    6.012316    1.154064    3.203381    0.372224    1.146778    0.087707    0.242956    0.245133    1.372772    1.457998    1.416256    1.421322    1.460030    
