 7    -2.865098    3.228977    0.167126
0.284659  -1.315573  -0.206194  -1.485032  -0.567317  1.520115  0.523557  0.024520  -1.685001  -0.604265  -0.469087  0.473629  0.909703  0.246694  0.447508  -0.673319  0.623387  0.470458  0.175019  0.545834  -1.600765  
-0.279719  0.169283  -0.146635  -0.768748  -0.039689  0.205698  0.299333  
 1    -1.704347    0.279247      0.809528   3198.000000      0.452017
 2    -2.401031    0.564940      0.923850   6753.000000      1.103500
 3    -2.601204    0.653924      0.956697   11902.000000      2.172177
 4    -2.754011    0.732831      0.981771   17656.000000      3.483295
 5    -2.801948    0.766113      0.989637   28634.000000      6.855674
 6    -2.818588    0.796316      0.992368   45651.000000     12.985573
 7    -2.831592    0.876642      0.994502   71470.000000     23.941306
 8    -2.843406    0.930901      0.996441   118140.000000     44.462197
 9    -2.858652    0.989490      0.998942   148458.000000     59.776101
10    -2.863004    0.997917      0.999657   200843.000000     89.914362
5.482667    0.653282    
3.368506    3.846049    0.525759    0.378629    
2.620899    3.384176    3.746532    0.540223    0.408206    0.211319    
2.303007    3.334342    3.323320    4.130450    0.622573    0.468145    0.303844    0.200298    
1.817467    2.849772    3.027097    3.448642    3.672529    0.594685    0.448603    0.378316    0.236400    0.134666    
1.570961    2.809777    2.865190    3.057031    3.461073    3.972709    0.631880    0.447995    0.381859    0.308597    0.175855    0.090459    
1.685499    3.059684    3.051767    3.321962    3.828984    3.888778    5.025882    0.630012    0.464719    0.393521    0.291373    0.215293    0.109532    0.082079    
1.737826    3.022257    3.098176    3.397285    3.799327    4.242058    4.487311    4.444495    0.640860    0.471758    0.393016    0.309168    0.213127    0.166854    0.107065    0.072550    
1.608826    3.094336    3.168215    3.431312    4.156965    4.163507    5.004970    4.189183    4.595234    0.650281    0.468739    0.403186    0.292466    0.204580    0.132428    0.177805    0.088861    0.085652    
1.567024    2.743454    2.981455    3.297732    3.760158    4.291771    4.843314    4.310182    4.511671    4.222661    0.630285    0.462680    0.399702    0.323320    0.220273    0.162381    0.133929    0.151890    0.088647    0.064637    
