 7    -4.467485    3.206108    1.300115
-0.217286  -0.915852  1.062431  0.444871  -0.375857  -1.325971  -0.652894  -0.842896  -0.447425  1.539325  0.027425  -0.777571  -1.614024  0.688196  -0.014051  0.026840  0.549220  0.855711  0.291851  -0.626174  -2.124388  
-0.300000  1.000000  1.000000  1.000000  1.000000  1.000000  1.000000  
 1    -0.900355    0.050420      0.535142   3378.000000      0.475835
 2    -1.456776    0.116473      0.607653   6665.000000      1.081017
 3    -1.590572    0.191165      0.625089   9236.000000      1.628915
 4    -1.734373    0.271581      0.643829   14156.000000      2.733660
 5    -1.839441    0.247290      0.657521   18914.000000      4.029238
 6    -1.867647    0.302933      0.661197   24471.000000      5.870843
 7    -2.159389    0.318299      0.699216   30874.000000      8.265484
 8    -2.382118    0.404435      0.728241   41494.000000     12.588267
 9    -2.668353    0.540171      0.765542   55400.000000     19.442358
10    -2.491911    0.423603      0.742549   63689.000000     25.163732
0.449312    0.504242    
1.091201    1.479460    0.779692    0.350892    
1.099534    1.439349    3.941579    0.775015    0.319519    1.413423    
1.137281    1.483709    3.989084    4.146651    0.735346    0.316910    1.398208    0.189199    
1.069090    1.486572    4.128984    4.139406    5.422369    0.766317    0.348552    1.407539    0.160284    0.174442    
1.142046    1.356145    3.975107    1.189047    1.471036    3.145791    0.770817    0.251535    1.241195    1.384678    1.380036    1.422351    
1.013227    1.513904    4.232603    4.074944    5.308929    0.891780    4.796692    0.783901    0.381244    1.294069    0.150329    0.225183    0.189248    1.383369    
1.051627    1.412439    4.188409    4.149894    5.340136    5.737544    4.954181    5.727198    0.801011    0.307352    1.315376    0.085114    0.305002    1.474151    0.126045    1.348055    
0.947779    1.449827    4.258138    4.081551    5.351741    4.359802    5.065983    6.283185    4.577621    0.791861    0.370353    1.402742    0.182575    0.196177    0.169428    1.439898    1.346041    1.429478    
0.956329    1.498194    4.198825    4.108702    5.313365    0.771672    5.107530    2.094317    1.419783    5.650418    0.783427    0.387411    1.359002    0.162882    0.226323    0.118546    1.397655    0.077639    1.378891    0.120458    
