 7    -3.236390    4.724244    0.334989
-1.789561  -0.620432  -1.171035  0.148565  0.893654  -1.575155  -0.288518  -0.152455  -0.774642  -0.676979  1.407445  0.790398  -1.298069  -1.898607  -0.394314  -0.811435  0.276450  0.234359  -0.670887  0.533213  -0.724677  
-0.300000  1.000000  1.000000  1.000000  1.000000  1.000000  1.000000  
 1    -0.604957    0.176259      0.669444   2718.000000      0.390749
 2    -1.377616    0.420388      0.766504   5839.000000      0.981858
 3    -2.379304    0.727132      0.892335   8690.000000      1.591045
 4    -2.626723    0.802999      0.923415   12439.000000      2.477064
 5    -2.607546    0.816353      0.921006   17468.000000      3.815309
 6    -2.726863    0.832455      0.935994   24006.000000      5.847203
 7    -2.744784    0.842222      0.938245   30296.000000      8.224157
 8    -2.351684    0.691181      0.888865   37119.000000     11.112665
 9    -2.812549    0.838552      0.946758   50110.000000     17.247313
10    -2.839755    0.832434      0.950175   62981.000000     24.498597
0.337372    0.541959    
0.363025    0.857125    0.637981    1.174156    
0.365565    0.895027    0.623088    0.716649    0.966447    1.165474    
0.376209    0.877037    0.566527    0.907146    0.707514    1.010062    1.107878    0.191820    
0.367348    0.897518    0.615783    0.305792    4.412693    0.811716    0.852637    1.072881    1.307612    1.518720    
0.367357    0.883412    0.567454    0.888638    5.385780    1.006011    0.720301    0.985124    1.093836    0.235829    0.109210    1.486791    
0.367668    0.863941    0.540557    0.831259    5.932489    4.206475    4.581273    0.698859    1.021528    1.114525    0.250263    1.570796    1.444326    0.063334    
0.373019    0.849060    3.304777    1.894661    3.521543    2.007963    3.409967    0.922049    0.662600    1.271181    1.359234    0.199805    0.092158    1.505609    1.406010    0.138846    
0.350325    0.864371    0.539694    0.854165    3.762491    4.559707    5.692305    4.727576    2.370926    0.692845    1.007817    1.101548    0.238153    1.570796    0.000000    1.467403    0.115901    0.061423    
0.337875    0.895280    0.578189    0.867283    4.365885    5.532862    0.668723    3.463302    5.960751    2.275312    0.755011    0.955986    1.043664    0.230764    0.051436    1.443235    1.476775    1.485768    0.109353    0.061178    
