 7    -4.249036    3.546776    1.053575
0.696245  -2.444617  -0.260982  -0.113475  -0.320669  0.034260  -0.922643  -1.114682  -0.286673  1.218300  1.229856  -1.262179  0.833652  -0.477234  -0.225393  0.186255  -1.199015  -0.142385  1.513019  -0.285775  -1.416254  
-0.300000  1.000000  1.000000  1.000000  1.000000  1.000000  1.000000  
 1    -0.589836    0.001368      0.530620   3054.000000      0.531763
 2    -0.940833    0.016271      0.575644   6211.000000      1.221971
 3    -1.179315    0.006352      0.606235   9743.000000      2.053814
 4    -1.319289    0.018609      0.624190   13758.000000      3.305839
 5    -1.436757    0.035992      0.639258   19648.000000      4.208920
 6    -1.857679    0.154213      0.693251   25537.000000      6.143566
 7    -1.756497    0.047308      0.680272   33676.000000      9.150102
 8    -1.904544    0.090459      0.699263   44788.000000     13.823032
 9    -1.987147    0.287856      0.709858   54330.000000     18.609926
10    -2.236813    0.328656      0.741884   70671.000000     27.011472
1.147965    0.868423    
1.091597    0.878614    0.822381    0.424604    
1.111863    0.907031    1.479440    0.780405    0.360693    1.289998    
1.136798    0.917696    1.518097    5.997464    0.776078    0.370973    1.179968    0.172701    
1.141413    0.914928    1.550324    3.196550    2.794953    0.767609    0.371160    1.132558    0.169753    0.185008    
0.875449    0.862882    4.677931    2.252453    5.541503    0.466036    0.694038    0.743115    0.083427    0.157632    0.224618    1.333125    
1.163267    0.994384    1.608601    2.883499    2.986496    3.199980    4.840724    0.701855    0.337870    1.176409    0.236072    0.251869    1.303645    1.482808    
0.819387    0.879445    4.744197    2.445229    6.283185    3.805184    2.275796    2.673347    0.658636    0.719866    0.139400    0.130505    0.159628    0.103211    1.526317    1.274611    
1.420205    5.257972    2.569221    0.835625    4.211188    3.417795    0.243014    3.414599    2.800826    1.032918    0.723254    0.980564    0.228114    1.235602    0.436459    1.222288    1.443325    1.443613    
1.261123    0.950407    1.726397    6.164403    2.008640    6.041537    3.867969    0.967707    1.548166    4.569126    0.783721    0.599759    1.219080    0.279859    1.251044    0.309051    0.334192    1.246273    1.313061    0.176603    
