 7    -3.440911    3.176841    0.907629
-0.894779  0.121654  -0.763285  -0.481901  1.059032  0.356689  -0.392180  1.515508  -0.183340  -0.140353  -1.015118  -1.061475  -0.607602  1.142866  0.181214  0.037874  0.814313  -0.188506  0.959805  -0.357926  -1.180893  
-0.147250  0.102022  -0.799997  -0.123196  -0.132484  0.204135  0.177080  
 1    -1.774137    0.356304      0.748136   3096.000000      0.427714
 2    -2.809736    0.765980      0.904624   6550.000000      1.054619
 3    -3.108600    0.885413      0.949785   11912.000000      2.113907
 4    -3.294896    0.940370      0.977936   18900.000000      3.811143
 5    -3.392578    0.979898      0.992696   30600.000000      7.153232
 6    -3.426612    0.993308      0.997839   48380.000000     13.047932
 7    -3.435372    0.997189      0.999163   75616.000000     24.699840
 8    -3.440043    0.999590      0.999869   112833.000000     42.391039
 9    -3.440555    0.999816      0.999946   209683.000000     96.080326
10    -3.440674    0.999891      0.999964   249570.000000    121.590832
6.283185    0.616268    
4.690065    4.881604    0.477244    0.391901    
3.384235    4.561823    4.131052    0.482104    0.372473    0.221340    
3.222621    4.450313    4.327778    5.334622    0.594927    0.458230    0.256603    0.200722    
2.723894    3.805958    3.844305    4.696426    4.378380    0.574707    0.437576    0.345133    0.207284    0.152095    
2.011785    3.676084    3.741378    3.972153    4.459926    4.746746    0.607955    0.447617    0.372392    0.297664    0.170751    0.109322    
1.908011    3.211902    3.476677    3.770684    3.988592    4.681848    4.799079    0.595557    0.431143    0.372796    0.311066    0.247923    0.129503    0.073284    
1.790952    3.219981    3.455490    3.729202    4.020563    4.700289    4.681231    5.946841    0.596747    0.433812    0.383084    0.328751    0.252383    0.189892    0.082822    0.050930    
1.480316    2.738518    3.200420    3.517423    3.812740    4.264686    4.703517    5.023323    5.442270    0.572437    0.427389    0.388325    0.343518    0.294736    0.219006    0.157109    0.066971    0.039927    
1.292496    2.563054    3.050347    3.369734    3.655631    4.007513    4.423943    4.729566    5.085793    5.096849    0.573107    0.438075    0.391509    0.352342    0.311728    0.254134    0.186129    0.123459    0.054783    0.029499    
