 7    -3.562510    4.160591    0.179445
1.106323  0.363394  -0.936566  0.047962  0.263298  -0.084500  -0.391316  0.255723  0.376680  -0.973780  0.143114  -1.327974  2.457710  1.226160  -0.086657  -0.573588  -0.182010  -2.922650  1.607104  -0.050218  -0.684451  
-0.300000  1.000000  1.000000  1.000000  1.000000  1.000000  1.000000  
 1    -0.419774    0.028951      0.593073   3009.000000      0.428968
 2    -0.701861    0.013680      0.629598   6574.000000      1.095453
 3    -0.927980    0.076073      0.658877   10244.000000      1.849299
 4    -1.277103    0.032563      0.704082   13298.000000      2.598375
 5    -1.415692    0.014066      0.722026   18771.000000      4.046100
 6    -1.609304    0.177104      0.747096   25952.000000      6.281675
 7    -1.625384    0.210616      0.749178   31939.000000      8.693202
 8    -1.695896    0.060199      0.758308   43480.000000     13.577587
 9    -1.967153    0.225418      0.793431   52596.000000     18.330066
10    -2.077863    0.149328      0.807765   64295.000000     25.590511
1.993250    0.455064    
2.038714    3.754111    0.573520    0.337155    
2.192552    3.688694    3.541369    0.724258    0.234164    0.344899    
2.141789    3.712462    3.256977    2.822955    0.818102    0.235910    0.423583    0.337072    
2.092864    3.680234    3.284867    2.848970    0.906169    0.821957    0.261665    0.429222    0.394068    1.424561    
2.153848    4.822241    3.679102    0.794524    4.805255    4.210966    0.659523    1.213322    1.221053    1.205469    1.214768    0.337541    
2.088192    2.707739    2.415997    2.101038    4.828935    6.283185    5.445218    0.318167    0.243187    1.320588    0.197064    1.298003    0.182052    0.201787    
2.023984    3.622139    2.884294    5.644002    6.209915    5.307847    0.845733    1.416932    0.517513    0.443559    0.000000    0.115456    0.156979    0.111818    1.114932    0.205448    
1.895149    3.699014    2.970574    5.487852    6.283185    6.283185    3.017556    5.780974    1.627218    0.400661    0.485413    0.098993    0.055288    0.180504    1.204262    0.202001    0.288927    0.154196    
2.051511    2.496698    2.608419    1.983338    2.850066    4.324155    2.763205    3.390534    3.878733    2.900552    0.571242    0.242646    0.980739    0.625636    0.285980    0.254635    0.246098    1.451977    1.476484    1.379360    
