 7    -3.197994    3.531777    0.108203
1.857565  -0.203968  0.711019  -0.958718  0.636314  0.984796  0.976736  -0.773217  -0.776050  -1.071380  -0.238518  -0.933245  -0.167597  -1.889870  0.563232  -1.514799  -0.558354  0.092131  0.432031  0.517837  -0.093025  
-0.542660  0.410700  0.304292  0.436722  0.214339  0.612170  -0.021889  
 1    -1.798291    0.235742      0.792013   3828.000000      0.523366
 2    -2.857131    0.394786      0.949350   6824.000000      1.080242
 3    -3.076053    0.421813      0.981880   11829.000000      2.053793
 4    -3.093297    0.445761      0.984443   18181.000000      3.596627
 5    -3.120135    0.535810      0.988431   27233.000000      6.240263
 6    -3.149617    0.685433      0.992811   42198.000000     11.172243
 7    -3.158309    0.752859      0.994103   65661.000000     20.679951
 8    -3.172474    0.875270      0.996208   88056.000000     30.782447
 9    -3.174460    0.820230      0.996503   143220.000000     60.979698
10    -3.183807    0.932505      0.997892   237371.000000    118.301276
2.334019    0.541105    
2.117962    2.491413    0.741009    0.394746    
1.402815    1.933260    2.226277    0.640267    0.531333    0.262860    
1.339166    1.908021    2.169508    5.219425    0.637072    0.530764    0.307552    1.515034    
1.215460    1.823886    2.033029    5.120502    2.967202    0.616532    0.526766    0.326898    1.413436    1.474070    
1.130614    1.506926    1.757692    4.736350    2.604182    2.576282    0.548679    0.460013    0.355911    1.317051    1.311145    1.431172    
1.080921    1.579321    1.805203    4.674724    2.474698    2.292458    2.296015    0.561025    0.477259    0.366816    1.289663    1.268062    1.322854    1.469997    
1.097003    1.716093    1.796856    4.984561    6.094676    5.649549    2.483582    2.438195    0.596972    0.492135    0.344107    1.381320    0.157600    1.355537    1.321432    1.431993    
0.784711    1.645387    1.443795    1.788981    5.127126    2.371765    2.249922    2.464120    2.832030    0.627143    0.483891    0.361978    0.301127    1.364606    1.337234    1.342318    1.387685    1.483307    
0.988144    1.698054    1.811082    4.692336    2.691276    2.857032    4.101958    2.369690    2.325726    2.369981    0.577445    0.505335    0.355275    1.345339    1.388942    1.510745    1.471161    1.384903    1.362163    1.455361    
