 7    -3.129413    3.254390    0.145459
-0.337545  -0.225671  -0.825266  -1.519911  0.236885  -0.567556  1.783642  0.438508  -0.234935  0.649691  0.120339  -1.428240  -0.086604  1.572401  0.256997  0.257998  0.610064  -0.238371  -0.607507  0.311573  1.282436  
-0.027152  -0.340507  0.307685  0.283203  -0.214724  -0.287387  0.315148  
 1    -1.903121    0.014068      0.807906   3141.000000      0.451167
 2    -2.744330    0.003854      0.939678   7202.000000      1.239699
 3    -2.941325    0.001452      0.970537   12346.000000      2.269153
 4    -2.973942    0.000622      0.975646   20563.000000      4.256537
 5    -2.981428    0.000194      0.976819   33331.000000      8.043992
 6    -2.982968    0.000002      0.977060   55041.000000     15.970229
 7    -2.983344    0.000003      0.977119   69371.000000     22.743510
 8    -2.983227    0.000008      0.977101   62008.000000     20.184608
 9    -2.983355    0.000001      0.977121   93090.000000     34.907865
10    -2.983469    0.000008      0.977138   146674.000000     64.337447
5.003106    0.526535    
4.434064    5.241056    0.768029    0.408559    
2.607306    3.722079    4.581136    0.605138    0.561195    0.298130    
2.044037    3.344976    2.812223    3.655937    0.603246    0.477909    0.325061    0.206576    
1.574115    3.039321    2.836570    2.978034    3.829103    0.636375    0.478744    0.383515    0.294716    0.139079    
1.518126    2.942815    2.890123    2.963944    3.680846    5.025850    0.626134    0.482692    0.396344    0.308686    0.202638    0.056310    
1.284214    2.524634    2.792590    2.854268    3.214166    3.975360    4.963982    0.620918    0.481244    0.421552    0.351284    0.276311    0.167873    0.053129    
1.415199    2.683994    2.711462    2.767915    3.247969    3.724611    4.454604    5.292881    0.619877    0.466734    0.393717    0.331735    0.244147    0.125198    0.041731    1.570233    
1.271743    2.511150    2.797940    2.875798    3.243486    4.000023    4.950977    3.628554    4.374048    0.618797    0.478933    0.423240    0.352575    0.275795    0.171521    0.065925    0.011067    0.007610    
1.220051    2.370254    2.741812    2.888770    3.266494    4.069516    5.103264    5.120394    4.634634    3.617415    0.602717    0.467109    0.424892    0.360826    0.280388    0.182133    0.112467    0.085631    0.046010    0.016898    
