 7    -2.865098    3.228977    0.167126
0.284659  -1.315573  -0.206194  -1.485032  -0.567317  1.520115  0.523557  0.024520  -1.685001  -0.604265  -0.469087  0.473629  0.909703  0.246694  0.447508  -0.673319  0.623387  0.470458  0.175019  0.545834  -1.600765  
-0.300000  1.000000  1.000000  1.000000  1.000000  1.000000  1.000000  
 1    -0.395469    0.007541      0.594749   2775.000000      0.414709
 2    -0.626385    0.000328      0.632641   5821.000000      1.420595
 3    -0.885242    0.014071      0.675118   8912.000000      1.789014
 4    -1.118185    0.072356      0.713342   13964.000000      2.754903
 5    -1.030932    0.002472      0.699025   19523.000000      4.181504
 6    -1.347967    0.054831      0.751048   24539.000000      5.827007
 7    -1.370844    0.001928      0.754802   32911.000000      8.955005
 8    -1.405623    0.117419      0.760509   41884.000000     12.644369
 9    -1.601090    0.230029      0.792584   53862.000000     18.705425
10    -1.611656    0.105385      0.794318   70659.000000     27.107096
5.281616    1.146450    
5.252859    6.203071    1.037355    0.460704    
4.113807    3.578902    2.609321    0.699536    0.716206    0.338789    
4.319011    3.472468    2.461516    2.223486    0.739989    0.829700    0.436409    1.161011    
1.293772    1.164334    2.800461    3.633811    4.920586    0.900475    0.805562    1.434688    1.044331    0.127975    
4.024335    3.503870    2.699550    0.814003    2.483679    5.011157    0.704077    0.673534    0.274344    0.171740    1.359640    1.292104    
4.266125    3.462007    2.520603    5.153191    5.462200    5.446123    3.591538    0.933763    1.001207    0.326574    0.027263    1.116344    0.378050    0.135386    
5.144697    2.669962    3.038644    2.763811    1.815013    4.916925    1.205809    1.282771    0.981333    0.986669    1.570796    0.834142    1.316039    1.423642    1.377105    0.227985    
3.601282    3.837083    5.095783    1.548523    2.582408    4.307559    3.420714    1.449356    6.283185    0.797854    0.590424    0.333701    1.441456    1.060362    1.433577    0.220461    0.019089    1.324739    
5.266962    6.025841    4.599518    4.774432    4.588638    5.478243    1.537569    2.487081    4.211990    1.354835    1.139127    0.335072    0.142997    1.331974    1.178818    0.415784    0.133143    0.132299    1.282124    1.381685    
