 7    -3.244620    3.524251    0.498501
-0.253089  -0.637147  -1.909595  -0.106139  0.001714  -0.962448  0.254333  -1.112221  0.210460  1.389632  0.656688  -0.053128  0.415673  0.704063  -0.896223  0.479744  1.144388  2.050119  0.674869  -0.860506  0.399698  
-0.300000  1.000000  1.000000  1.000000  1.000000  1.000000  1.000000  
 1    -0.440589    0.124837      0.585746   2505.000000      0.363469
 2    -0.664137    0.044234      0.618772   5511.000000      0.937746
 3    -0.970697    0.095036      0.664062   8846.000000      1.617150
 4    -1.398850    0.249266      0.727315   13548.000000      2.721797
 5    -1.191718    0.224819      0.696714   19935.000000      4.421029
 6    -1.613805    0.406464      0.759071   25059.000000      6.094686
 7    -1.705835    0.264246      0.772668   32734.000000      9.146193
 8    -1.675374    0.103513      0.768167   40753.000000     12.573836
 9    -1.645898    0.110928      0.763813   53764.000000     18.870456
10    -1.882375    0.282049      0.798749   67701.000000     27.807719
1.169875    1.012487    
1.187898    4.213172    1.026406    1.175102    
1.216933    2.456661    3.039911    1.191688    0.246857    0.303214    
1.088122    0.930224    1.438042    2.126982    0.782268    0.383446    1.258922    0.212071    
1.223193    3.990749    2.866004    5.191813    1.917553    0.917251    1.241240    1.390598    0.210586    0.343683    
1.134348    1.002373    1.506555    2.180537    3.753014    1.483189    0.764548    0.398451    1.108716    0.260050    0.268906    1.469545    
1.311199    4.420714    1.550964    4.560090    6.283185    3.779854    4.758216    1.020769    0.868813    1.158142    0.528379    0.027690    0.354981    1.365900    
1.305065    4.419435    1.380268    4.358577    0.541026    2.215551    1.367433    4.149948    1.029869    0.786031    1.150316    0.478967    0.436929    0.148631    0.154376    1.453992    
1.118394    4.204087    2.837522    5.116770    1.609336    0.942878    2.144692    3.822093    2.883447    0.911991    1.213735    1.248394    0.230331    0.108720    0.301168    1.362382    1.333674    1.364771    
1.322771    4.420855    1.504572    4.134129    0.483853    2.581906    1.411688    6.085008    4.708161    1.279720    1.011466    0.860146    1.190284    0.142301    0.489637    0.066516    0.042781    0.330452    1.400282    1.460769    
