 7    -5.012984    3.584593    1.163413
1.044560  -1.449536  0.588023  1.842537  1.549008  -0.023531  -0.878637  1.253610  1.377716  0.376270  -0.124098  0.904463  -0.398546  0.898816  -0.822881  -1.367960  -0.748894  0.512918  0.068307  0.592726  -0.537103  
0.240814  0.113542  0.157290  -0.129118  -0.799962  -0.116580  0.130466  
 1    -2.407503    0.349370      0.696952   3045.000000      0.424210
 2    -4.019967    0.747616      0.884500   6651.000000      1.085902
 3    -4.490550    0.863586      0.939235   11778.000000      2.112978
 4    -4.774100    0.935447      0.972215   20061.000000      4.019446
 5    -4.937493    0.977611      0.991220   28160.000000      6.413555
 6    -4.988435    0.990978      0.997145   45781.000000     12.368253
 7    -5.003237    0.996223      0.998866   73436.000000     23.624277
 8    -5.011730    0.999664      0.999854   108062.000000     40.349211
 9    -5.012621    0.999896      0.999958   201991.000000     92.389593
10    -5.012781    0.999942      0.999976   238454.000000    115.297299
6.283185    0.614837    
4.922157    4.646150    0.479210    0.385123    
3.311036    4.615838    4.027121    0.473847    0.372746    0.228450    
3.343503    4.465770    4.397711    5.329364    0.591328    0.459941    0.240356    0.198871    
2.898209    3.840170    3.836984    4.934562    4.290520    0.564892    0.443094    0.337538    0.196450    0.156110    
1.961663    3.741447    3.765662    3.983411    4.624196    4.676610    0.602142    0.448689    0.378776    0.297478    0.164447    0.119672    
1.886466    3.294588    3.535339    3.822667    4.037122    4.836938    4.765851    0.600032    0.434019    0.374458    0.317118    0.245362    0.129743    0.080934    
1.751601    3.248496    3.484141    3.768542    4.095167    4.723371    4.718224    5.835010    0.598021    0.435246    0.385617    0.331173    0.249320    0.197226    0.081385    0.058228    
1.470233    2.712862    3.168326    3.498680    3.813128    4.299756    4.669719    5.034491    5.404945    0.570411    0.419495    0.383420    0.341204    0.290846    0.215022    0.160068    0.063992    0.044176    
1.051968    2.267167    2.911107    3.310376    3.637465    3.981534    4.449172    4.794963    5.127905    5.446064    0.557353    0.442609    0.395332    0.362053    0.322473    0.268127    0.197099    0.140853    0.056556    0.038394    
