 7    -3.210570    2.692446    0.315505
0.430938  -0.542637  0.194046  0.385938  -0.267642  0.217277  -0.090503  -1.006812  0.651659  0.164604  -0.647003  0.385322  1.784355  -0.112984  1.501999  0.249831  0.201717  -0.118379  -2.445190  -0.479024  -0.094391  
-0.491852  0.295893  -0.490126  0.263473  0.547972  0.522936  0.403200  
 1    -1.788137    0.416667      0.759033   3996.000000      0.545736
 2    -2.753635    0.787707      0.922593   7640.000000      1.203298
 3    -3.097392    0.947910      0.980827   11232.000000      1.939676
 4    -3.123435    0.965066      0.985239   17259.000000      3.314783
 5    -3.189274    0.991008      0.996392   25320.000000      5.533899
 6    -3.155825    0.976227      0.990726   34322.000000      8.515719
 7    -3.164647    0.982238      0.992220   49905.000000     14.534666
 8    -3.167831    0.982972      0.992760   76371.000000     27.090113
 9    -3.168046    0.982626      0.992796   89196.000000     34.412826
10    -3.195791    0.994146      0.997496   132764.000000     59.655432
1.936113    0.546249    
1.680613    2.050081    0.759398    0.397847    
1.284111    1.448882    1.673452    0.647959    0.498565    0.277205    
1.204189    1.449686    1.701541    4.058820    0.645299    0.515875    0.305416    1.518281    
0.899501    1.333310    1.273945    1.517772    4.183469    0.615188    0.505397    0.368441    0.218404    1.523752    
1.067399    1.397169    1.591657    3.827142    4.413097    4.261392    0.622662    0.526078    0.348566    1.445875    0.089919    1.529438    
1.036478    1.417675    1.590814    3.901908    4.453476    4.443259    4.757293    0.625491    0.535961    0.360203    1.431700    0.123060    1.510560    0.040945    
1.038415    1.408585    1.593984    3.859916    4.467662    4.356439    4.694960    4.153374    0.626018    0.533296    0.365808    1.421606    0.135993    1.481084    0.059475    1.540612    
1.040016    1.413490    1.589006    3.843795    4.481513    4.313201    4.726686    3.951846    5.088832    0.628046    0.533231    0.364364    1.423048    0.130450    1.487634    0.046081    1.546424    1.560877    
0.818645    1.310629    1.235728    1.494593    4.196099    6.283185    4.913141    4.212377    5.234413    5.849665    0.623943    0.501264    0.395941    0.257657    1.487705    1.511082    0.053581    1.518221    0.022533    0.016655    
