 7    -3.906600    3.427655    0.397576
-0.785379  0.950782  -0.027696  -1.235860  -0.578111  0.713701  -0.686916  1.087173  0.024415  -1.229610  0.309458  1.095729  1.452500  -0.108886  0.952027  -0.189320  -2.661238  -0.526750  -0.667293  1.206642  0.618741  
-0.437414  -0.080890  0.324190  -0.364982  -0.280474  -0.342788  0.227763  
 1    -2.172501    0.356846      0.763562   3378.000000      0.465180
 2    -3.499224    0.676611      0.944456   6997.000000      1.122435
 3    -3.763634    0.805738      0.980507   11953.000000      2.140470
 4    -3.826024    0.853203      0.989014   20828.000000      4.275199
 5    -3.861705    0.931225      0.993879   31732.000000      7.386605
 6    -3.881551    0.955361      0.996585   48916.000000     13.501591
 7    -3.894566    0.989041      0.998359   69784.000000     22.047799
 8    -3.903327    0.997478      0.999554   108047.000000     40.165534
 9    -3.905577    0.999390      0.999860   153478.000000     64.649513
10    -3.906344    0.999901      0.999965   204984.000000     95.775396
4.020255    0.552683    
3.596488    4.215636    0.754025    0.401653    
2.530390    3.025297    3.567732    0.633710    0.503464    0.257323    
1.990502    2.684495    2.738025    3.276650    0.598849    0.481759    0.348217    0.162294    
2.088037    2.679991    2.687218    3.159226    4.319933    0.606051    0.476058    0.354063    0.250382    0.098972    
1.506929    2.530831    2.529725    2.765551    3.382320    4.214692    0.600704    0.488631    0.394357    0.305796    0.205716    0.090675    
1.667183    2.543520    2.570678    2.815850    3.413543    4.173123    4.732154    0.599073    0.487749    0.393578    0.306665    0.212360    0.150083    0.062377    
1.319015    2.389418    2.438535    2.593173    3.033150    3.603223    3.945763    4.441922    0.604272    0.487458    0.411886    0.338783    0.261416    0.186841    0.135763    0.062812    
1.116598    2.205811    2.343839    2.448841    2.795563    3.276539    3.684682    3.956692    4.168871    0.618843    0.486013    0.422792    0.360455    0.294411    0.220711    0.164630    0.110846    0.046581    
1.020270    2.024360    2.280988    2.402773    2.680263    3.107455    3.533092    3.804089    4.166121    4.408476    0.617859    0.484023    0.431921    0.376255    0.315885    0.247098    0.185364    0.135200    0.080911    0.023030    
