 7    -3.909987    3.304933    0.085159
1.415251  0.219463  -0.718165  -0.944054  -0.116164  0.462922  0.910378  -0.360768  -0.283324  0.908532  -2.179756  0.817572  -0.543350  -0.058177  -0.193823  -1.548497  1.024911  -1.174386  1.714655  -0.665776  -0.677361  
0.088907  -0.084792  -0.799962  -0.107442  -0.135733  0.129843  -0.174968  
 1    -1.670742    0.154011      0.689637   3711.000000      0.512930
 2    -2.913992    0.212997      0.861953   7198.000000      1.165953
 3    -3.010045    0.068144      0.875267   11635.000000      2.055427
 4    -3.153527    0.203465      0.895153   18115.000000      3.606730
 5    -3.429588    0.709180      0.933416   29472.000000      6.804218
 6    -3.625412    0.788420      0.960557   45003.000000     12.266658
 7    -3.824883    0.967190      0.988204   65526.000000     20.542814
 8    -3.839230    0.968513      0.990193   86709.000000     29.850483
 9    -3.847837    0.973199      0.991386   100218.000000     37.111646
10    -3.885632    0.986268      0.996624   165779.000000     76.534896
6.283185    0.752421    
4.749391    6.283185    0.284901    0.592116    
4.313610    5.832803    6.283185    0.425369    0.445200    0.187729    
4.637952    5.831435    6.154380    3.218774    0.524390    0.491815    0.000000    0.259422    
3.430245    5.973472    6.283185    4.098115    3.572776    0.316682    0.589217    0.000000    0.533236    1.156244    
3.659804    6.283185    5.308785    6.283185    4.412505    5.772391    0.638280    0.417443    0.131807    0.577033    1.030273    0.290299    
3.589216    5.490634    5.027101    6.283185    3.981229    6.283185    4.903656    0.549958    0.408237    0.225050    0.516431    1.114100    0.548159    1.273630    
3.559263    4.790639    4.502602    4.208660    6.115968    3.936807    6.283185    4.008190    0.535188    0.374786    0.358141    1.570796    0.564751    1.119577    0.395520    1.352844    
3.564972    4.899003    4.674219    4.137634    6.134404    3.925510    6.283185    4.233676    2.806372    0.539881    0.395472    0.359824    1.570796    0.528547    1.175193    0.359295    1.255133    0.111538    
2.317252    4.572522    5.174132    5.249505    0.815504    6.283185    4.095489    6.257248    1.683237    2.907641    0.609039    0.436424    0.361056    0.553397    1.270618    0.521039    1.144304    0.289531    0.317226    1.188014    
