 7    -3.459359    3.777437    0.046771
1.181663  3.286588  -1.621765  0.949320  0.052378  0.064238  -0.407483  -0.086520  0.716453  1.220180  -0.421267  -0.436458  0.176678  0.855759  1.180917  0.303532  0.876488  0.409602  0.206339  -0.013353  -1.192493  
-0.567657  0.267012  0.402801  0.109962  0.676921  -0.376085  -0.392531  
 1    -2.018506    0.142436      0.800899   3612.000000      0.540864
 2    -2.970297    0.172431      0.932420   7417.000000      1.227899
 3    -3.128508    0.297996      0.954282   11714.000000      2.182127
 4    -3.172210    0.467931      0.960321   17222.000000      3.606491
 5    -3.347491    0.326339      0.984542   26829.000000      6.497459
 6    -3.166387    0.418204      0.959516   35606.000000      9.475193
 7    -3.357138    0.375078      0.985875   52596.000000     15.916862
 8    -3.359429    0.398249      0.986191   88679.000000     33.253538
 9    -3.235083    0.668297      0.969009   134662.000000     57.903254
10    -3.260698    0.858386      0.972548   193328.000000     92.314412
2.357819    0.560747    
1.807807    2.296645    0.707730    0.387170    
1.697540    2.020136    4.857857    0.677888    0.449533    1.422259    
1.637351    2.085338    4.383269    2.569665    0.693802    0.451352    1.324888    1.418936    
1.183167    1.650087    1.792666    4.771552    5.867779    0.619150    0.514142    0.324892    1.417380    0.057894    
1.698641    2.045365    4.694048    5.498622    5.469311    6.283185    0.686495    0.441540    1.377590    0.100007    1.536265    1.556396    
1.162226    1.669018    1.843600    4.666750    5.485199    5.453633    3.034845    0.621131    0.524991    0.328631    1.418120    0.085360    1.505071    1.541767    
1.158762    1.680436    1.840751    4.628675    5.524866    5.445645    3.319419    6.283185    0.620832    0.528713    0.319832    1.419661    0.077826    1.508890    1.527607    0.022057    
1.570860    2.204969    4.374978    2.589644    5.319791    5.528393    5.417915    5.568703    5.436681    0.712283    0.474344    1.272820    1.287052    0.157509    1.463555    0.057443    1.532681    0.021341    
1.624930    2.255653    4.323249    2.579685    4.812394    2.365656    3.144661    2.747103    5.270237    5.793273    0.723071    0.485608    1.254745    1.255239    0.187617    0.122655    1.428191    1.411369    0.072831    1.520108    
