 7    -3.002273    3.012585    0.290655
-0.270164  0.934725  -0.978179  1.679502  -0.282496  -2.137573  -0.087249  -0.115780  1.694825  0.442736  0.904835  -0.777380  -0.167235  0.549352  0.270288  -0.407457  0.289694  -0.826243  0.196590  -0.202494  -0.952162  
0.262015  0.067058  -0.133326  0.799962  -0.135216  0.152180  0.233560  
 1    -2.056474    0.310422      0.842756   3114.000000      0.473256
 2    -2.566774    0.636208      0.927596   7169.000000      1.322354
 3    -2.714698    0.708292      0.952189   13423.000000      2.608629
 4    -2.895858    0.824834      0.982308   21341.000000      4.594552
 5    -2.936650    0.885800      0.989090   33782.000000      8.426222
 6    -2.959587    0.921920      0.992903   55376.000000     15.409172
 7    -2.980936    0.969749      0.996453   77902.000000     24.231147
 8    -2.994951    0.991638      0.998783   124207.000000     46.374228
 9    -2.999823    0.997813      0.999593   169729.000000     69.924429
10    -3.001618    0.999629      0.999891   297120.000000    144.791935
6.283185    0.715522    
3.555017    4.419484    0.425790    0.456086    
3.043938    3.941290    5.022404    0.507967    0.433536    0.201616    
2.891855    3.545809    3.311838    5.883199    0.557323    0.454551    0.287747    0.249055    
2.081646    3.238476    3.399253    3.874003    4.424189    0.567784    0.441925    0.367136    0.219778    0.172757    
1.839006    3.287326    3.355907    3.598552    3.949322    4.790552    0.627362    0.444345    0.374713    0.312331    0.168668    0.113949    
1.852279    3.370781    3.436777    3.772973    4.239820    3.992026    6.283185    0.593575    0.456636    0.386298    0.285534    0.230764    0.119891    0.099749    
1.741773    3.256833    3.380296    3.643454    4.105280    4.428547    4.900660    4.790282    0.635034    0.449061    0.390222    0.329232    0.221329    0.206106    0.078002    0.094736    
1.671084    3.157577    3.343214    3.644389    4.055786    4.317043    5.126709    4.244914    6.041638    0.613490    0.458179    0.400876    0.330334    0.251111    0.196549    0.133087    0.089242    0.056864    
1.489619    2.807712    3.062463    3.356109    3.704465    4.252479    4.420361    5.000279    4.517142    5.367319    0.602607    0.435057    0.390017    0.343347    0.269454    0.225226    0.147318    0.132378    0.059294    0.045177    
