 7    -5.659861    4.232764    1.197079
0.955418  0.440712  -0.478419  -0.682530  -0.793871  0.427983  -0.773764  2.050114  -0.211533  1.453954  -0.061595  1.474451  0.824645  0.581223  -1.225692  -2.162298  -0.516786  2.092389  0.053569  -0.047480  -1.708678  
0.541555  -0.465811  -0.494044  0.544912  0.440937  0.096863  -0.891927  
 1    -2.931909    0.359056      0.724244   3330.000000      0.464404
 2    -4.877895    0.649070      0.920955   6327.000000      1.018508
 3    -5.092861    0.749945      0.942685   10199.000000      1.791151
 4    -5.381771    0.786169      0.971889   15859.000000      3.099991
 5    -5.444300    0.875264      0.978210   23001.000000      5.035279
 6    -5.592172    0.979993      0.993158   32951.000000      8.343275
 7    -5.544377    0.961576      0.988326   46460.000000     13.597001
 8    -5.454145    0.965075      0.979205   70182.000000     25.172550
 9    -5.587529    0.982903      0.992688   96732.000000     38.792164
10    -5.607471    0.989896      0.994704   139762.000000     63.696713
1.487035    0.565063    
1.341324    1.601124    0.772654    0.409501    
1.281899    1.433452    4.661023    0.736425    0.444126    0.131468    
0.746970    1.002874    1.001765    1.196824    0.611039    0.486156    0.350047    0.170525    
0.776200    1.049087    1.209265    4.825531    3.521860    0.599096    0.515200    0.360987    0.168489    1.471056    
0.845538    0.981836    1.087744    1.345078    1.894046    1.712106    0.594933    0.465494    0.311465    0.197032    0.223231    0.112873    
0.897162    1.061132    1.312828    5.272629    3.415140    1.579801    6.283185    0.624434    0.504884    0.326105    0.138379    1.360810    1.432535    0.032338    
1.272569    1.364227    4.238735    1.465552    3.352030    6.283185    1.555405    5.073381    0.725848    0.420026    0.238611    0.254373    1.460042    0.097286    0.145493    0.070824    
0.778919    1.121910    1.247406    4.846208    3.268137    1.586260    6.283185    3.868331    1.779078    0.632170    0.534202    0.344503    0.179492    1.350191    1.408817    0.000000    0.105055    0.089769    
0.752737    1.070836    1.227106    4.715270    3.256658    1.569903    5.036204    3.335290    1.689624    5.299748    0.600520    0.533426    0.337207    0.153217    1.388169    1.414141    1.470194    0.143037    0.100123    0.016264    
