 7    -3.906600    3.427655    0.397576
-0.785379  0.950782  -0.027696  -1.235860  -0.578111  0.713701  -0.686916  1.087173  0.024415  -1.229610  0.309458  1.095729  1.452500  -0.108886  0.952027  -0.189320  -2.661238  -0.526750  -0.667293  1.206642  0.618741  
-0.300000  1.000000  1.000000  1.000000  1.000000  1.000000  1.000000  
 1    -0.425815    0.045933      0.525407   2592.000000      0.374725
 2    -0.661145    0.025292      0.557494   6123.000000      1.035194
 3    -1.011365    0.092771      0.605245   9513.000000      1.748896
 4    -1.356566    0.015833      0.652312   13538.000000      2.734138
 5    -1.344568    0.086504      0.650676   17824.000000      3.883545
 6    -1.482155    0.227501      0.669435   25565.000000      6.183063
 7    -1.556127    0.307780      0.679521   30807.000000      8.454100
 8    -1.646316    0.216945      0.691818   42621.000000     13.322299
 9    -1.966767    0.203895      0.735511   54672.000000     19.330527
10    -1.955957    0.214808      0.734037   62275.000000     24.783045
3.527791    1.059968    
3.481624    3.908522    1.174863    0.455738    
3.525901    3.777992    5.578021    1.234376    0.501662    1.261086    
5.632715    2.561184    5.590741    4.347768    1.058919    0.909126    0.250501    0.230429    
3.552394    3.784733    5.568134    6.208724    1.354765    1.238074    0.483671    1.292674    0.232960    0.234024    
3.505808    4.321431    5.226720    6.283185    3.820235    6.010722    1.063414    0.367299    1.151583    0.440193    0.133569    0.405832    
3.544689    2.930166    3.483247    5.656048    4.378188    2.364966    3.209325    1.111372    1.179616    1.102012    0.400714    0.247738    1.500205    0.273277    
3.610559    3.758992    5.547505    0.654104    0.759365    4.264574    2.483128    4.036519    1.160897    0.575591    1.212691    0.302344    1.271876    0.169962    0.158535    0.219542    
3.605516    2.583964    4.923698    1.384030    3.419303    2.644028    6.283185    4.346398    0.609526    1.185165    0.924433    1.477659    0.692191    0.193528    1.340157    0.275114    0.217849    0.235134    
3.466202    3.780411    5.550175    0.653241    1.073763    5.264874    5.277578    6.283185    4.526451    2.441132    1.202641    0.609821    1.075381    0.459135    1.435940    0.077408    0.254608    1.325873    0.199132    0.154239    
