 7    -4.057128    3.373742    0.304050
0.659883  0.275174  0.023310  -0.031400  -0.488760  1.769949  -1.057899  0.536744  0.252211  -0.359362  -1.231819  -1.621168  -1.835555  -0.398626  -1.042137  -1.006256  -0.611754  -0.682057  2.505280  1.717893  -0.361545  
-0.300000  1.000000  1.000000  1.000000  1.000000  1.000000  1.000000  
 1    -1.094793    0.000485      0.601347   3060.000000      0.468097
 2    -2.145676    0.005764      0.742769   5633.000000      0.945621
 3    -2.426737    0.000899      0.780592   8609.000000      1.572109
 4    -2.488955    0.009381      0.788965   13263.000000      2.609313
 5    -2.660030    0.003288      0.811987   17726.000000      3.803365
 6    -2.698920    0.000085      0.817221   23247.000000      5.719622
 7    -2.644486    0.003220      0.809895   31104.000000      8.510063
 8    -2.649542    0.009918      0.810576   36931.000000     11.405832
 9    -2.746044    0.021677      0.823562   59210.000000     21.926105
10    -2.858195    0.167239      0.838655   65167.000000     28.185430
0.419473    0.570170    
0.350443    0.446586    0.771053    0.445141    
0.268769    0.345859    0.391512    0.692292    0.542812    0.271215    
0.286400    0.366279    0.421401    2.099280    0.716296    0.553413    0.265075    1.486345    
0.242571    0.309956    0.366904    3.869015    0.496747    0.648928    0.524311    0.269637    0.163778    0.177888    
0.263481    0.323069    0.433578    0.708629    1.964388    0.961984    0.671528    0.499148    0.257881    0.179664    1.420222    0.108174    
0.346193    0.394666    1.277316    0.861498    0.383601    0.391598    3.407458    0.742485    0.455860    0.175964    1.371189    1.363195    1.480445    1.549638    
0.348493    0.386391    1.333173    5.923230    3.942811    4.388242    4.023434    2.310555    0.735312    0.470346    0.191035    0.081524    0.148092    1.412831    1.485131    0.078332    
0.237360    0.271190    0.332321    1.199700    1.876080    2.421524    5.443957    2.335814    3.111198    0.599813    0.485251    0.367851    0.076615    1.515554    1.448700    0.138901    1.570796    1.446793    
0.344017    0.565293    0.911844    5.717249    3.896775    4.100459    6.141165    5.598820    5.463555    6.170688    0.805652    0.317823    0.212114    0.021288    0.050130    0.070904    0.095858    1.550988    0.084556    0.147343    
