 7    -3.760620    3.857233    0.045525
-0.000432  -1.841434  -0.203556  -0.624784  -1.219408  -1.390574  -1.150531  0.491366  0.054424  0.097679  0.567014  -0.634688  -0.084317  2.237933  1.307675  -0.653678  0.796986  0.879571  1.715826  -0.195418  -0.504751  
-0.300000  1.000000  1.000000  1.000000  1.000000  1.000000  1.000000  
 1    -0.780840    0.004396      0.608843   2763.000000      0.431802
 2    -1.214594    0.016329      0.665782   5560.000000      0.931522
 3    -1.289521    0.015352      0.675617   9369.000000      1.761158
 4    -1.415089    0.098747      0.692101   14483.000000      2.894326
 5    -1.696696    0.098998      0.729068   18681.000000      4.043829
 6    -1.666645    0.013843      0.725123   25852.000000      6.407912
 7    -1.719428    0.019179      0.732052   32516.000000      8.788389
 8    -1.925818    0.150060      0.759144   45057.000000     14.160922
 9    -2.009874    0.113323      0.770179   55602.000000     19.813976
10    -2.313636    0.360603      0.810054   67639.000000     28.487168
1.148696    0.912718    
1.119409    0.995961    0.814813    0.328022    
1.146455    1.737195    5.258687    0.677624    0.407987    1.425689    
1.054645    0.980093    2.801903    4.124097    0.797134    0.425535    0.207145    1.359016    
1.099196    1.816740    1.050900    5.011077    1.087342    0.713448    0.309693    0.158096    0.322550    0.201772    
1.079466    0.900177    2.611693    5.636797    2.837139    2.769543    0.794421    0.408864    0.211904    0.203804    0.236767    0.169428    
1.084184    0.920663    2.601481    5.701687    2.777219    2.855033    2.366013    0.802916    0.418705    0.190236    0.193566    0.177291    0.195149    1.447413    
1.118010    1.023220    2.623134    5.698056    5.463330    2.508051    2.063470    4.729371    0.806615    0.400972    0.267021    0.213239    0.169365    1.454529    0.076650    1.307905    
1.069849    1.722671    1.086573    5.009333    0.892264    3.689457    5.890409    3.469441    3.730005    0.714231    0.204801    0.151899    0.335142    0.266234    1.447678    1.476134    0.248607    1.391950    
1.071169    3.503692    4.783584    5.522934    1.202940    4.149684    1.216853    1.040529    3.219401    1.255623    0.766397    0.125019    0.168773    0.249154    0.130690    1.379456    1.339702    1.337203    0.279277    0.255247    
