10    -6.262780    6.267416    0.147785
-1.271091  0.176137  -0.296216  0.326929  -0.973419  0.227681  -0.819328  0.107223  0.975278  0.081974  -0.476623  -1.492172  -0.403465  0.694778  0.212153  0.090990  -1.548855  -0.044827  1.556763  1.947111  -0.785140  -2.139212  -1.264259  0.294987  0.806489  0.277670  -1.243845  0.787274  0.752030  0.172980  -0.737836  0.969191  -0.646371  1.811095  -0.990445  -1.369113  0.072485  0.408327  0.168774  -0.586701  -1.517338  0.720409  -2.149864  -1.233102  -0.121225  
-0.300000  1.000000  1.000000  1.000000  1.000000  1.000000  1.000000  1.000000  1.000000  1.000000  
 1    -0.991537    0.000266      0.579317   3585.000000      1.118856
 2    -1.546127    0.000185      0.623577   6579.000000      2.672469
 3    -1.884466    0.000158      0.650579   9625.000000      4.346922
 4    -1.679305    0.000050      0.634206   13040.000000      6.742949
 5    -2.157904    0.000014      0.672401   18503.000000     10.658239
 6    -1.746984    0.000382      0.639607   23414.000000     16.027812
 7    -2.408572    0.000193      0.692406   29761.000000     22.805625
 8    -2.427092    0.000114      0.693884   39594.000000     35.940331
 9    -2.047578    0.000358      0.663596   52491.000000     57.308447
10    -2.314475    0.000191      0.684897   62693.000000     78.444704
0.422148    0.572673    
0.319696    0.420625    0.850950    0.462266    
0.317406    0.336638    0.752212    0.804489    0.509046    1.306718    
0.319427    0.406237    5.853110    6.020412    0.847586    0.504224    0.150476    0.102910    
0.200224    0.260322    0.298092    0.743411    6.015502    0.661674    0.617639    0.453535    1.305986    1.442209    
0.362863    0.782061    0.444593    2.862448    1.639654    4.237782    0.773096    1.004734    1.052145    1.485448    1.485490    0.120463    
0.324671    0.333773    0.685708    0.388478    1.700027    0.938383    4.776573    0.811170    0.530410    1.158576    1.266380    0.101920    1.454544    0.046800    
0.317235    0.332672    0.681706    0.365477    0.795800    1.926349    4.768140    1.633616    0.804623    0.532251    1.166362    1.236667    0.081781    1.514125    0.051136    1.518974    
0.316009    0.402449    5.889782    5.986862    6.028988    4.791205    2.874959    6.205310    4.851414    0.837995    0.505413    0.122151    0.136292    0.123358    1.460948    1.477517    1.446470    0.101598    
0.324937    0.335168    0.751141    1.664077    5.976558    0.437798    2.776128    4.837428    1.781716    0.889936    0.804200    0.520211    1.273868    0.100229    0.167544    0.141849    0.037698    1.490859    0.114610    1.498301    
