10    -6.792325    5.068825    1.045290
0.277660  1.805239  -0.840097  -0.895218  0.561813  -0.478703  0.312600  -1.203183  -1.609399  -0.798519  -0.206177  -0.118149  0.223079  0.612972  1.086046  0.936871  -0.778794  1.019699  0.968641  1.117000  -0.644645  -0.159126  -1.731727  2.054992  -1.788954  -1.960834  0.559302  -0.342946  -0.961238  -0.595871  -0.255397  -0.446996  0.118446  -0.238217  -0.162742  1.358204  -0.794506  0.508499  -0.434576  -1.236406  0.184675  -0.878146  -1.192002  0.980606  0.819667  
0.379474  0.128362  -0.305649  0.317252  0.304345  0.305480  -0.278183  -0.278615  -0.229880  0.355711  
 1    -3.266089    0.312105      0.702707   3381.000000      0.937622
 2    -5.168776    0.615175      0.863120   7167.000000      2.582988
 3    -6.323699    0.854259      0.960491   11619.000000      5.017525
 4    -6.605583    0.915983      0.984256   18462.000000      9.081879
 5    -6.684622    0.968100      0.990920   29488.000000     18.010445
 6    -6.751858    0.986454      0.996588   51774.000000     42.568072
 7    -6.774176    0.992738      0.998470   87310.000000     85.616270
 8    -6.783527    0.997841      0.999258   120112.000000    131.159940
 9    -6.789676    0.999275      0.999777   190811.000000    249.987118
10    -6.791235    0.999715      0.999908   303263.000000    455.983659
4.865316    0.574921    
3.588704    4.620756    0.839581    0.453751    
3.254523    3.200151    3.674492    0.765081    0.561093    0.330164    
2.261609    2.954321    2.990262    3.395903    0.685914    0.603144    0.455662    0.238180    
2.361251    2.957440    3.056759    3.333132    4.421780    0.688901    0.604633    0.460803    0.321688    0.107298    
1.571062    2.864612    2.633067    3.018250    3.292194    4.379574    0.687632    0.588739    0.509387    0.405294    0.269343    0.112509    
1.360791    2.608349    2.419946    2.561719    2.769400    3.077631    3.979043    0.702964    0.553276    0.503214    0.414527    0.322400    0.209603    0.105721    
1.348111    2.609047    2.427017    2.536962    2.704352    3.014745    3.717201    4.139260    0.705537    0.555942    0.505616    0.421275    0.339266    0.230707    0.156822    0.049636    
1.285834    2.383815    2.205757    2.156591    2.208231    2.346361    2.828527    3.476298    4.220190    0.693493    0.522326    0.465541    0.389372    0.320616    0.265822    0.194868    0.145792    0.048336    
1.158475    2.081282    2.074969    2.023768    2.071924    2.184460    2.476804    2.950085    3.254086    4.114749    0.665051    0.500891    0.449516    0.397566    0.335642    0.288137    0.234707    0.169070    0.117462    0.043075    
