10    -5.014242    4.607466    0.301294
0.127319  -0.882520  0.047507  0.623834  -1.852717  -1.683985  -0.291250  -0.089777  -0.375991  -0.228138  -0.523171  0.493229  0.219159  -0.422662  0.446305  0.129420  -0.183992  0.532464  1.174072  1.075326  -0.561457  0.901522  0.167580  0.698459  2.200299  0.211476  -0.973711  -0.796937  0.727615  -0.328917  1.172802  0.238197  0.252913  0.827345  -1.377560  -0.768047  1.088100  -1.053392  0.223065  0.220485  0.972062  0.407679  -0.578935  1.513254  1.702259  
-0.300000  1.000000  1.000000  1.000000  1.000000  1.000000  1.000000  1.000000  1.000000  1.000000  
 1    -0.478294    0.000303      0.528571   2184.000000      0.770063
 2    -0.601606    0.000090      0.541387   5852.000000      2.627288
 3    -0.695630    0.000003      0.551160   8684.000000      4.392903
 4    -0.750587    0.000017      0.556871   13542.000000      7.442675
 5    -0.805068    0.000024      0.562534   20534.000000     12.922540
 6    -0.835156    0.000091      0.565661   25180.000000     18.351544
 7    -0.848074    0.000050      0.567003   37387.000000     32.471993
 8    -0.851340    0.000066      0.567343   46055.000000     45.168875
 9    -0.853533    0.000051      0.567571   64079.000000     74.527359
10    -0.865247    0.000076      0.568788   81812.000000    108.883504
0.295455    1.323002    
0.226359    0.675422    1.244361    1.431514    
0.229325    0.523464    0.736999    1.236283    1.395005    1.450647    
0.221884    0.481670    0.701152    1.047452    1.233296    1.396785    1.423069    1.480876    
0.218072    0.473686    0.643732    1.023629    1.212907    1.232149    1.387631    1.414484    1.452374    1.476504    
0.189304    0.446436    0.548458    0.856360    1.152824    1.202287    1.209898    1.376750    1.416151    1.445740    1.461013    1.494090    
0.157026    0.399874    0.516841    0.558965    0.823050    1.110703    1.219374    1.191597    1.359765    1.426194    1.460483    1.462337    1.472502    1.507901    
0.156025    0.403979    0.522927    0.556134    0.797914    1.103299    1.189953    5.653838    1.189619    1.361533    1.424354    1.458825    1.462230    1.470691    1.501369    1.534131    
0.160160    0.406691    0.527106    0.566099    0.766482    1.083471    1.185481    5.890244    5.010610    1.192722    1.363251    1.422721    1.459963    1.465414    1.473386    1.498654    1.535964    0.026081    
0.164712    0.408523    0.542400    0.595922    0.669417    1.021822    1.175041    6.283185    4.950335    5.122643    1.202831    1.371151    1.424483    1.464533    1.470584    1.478579    1.480745    1.554784    0.053785    0.071491    
