10    -8.173456    6.236231    1.819779
0.696245  -2.444617  -0.260982  -0.113475  -0.320669  0.034260  -0.922643  -1.114682  -0.286673  1.218300  1.229856  -1.262179  0.833652  -0.477234  -0.225393  0.186255  -1.199015  -0.142385  1.513019  -0.285775  -1.416254  0.304697  -0.822796  -0.260170  0.600818  0.509789  -1.562202  1.069096  1.442301  2.221508  0.054502  1.291572  0.768845  -0.674251  -0.997035  -1.768441  2.115761  -0.712112  0.150417  -0.867537  0.233505  -0.165786  1.613841  -2.191436  0.777694  
-0.168922  0.175740  -0.163737  -0.148153  0.132812  -0.120316  -0.799995  0.117688  -0.118014  0.172254  
 1    -3.337660    0.175261      0.664407   2982.000000      0.811781
 2    -6.144691    0.591127      0.859208   7138.000000      2.612937
 3    -7.022751    0.801767      0.920144   11985.000000      5.153686
 4    -7.494966    0.840180      0.952914   19659.000000     10.169230
 5    -7.911745    0.948886      0.981838   30537.000000     18.199959
 6    -8.063446    0.977442      0.992366   49416.000000     37.776391
 7    -8.130708    0.989823      0.997033   69704.000000     61.481575
 8    -8.156188    0.994743      0.998802   96666.000000     98.774855
 9    -8.163528    0.997092      0.999311   157263.000000    198.010367
10    -8.170082    0.999159      0.999766   222584.000000    308.897770
6.283185    0.612575    
4.994940    6.025288    0.434032    0.457798    
4.011460    5.075793    4.272448    0.473200    0.352830    0.266598    
3.755606    4.635941    3.983302    6.283185    0.602215    0.476893    0.264575    0.271229    
3.614615    4.206252    3.794645    4.970691    4.210927    0.604848    0.460782    0.345804    0.181602    0.215588    
2.699919    3.802874    3.727128    3.917881    4.670413    4.228370    0.567316    0.459116    0.395160    0.270884    0.190958    0.161828    
2.144256    3.737391    3.584430    3.744850    3.822978    4.720804    4.167144    0.618938    0.462802    0.394383    0.336703    0.258096    0.161424    0.128187    
2.083744    3.397215    3.291340    3.389736    3.493378    3.731833    4.469745    3.973487    0.609715    0.436868    0.380260    0.318534    0.289349    0.201950    0.137441    0.097422    
1.919506    3.206125    3.242416    3.286285    3.422703    3.642276    3.959354    4.333565    4.558345    0.593179    0.432608    0.384468    0.327772    0.291362    0.230032    0.181948    0.100767    0.062708    
1.885214    3.127931    3.132003    3.206200    3.323058    3.469122    3.885384    3.940124    4.751288    4.641650    0.597860    0.423802    0.374833    0.328687    0.300898    0.239656    0.198987    0.169263    0.056688    0.066998    
