10    -6.605551    6.356322    0.304303
0.284659  -1.315573  -0.206194  -1.485032  -0.567317  1.520115  0.523557  0.024520  -1.685001  -0.604265  -0.469087  0.473629  0.909703  0.246694  0.447508  -0.673319  0.623387  0.470458  0.175019  0.545834  -1.600765  -1.239361  -0.603169  0.650523  -0.163636  2.189504  -1.149463  -1.317210  1.304923  0.273049  0.987929  -0.389575  -1.808348  -0.808738  -0.089142  -0.621119  1.484950  0.215611  -0.907590  -1.917414  -0.295296  2.987971  -0.930392  -0.862405  -1.764976  
-0.133115  0.129133  0.111170  0.799962  0.097755  -0.142002  0.159745  0.163511  0.063571  -0.223444  
 1    -2.505646    0.129885      0.683695   2808.000000      0.763124
 2    -4.948994    0.486735      0.872198   6942.000000      2.559684
 3    -5.696237    0.657959      0.929847   11772.000000      5.028313
 4    -6.081032    0.733917      0.959534   18816.000000      9.324205
 5    -6.391840    0.831052      0.983512   28821.000000     17.449070
 6    -6.492571    0.862017      0.991284   48860.000000     38.749913
 7    -6.541085    0.884784      0.995027   69130.000000     62.338500
 8    -6.561670    0.905312      0.996615   108757.000000    114.546824
 9    -6.580497    0.949734      0.998067   142435.000000    166.225503
10    -6.591348    0.967381      0.998904   175841.000000    224.567841
6.283185    0.613414    
5.417165    6.095877    0.460725    0.445334    
4.235511    5.299424    4.572251    0.484056    0.363376    0.256589    
3.957429    4.998260    4.407049    6.283185    0.585024    0.467746    0.249185    0.235181    
3.871411    4.490700    4.035008    5.337717    4.524180    0.588472    0.449455    0.338026    0.174101    0.198448    
2.795869    4.014934    3.996893    4.192689    4.997437    4.578638    0.552346    0.447587    0.386526    0.264796    0.187183    0.146923    
2.256179    3.953255    3.847329    4.035192    4.135605    5.036960    4.603584    0.613023    0.451113    0.384589    0.326833    0.252681    0.153105    0.113281    
2.249858    3.632973    3.613168    3.747340    3.932626    4.191830    4.850572    4.606433    0.593842    0.434321    0.377873    0.311744    0.277677    0.203028    0.118507    0.080297    
2.188686    3.778863    3.710468    3.807485    3.919599    4.450216    4.516194    4.595849    5.990666    0.604674    0.441999    0.380618    0.323887    0.276876    0.200136    0.190552    0.047570    0.078754    
2.114821    3.492255    3.467450    3.590827    3.733066    3.985075    4.483182    4.332870    6.009743    4.567735    0.596392    0.420616    0.370656    0.317797    0.288927    0.219447    0.191599    0.149055    0.048458    0.072478    
