10    -5.866924    7.535011    0.239600
-0.452566  0.701203  -1.493780  -1.275922  1.342529  -2.134132  -1.496720  -1.305306  0.828734  0.154989  0.275923  1.852512  -0.828546  0.056397  0.562527  0.047985  0.905175  1.409930  -0.323823  -0.165668  -0.018118  0.307362  -0.945166  -2.021812  -0.190764  -1.968996  0.411619  -1.887392  -0.508471  -1.421473  1.122714  -1.617291  -0.288227  1.458641  0.854792  -0.048910  0.234488  1.212307  -0.037268  1.373881  -0.144785  2.242208  0.934083  -0.008594  0.531181  
-0.300000  1.000000  1.000000  1.000000  1.000000  1.000000  1.000000  1.000000  1.000000  1.000000  
 1    -0.329976    0.002780      0.586855   2793.000000      0.884860
 2    -0.481922    0.000043      0.598192   5782.000000      2.487244
 3    -0.567792    0.000111      0.604599   8916.000000      4.296448
 4    -0.714504    0.000371      0.615547   14490.000000      7.678739
 5    -0.886625    0.001466      0.628390   18752.000000     11.591053
 6    -0.927630    0.000668      0.631449   25558.000000     18.035171
 7    -1.333792    0.002849      0.661755   34738.000000     30.157723
 8    -0.993074    0.001368      0.636332   42980.000000     41.754128
 9    -1.035794    0.001926      0.639520   57498.000000     66.570791
10    -1.106318    0.002354      0.644782   75610.000000    102.998076
0.307593    1.303378    
5.928740    3.514062    0.983103    0.569962    
0.277993    0.768095    1.044467    1.213356    1.369030    1.412196    
0.281612    0.838145    1.029405    3.207531    1.210406    1.358376    1.343788    1.338481    
0.247276    0.806372    1.002829    3.252715    3.455458    1.220143    1.367024    1.388478    1.376752    1.338955    
0.231342    0.752479    0.988760    3.273537    3.484385    5.501043    1.195878    1.351860    1.388358    1.364448    1.324432    1.460646    
0.252736    0.729777    0.913232    3.202419    1.287521    0.957970    0.924323    1.248193    1.354958    1.427008    1.388196    1.330826    1.272282    1.330575    
0.257413    0.809439    1.011444    3.239132    3.480852    5.563681    0.952384    4.945326    1.213522    1.355942    1.387107    1.373786    1.317427    1.429769    0.121810    0.093635    
0.245785    0.777835    0.941297    3.204160    3.500322    5.563827    1.208660    4.471910    3.903739    1.226629    1.354380    1.392183    1.373104    1.310773    1.453051    0.133333    0.129945    0.113986    
0.243476    0.835161    0.996671    3.153907    3.534260    5.503341    1.135281    4.502039    4.112666    4.049723    1.191068    1.347248    1.386993    1.360079    1.313224    1.440847    0.132446    0.111100    0.097674    0.132738    
