10    -6.039762    6.522355    0.758420
0.820438  1.229717  -0.763083  1.311323  -0.551206  2.015658  0.939756  -0.160168  -0.856489  0.569047  -0.021903  0.634637  0.393135  0.478060  2.245525  -1.140656  1.852895  -0.015412  -1.308539  -0.218185  0.112809  -1.249093  0.224914  0.503418  0.092632  -0.864026  -0.516825  -0.704061  -0.588868  1.260356  0.002991  2.394856  0.965658  1.259467  -1.286387  -0.172135  -0.364273  -1.031104  0.073835  0.938565  0.643774  1.416282  0.061437  -1.880283  -1.077355  
0.101520  0.224126  -0.137538  0.134413  -0.138310  0.103448  0.799962  -0.120898  0.104037  -0.182554  
 1    -2.327275    0.140046      0.704470   3099.000000      0.843816
 2    -4.511328    0.512149      0.878330   6855.000000      2.480784
 3    -5.135284    0.704592      0.928000   11630.000000      4.961704
 4    -5.539084    0.787007      0.960144   19615.000000      9.988658
 5    -5.812280    0.891137      0.981891   29129.000000     17.871558
 6    -5.912829    0.924304      0.989896   43730.000000     32.561680
 7    -5.968137    0.947718      0.994298   66072.000000     59.697019
 8    -5.995329    0.967624      0.996463   101145.000000    105.998758
 9    -6.019012    0.986183      0.998348   158466.000000    196.487956
10    -6.029268    0.992577      0.999165   197166.000000    264.899284
6.283185    0.622104    
5.199927    6.257341    0.454484    0.456495    
4.110392    5.204568    4.689367    0.483554    0.362359    0.262189    
3.839436    4.862984    4.296242    6.283185    0.590589    0.466218    0.253207    0.255442    
3.710985    4.381661    3.968721    5.187522    4.550728    0.583792    0.449127    0.341357    0.172491    0.208053    
2.682688    4.039299    3.956577    4.148852    4.843603    4.662299    0.563389    0.453379    0.384597    0.272383    0.183192    0.154598    
2.298586    3.912951    3.812597    4.007698    4.099743    4.924560    4.679715    0.610188    0.453920    0.385429    0.322144    0.255394    0.149246    0.117993    
2.242048    3.726505    3.655081    3.793388    4.032388    4.350627    4.713052    5.031399    0.588224    0.443275    0.385656    0.314592    0.264855    0.211412    0.103677    0.079984    
2.149521    3.692542    3.636195    3.725071    3.787656    4.315837    4.436733    4.286364    6.048698    0.611564    0.441215    0.380612    0.326041    0.281606    0.197145    0.196391    0.052077    0.081896    
2.073067    3.378997    3.400786    3.513266    3.617358    3.830842    4.376612    4.237354    5.630530    4.613837    0.598808    0.422675    0.372187    0.319470    0.293631    0.223751    0.188989    0.156347    0.046250    0.071558    
