10    -4.159944    6.743091    0.050795
1.388700  1.788755  0.578529  -1.270554  -1.258753  -0.139977  -0.346450  -1.133400  0.839501  -1.195614  -0.891264  0.056036  -0.382613  -1.776864  -0.436097  0.527447  -0.499284  0.978743  -0.462637  -0.235565  0.134705  0.247562  -0.517419  -0.054777  0.724381  -0.410012  0.210369  -0.298181  -1.063472  0.189191  0.456209  -0.417063  1.802967  0.102135  0.327872  -2.098674  1.606367  -0.421692  0.959022  -1.376463  -0.601378  -0.557004  1.270642  0.601003  -1.169584  
0.329345  -0.285382  -0.302010  -0.176176  0.071445  -0.317790  -0.281867  0.240947  -0.298099  -0.297893  
 1    -2.381594    0.238227      0.836894   3030.000000      0.832303
 2    -3.200926    0.521143      0.912041   6946.000000      2.557859
 3    -3.854327    0.707591      0.971970   12115.000000      5.267879
 4    -4.056173    0.785526      0.990482   19596.000000      9.959089
 5    -4.105144    0.822031      0.994974   33622.000000     21.646909
 6    -4.131795    0.900694      0.997418   46909.000000     34.705405
 7    -4.143476    0.922560      0.998490   78967.000000     74.752398
 8    -4.148636    0.963427      0.998963   118287.000000    130.990102
 9    -4.153279    0.987379      0.999389   182399.000000    232.915523
10    -4.156310    0.993146      0.999667   290147.000000    445.005899
5.569060    0.544707    
4.050650    5.274433    0.785609    0.416513    
3.614268    3.784623    4.482492    0.741301    0.578032    0.342082    
2.540921    3.573662    3.572531    4.029509    0.680070    0.604956    0.457875    0.241752    
1.903775    3.373241    3.134939    3.454676    3.963238    0.698889    0.575126    0.501823    0.391884    0.182251    
1.885532    3.382422    3.143435    3.510331    3.883256    5.031524    0.693182    0.576955    0.508335    0.412433    0.274580    0.099529    
1.665449    3.032290    2.859723    3.013895    3.255531    3.674216    4.656483    0.684961    0.537658    0.489755    0.414114    0.326416    0.213350    0.096647    
1.733897    3.145617    2.917836    3.090523    3.329618    3.760432    4.633966    5.507196    0.693987    0.547948    0.493792    0.419697    0.337849    0.227114    0.154735    0.048762    
1.634894    3.020353    2.903092    3.002232    3.227291    3.645595    4.257938    4.537057    5.161520    0.682025    0.545948    0.494745    0.420316    0.349966    0.258286    0.185791    0.117161    0.052205    
1.564722    2.850246    2.663078    2.646409    2.758347    2.943478    3.402668    3.914709    4.563496    5.035724    0.674848    0.518124    0.460999    0.392393    0.330811    0.264485    0.205468    0.168690    0.113869    0.050283    
