10    -6.942291    7.013649    1.354061
0.883490  -0.457785  -0.092110  -1.329808  3.064264  2.017759  0.917338  -1.485646  0.912503  -1.919773  -1.823598  -0.359470  -1.803942  0.538994  -0.087634  0.240699  0.057595  0.656237  0.850275  -0.592950  -0.088395  0.097974  0.060302  0.677781  1.689936  -0.224493  0.448526  1.783406  0.098638  -0.307988  0.184015  -0.121434  1.003841  1.061911  -0.633580  0.211638  -0.607976  0.373380  1.856199  0.846782  1.542654  1.084514  -0.637442  -1.454864  -0.334683  
0.268862  -0.227902  -0.196579  -0.198517  0.815586  -0.193872  -0.206166  0.221557  0.211806  0.303079  
 1    -3.480561    0.246807      0.751953   3297.000000      0.923584
 2    -5.224023    0.588785      0.876879   6721.000000      2.490315
 3    -6.006634    0.789155      0.932956   11621.000000      4.990273
 4    -6.570147    0.863144      0.973334   18668.000000      9.342773
 5    -6.802106    0.966123      0.989955   28826.000000     17.545240
 6    -6.890625    0.987678      0.996298   43861.000000     32.176551
 7    -6.928900    0.996938      0.999041   61378.000000     51.194346
 8    -6.937467    0.998770      0.999654   97708.000000    104.035062
 9    -6.939387    0.999242      0.999792   142913.000000    175.045759
10    -6.941161    0.999709      0.999919   208266.000000    294.086492
5.515465    0.640963    
2.838961    3.778406    0.571937    0.441902    
2.435109    2.692081    3.145369    0.588888    0.417619    0.284323    
2.262715    2.735224    2.372626    3.734565    0.666897    0.518745    0.345315    0.287268    
2.075527    2.408216    2.155704    2.536307    2.704055    0.640148    0.473040    0.390935    0.217730    0.216037    
1.364005    2.299767    2.237497    2.211871    2.496307    2.709918    0.627231    0.511386    0.426725    0.337595    0.216869    0.167285    
1.250115    2.139730    2.009404    2.082821    2.150625    2.602118    2.482997    0.653440    0.481239    0.414932    0.363895    0.292693    0.184114    0.120316    
1.199346    1.912386    1.816206    1.859641    1.903391    2.017828    2.406006    2.338976    0.632678    0.444533    0.393830    0.340100    0.301183    0.219237    0.155965    0.087593    
1.085697    1.747170    1.775389    1.789731    1.846996    1.928959    2.153193    2.403403    2.551767    0.608827    0.435970    0.395966    0.344900    0.306143    0.248241    0.191197    0.119854    0.049723    
1.038394    1.712306    1.719697    1.723930    1.779504    1.828406    2.027497    2.171178    2.537751    2.682097    0.612843    0.434594    0.386627    0.345212    0.311583    0.261737    0.220495    0.176102    0.086961    0.052880    
