10    -6.326468    5.452917    0.761020
0.054388  0.066855  -0.313268  -0.714383  0.437518  -1.693630  -1.272009  -1.185710  -1.177596  0.719244  -0.728957  1.291943  0.025615  -2.176068  -0.111670  -1.228390  0.600072  -0.060992  1.393044  -0.406947  1.332656  0.430316  2.726738  -1.551158  -0.821410  -0.160150  -1.142316  -0.558194  0.147042  1.593731  0.620259  0.539776  -1.157280  0.402325  -0.447798  -0.231301  0.464690  -0.295161  0.065138  -1.376821  -0.137233  -0.435171  1.506742  0.716247  -0.880856  
-0.300000  1.000000  1.000000  1.000000  1.000000  1.000000  1.000000  1.000000  1.000000  1.000000  
 1    -0.225802    0.001831      0.482090   2751.000000      0.854635
 2    -0.321985    0.000330      0.490255   5574.000000      2.312402
 3    -0.445618    0.001063      0.500751   9461.000000      4.506848
 4    -0.541350    0.003037      0.508878   13971.000000      7.489022
 5    -0.622094    0.002386      0.515732   18976.000000     12.027020
 6    -0.656259    0.007784      0.518633   25020.000000     17.977152
 7    -0.713409    0.011220      0.523484   32283.000000     27.133331
 8    -0.792738    0.002979      0.530219   43995.000000     44.092103
 9    -0.902776    0.027711      0.539561   54969.000000     62.215770
10    -0.842336    0.001881      0.534430   64009.000000     84.672171
5.717173    0.858062    
5.696659    4.083351    0.840022    0.288345    
5.648210    4.038685    3.743328    0.910532    0.378340    1.275893    
2.435075    5.139396    2.247006    4.197681    1.148634    0.391183    0.318448    0.183107    
2.584977    3.202000    2.628340    2.633998    1.991909    1.125427    0.145425    1.172947    1.378458    1.373212    
2.605243    3.258139    2.591851    2.565515    2.160327    1.851161    1.145957    0.146695    1.168454    1.371463    1.389376    1.422859    
2.596382    3.193679    1.255438    5.241436    1.020301    4.557547    0.489294    0.872259    0.432785    0.408418    1.154902    0.400586    1.385980    0.161382    
6.002180    3.926670    2.348704    2.640027    6.220262    3.738730    1.666963    2.952121    1.056928    0.318949    0.316097    0.450249    0.359103    0.300388    0.191076    1.360490    
5.418435    3.841857    4.296097    6.056908    0.792841    3.404153    4.611143    5.808069    5.647345    0.973442    0.447777    0.995850    0.246852    0.110503    1.118345    0.146180    0.200644    1.325143    
5.558375    4.035690    3.856516    0.739872    5.320396    4.913696    3.747507    4.388916    3.011093    6.044483    0.926635    0.456363    1.246248    1.308812    0.253165    1.464577    0.197002    0.200085    1.389272    0.141545    
