10    -4.994651    5.053504    0.029877
1.594854  -0.655138  1.016982  0.369841  -0.070009  -0.682898  -0.254259  -0.672071  0.295525  0.098739  -0.925285  0.296286  -0.202728  -0.416951  -0.139597  1.161232  -0.213925  -1.273170  -0.021132  0.436229  -0.325183  1.304758  -0.506358  -0.392422  -0.848370  -1.617793  -1.177994  -0.524107  -0.350363  -1.682789  0.256443  -0.872514  0.177065  -0.927713  1.373764  1.081309  1.786012  -0.881943  -1.925976  -0.016647  0.570341  0.019795  0.823394  0.767302  -0.735529  
-0.300000  1.000000  1.000000  1.000000  1.000000  1.000000  1.000000  1.000000  1.000000  1.000000  
 1    -0.951375    0.000520      0.597610   3153.000000      0.966237
 2    -1.550825    0.000881      0.657268   5869.000000      2.393600
 3    -1.722408    0.000231      0.674344   8968.000000      4.196702
 4    -1.924781    0.000031      0.694484   13531.000000      7.273782
 5    -1.953687    0.000056      0.697361   17764.000000     11.176420
 6    -1.996329    0.000056      0.701605   24816.000000     17.180220
 7    -2.043014    0.000199      0.706251   31756.000000     26.645197
 8    -2.046813    0.002567      0.706629   41144.000000     40.459039
 9    -2.331253    0.000148      0.734937   52951.000000     60.629791
10    -2.600423    0.000679      0.761725   67935.000000     95.225710
0.448337    0.576932    
0.315137    0.419708    0.832230    0.458404    
0.327394    0.391637    1.151820    0.835625    0.511961    0.175044    
0.283100    0.269726    0.323045    5.451414    0.735489    0.552946    0.351252    1.513392    
0.281280    0.265508    0.320154    5.393551    1.651098    0.729351    0.556318    0.344842    1.483687    0.066920    
0.281735    0.265193    0.319944    5.400966    1.671382    0.867986    0.731349    0.545353    0.353020    1.474286    0.136907    1.471154    
0.263913    0.258314    0.324639    5.555229    2.876603    5.992230    0.510976    0.707129    0.567453    0.431744    1.540162    1.510838    1.420490    1.412735    
0.326666    0.381773    1.213562    3.687656    3.875837    6.169123    5.109957    5.368540    0.828361    0.517591    0.200569    1.494851    1.514527    1.501444    0.085584    0.179788    
0.317669    0.359999    1.314748    4.754115    4.083139    4.930609    5.451444    6.217549    6.278662    0.805689    0.563494    0.126389    1.570796    0.099879    1.502830    1.450733    1.355534    1.442662    
0.317066    0.378641    1.260347    5.601627    3.210097    6.124167    6.236195    6.234622    6.263145    4.591283    0.832686    0.542452    0.131534    0.037999    0.073334    0.112859    0.167053    0.134666    0.099323    0.166084    
