10    -6.923396    5.649174    0.927241
0.678844  0.916339  -0.121169  -1.154417  -0.271141  0.472377  1.269233  0.984344  -1.327064  -1.593114  -2.256591  -0.017827  -1.976864  1.137158  -0.490799  1.221608  -1.529330  1.045777  -0.322531  -0.944890  0.158779  0.166864  1.468873  0.158110  -0.907787  0.187829  -1.010326  -2.628436  1.190634  0.133431  -0.956012  1.028075  -1.682459  -0.402121  0.227379  0.154679  1.045232  -0.658396  0.802881  0.217468  -0.482234  0.786533  0.470663  -0.830895  1.811713  
-0.300000  1.000000  1.000000  1.000000  1.000000  1.000000  1.000000  1.000000  1.000000  1.000000  
 1    -0.960495    0.002103      0.525721   3858.000000      1.140389
 2    -1.456328    0.001419      0.565159   6566.000000      2.605329
 3    -1.822643    0.000170      0.594295   10274.000000      4.581909
 4    -1.956988    0.000492      0.604981   12918.000000      6.590130
 5    -2.076470    0.000345      0.614484   18281.000000     10.814604
 6    -2.041909    0.000302      0.611735   23858.000000     17.110551
 7    -2.300052    0.002486      0.632267   30289.000000     24.231688
 8    -2.539814    0.000670      0.651338   39755.000000     38.572820
 9    -2.895145    0.001255      0.679600   51619.000000     57.813191
10    -3.016920    0.000927      0.689286   60423.000000     76.066508
0.457452    0.598120    
0.317373    0.403349    0.807313    0.427070    
0.298669    0.283115    0.339072    0.757023    0.560553    0.345538    
0.260070    0.281573    0.333921    5.400038    0.731449    0.606831    0.462489    1.400478    
0.273721    0.284777    0.332432    5.368497    5.780432    0.746972    0.592777    0.470070    1.376964    1.445057    
0.274256    0.273368    0.322175    3.432587    0.492296    2.815248    0.733166    0.567161    0.418573    0.201931    0.142342    0.132923    
0.271171    0.295428    0.345189    5.374665    5.701156    3.213664    2.972868    0.751678    0.606381    0.455474    1.363337    1.470119    1.443331    0.148073    
0.281869    0.284622    0.345720    5.403650    4.256571    5.365965    4.825816    6.152977    0.751567    0.558663    0.438754    1.453976    0.135908    1.398681    1.449567    0.157788    
0.276386    0.300927    0.348904    5.378467    5.270020    6.089287    6.158983    5.261744    6.218583    0.757729    0.622211    0.472275    1.369766    0.068547    1.460931    0.105518    1.448042    0.185981    
0.278284    0.279130    0.314647    3.562750    1.665702    5.315744    5.672046    6.123458    5.272088    5.773380    0.744697    0.565842    0.412015    0.101490    1.374902    0.121241    0.148559    1.476478    0.152800    0.129364    
