10    -5.541044    5.048785    0.255764
1.852027  1.201873  -0.549276  0.219038  -0.016983  0.671893  0.333167  -1.771524  1.975094  0.418604  -0.558470  0.925971  -0.505698  -0.325270  -1.075545  0.446122  -0.836724  0.162329  0.281473  0.505949  -0.553527  -0.866120  0.327513  1.036986  0.348084  -1.708354  1.127971  -0.092168  -0.439503  0.169916  -0.861601  0.219753  -0.153007  1.006797  0.498850  -1.179203  -1.559016  1.509071  -2.013569  0.536162  0.709629  -0.722766  -0.049661  -0.245750  -1.346920  
-0.226473  0.172174  0.122498  0.799894  0.079535  0.189422  0.185435  0.192373  -0.190691  0.203438  
 1    -2.674645    0.138646      0.729325   3294.000000      0.936703
 2    -4.041841    0.134726      0.858430   6709.000000      2.465314
 3    -4.729455    0.186381      0.923362   13505.000000      5.942941
 4    -4.744681    0.274890      0.924799   19547.000000      9.904812
 5    -4.777710    0.591833      0.927918   28617.000000     17.200617
 6    -5.160209    0.357143      0.964038   56699.000000     46.817151
 7    -5.239361    0.695226      0.971512   76045.000000     68.515530
 8    -5.336241    0.858352      0.980660   109111.000000    116.115091
 9    -5.378436    0.900770      0.984645   148131.000000    177.922562
10    -5.413033    0.875782      0.987912   227790.000000    315.654481
6.283185    0.695980    
3.830148    5.643294    0.583172    0.459791    
3.361584    3.822221    6.003645    0.584963    0.511478    0.311559    
3.356196    3.814366    6.283185    2.235365    0.569996    0.505148    0.358849    1.494240    
3.385754    3.747139    6.283185    2.375697    2.622191    0.547150    0.490143    0.495533    1.215046    0.165957    
2.967928    3.704681    3.254444    3.904448    2.882282    2.117414    0.614266    0.466719    0.386421    1.539696    0.452413    1.392691    
2.983331    3.613548    3.231581    4.118716    3.109799    2.917042    2.416379    0.618291    0.456911    0.386649    1.570796    0.485015    1.163854    0.207444    
2.819703    3.635886    3.112661    3.527308    2.525028    2.024671    4.226496    2.231260    0.614238    0.456840    0.386475    1.570796    0.537345    1.244896    0.432215    1.266974    
2.840624    3.644345    3.126025    3.441010    2.419815    1.625962    4.705056    2.351756    3.458423    0.611680    0.474601    0.398395    1.570796    0.490983    1.350367    0.419104    1.090327    0.160376    
2.068988    3.515648    3.324366    2.282662    1.265733    0.940671    6.159000    3.049677    2.929249    2.612397    0.635930    0.506145    0.413241    1.570796    0.328723    1.570796    0.410606    1.136557    0.395180    1.390413    
