10    -4.491912    5.842370    0.261689
-0.913186  0.596383  0.783402  -0.561723  -0.291456  1.049971  0.974512  -0.630528  -0.053466  1.690651  -0.015440  0.065761  -0.867256  -0.327027  -0.371583  -0.194330  -0.448940  -1.491343  1.642849  0.599594  -0.460096  -2.010617  0.502082  1.134824  -1.005218  -1.249696  -0.871701  0.020682  -0.788147  -0.522394  0.775097  0.634871  -0.673511  0.471438  -0.921861  0.449032  0.416270  -0.233352  -0.641085  0.326641  1.049163  -0.496667  -1.593433  -1.207052  0.410623  
0.320093  0.271814  -0.322464  0.070578  0.293212  0.223490  -0.283778  0.311534  0.291085  0.256711  
 1    -2.251552    0.253996      0.783211   3192.000000      0.897989
 2    -3.399721    0.526424      0.894314   7020.000000      2.611786
 3    -4.152533    0.724643      0.967160   11823.000000      5.105743
 4    -4.368201    0.794952      0.988029   20133.000000     10.805062
 5    -4.422861    0.827496      0.993318   36173.000000     23.793253
 6    -4.451048    0.894215      0.996046   49553.000000     37.541179
 7    -4.465270    0.919426      0.997422   87889.000000     86.224159
 8    -4.477200    0.977651      0.998576   126122.000000    139.624718
 9    -4.485450    0.996114      0.999375   179075.000000    221.480888
10    -4.488841    0.997892      0.999703   292408.000000    426.253904
5.438779    0.568619    
3.972325    5.272386    0.814503    0.442429    
3.525529    3.653830    4.325395    0.746645    0.569609    0.339407    
2.430203    3.473059    3.448146    3.961319    0.685317    0.608712    0.458893    0.247169    
1.847146    3.293794    3.019539    3.358583    3.876898    0.709192    0.579823    0.503906    0.393841    0.185398    
1.775267    3.269701    3.029373    3.373755    3.719957    4.850511    0.705543    0.579116    0.515779    0.417884    0.281951    0.098429    
1.595654    2.935329    2.778557    2.911171    3.171720    3.583638    4.566103    0.695781    0.542545    0.495733    0.419457    0.334580    0.216830    0.097057    
1.671883    3.075178    2.820382    3.004605    3.263426    3.708811    4.610019    5.397785    0.711163    0.545783    0.498553    0.410253    0.329840    0.213162    0.168483    0.065883    
1.604858    2.962211    2.793735    2.889983    3.138856    3.575087    4.310485    4.449328    4.860054    0.696902    0.547501    0.494774    0.413327    0.333620    0.239737    0.185428    0.136857    0.065516    
1.503283    2.704616    2.542175    2.509537    2.623422    2.803397    3.274948    3.883833    4.292157    4.748456    0.680109    0.513190    0.460116    0.388339    0.320169    0.252414    0.195165    0.172427    0.132416    0.062247    
