10    -5.493782    7.146173    0.287094
0.425188  -0.032820  0.989448  -1.579437  0.454097  0.217572  -1.497999  1.743353  -0.600091  -0.362574  1.672800  -0.356083  0.579311  -1.287199  -0.941917  1.686668  0.022534  0.530166  0.436340  -0.059709  0.772730  0.727365  -0.111376  1.309072  0.569217  0.248014  -1.875047  -0.291692  0.303654  0.201907  0.575408  -0.715979  1.107949  -0.585802  -0.688011  -2.668418  0.176056  0.298654  -0.069572  -0.450487  -1.755165  -2.059152  -0.733668  1.722038  0.480577  
-0.406794  -0.428005  -0.446555  0.513176  0.143373  0.525113  0.522725  -0.371895  0.246679  0.657437  
 1    -2.499141    0.245853      0.763081   4218.000000      1.218988
 2    -4.122984    0.538860      0.891550   7694.000000      2.824507
 3    -5.065010    0.766971      0.966078   12320.000000      5.317831
 4    -5.310992    0.842528      0.985539   17592.000000      8.954673
 5    -5.357927    0.851945      0.989252   25073.000000     14.677284
 6    -5.420827    0.886775      0.994228   36840.000000     26.203533
 7    -5.460120    0.958384      0.997337   52894.000000     46.554367
 8    -5.462236    0.944822      0.997504   70212.000000     71.421535
 9    -5.397622    0.913020      0.992392   96102.000000    114.044967
10    -5.419597    0.958702      0.994131   135668.000000    184.806649
2.013875    0.577257    
1.554704    1.979963    0.808296    0.437237    
1.395465    1.453682    1.609505    0.748280    0.551044    0.317077    
1.019703    1.284233    1.313584    1.475742    0.670313    0.570627    0.433625    0.221689    
1.013967    1.304930    1.313848    1.517875    4.032537    0.676580    0.578849    0.435385    0.247908    1.517689    
0.757228    1.241949    1.150165    1.260577    1.494089    3.880530    0.671484    0.563973    0.469172    0.362031    0.185826    1.522523    
0.728107    1.233432    1.147980    1.273216    1.419533    1.867146    4.165560    0.673813    0.561747    0.486599    0.388880    0.265170    0.113446    1.555058    
0.672980    1.196562    1.127750    1.213217    1.338693    1.618853    3.738818    2.110848    0.679134    0.558186    0.492562    0.403908    0.284974    0.129988    1.514746    1.536278    
0.985618    1.307009    1.288312    1.477007    3.840788    1.711049    1.891416    2.244180    4.586763    0.677050    0.580808    0.439836    0.278694    1.436031    1.422239    1.438360    1.511712    0.024983    
0.933670    1.321022    1.271106    1.449029    3.734101    3.817358    6.174565    4.092964    2.085566    3.938597    0.677204    0.588501    0.442317    0.269144    1.516644    0.021385    0.035227    1.461434    1.459991    0.038552    
