10    -6.605551    6.356322    0.304303
0.284659  -1.315573  -0.206194  -1.485032  -0.567317  1.520115  0.523557  0.024520  -1.685001  -0.604265  -0.469087  0.473629  0.909703  0.246694  0.447508  -0.673319  0.623387  0.470458  0.175019  0.545834  -1.600765  -1.239361  -0.603169  0.650523  -0.163636  2.189504  -1.149463  -1.317210  1.304923  0.273049  0.987929  -0.389575  -1.808348  -0.808738  -0.089142  -0.621119  1.484950  0.215611  -0.907590  -1.917414  -0.295296  2.987971  -0.930392  -0.862405  -1.764976  
-0.300000  1.000000  1.000000  1.000000  1.000000  1.000000  1.000000  1.000000  1.000000  1.000000  
 1    -0.641703    0.001896      0.539893   3210.000000      0.992468
 2    -1.000519    0.000557      0.567575   6446.000000      2.649402
 3    -1.354139    0.000796      0.594857   9069.000000      4.360715
 4    -1.448354    0.002927      0.602126   13362.000000      7.408850
 5    -1.474869    0.002507      0.604171   18444.000000     11.552047
 6    -1.313530    0.007829      0.591724   23588.000000     16.177425
 7    -1.554481    0.000312      0.610313   30176.000000     24.758835
 8    -1.574488    0.000322      0.611857   39440.000000     37.088915
 9    -1.818782    0.000811      0.630704   52105.000000     58.164653
10    -1.714242    0.003060      0.622639   64956.000000     82.676868
0.398664    0.502129    
0.374471    0.813065    0.754167    1.141713    
0.411707    0.837006    1.712302    0.807183    1.063838    0.297158    
0.406790    0.845291    1.686351    1.719414    0.800659    1.092232    0.288307    1.418171    
0.406310    0.838930    1.681846    1.705153    3.433206    0.800289    1.088399    0.283262    1.420521    1.498827    
0.463321    1.176469    2.934671    3.156970    0.974043    5.160869    0.492148    1.331537    1.540620    1.375676    0.104354    1.277131    
0.393358    0.725989    0.357290    1.491371    0.816494    5.320858    0.850910    0.749925    1.113609    1.220705    0.213998    1.376781    1.426478    0.104053    
0.364404    0.806321    1.268028    2.050522    4.702656    3.568068    1.430010    0.810407    0.758296    1.116021    1.297029    1.364089    0.067843    0.122138    1.541111    0.125460    
0.380462    0.702717    0.347402    1.528279    1.655250    1.200086    3.482517    5.140788    3.631047    0.750852    1.119816    1.159078    0.227079    1.360200    1.433569    1.359219    1.461803    1.433138    
0.387867    0.742499    0.400341    1.658437    2.810592    5.289586    3.983054    1.045705    3.309728    4.344941    0.774575    1.057891    1.159927    0.173602    1.496702    1.399593    0.132249    1.557926    0.130104    0.135784    
