10    -5.042108    4.782097    0.009107
0.709056  0.857144  1.688367  2.164774  -0.970375  1.072576  1.688920  0.015477  -0.012332  0.213066  0.651998  -0.178201  -0.044454  0.014322  0.032892  -0.075229  0.562198  -0.798122  0.466570  -1.022600  -0.664590  0.718755  -0.118972  0.880513  -1.007053  -0.598255  1.452177  -0.683331  0.170553  0.251468  -1.086515  -0.127056  -0.801120  0.643634  -0.408132  0.304167  0.338234  0.760667  1.095421  2.321618  -0.843377  0.183920  -0.778467  -1.223337  -1.363832  
-0.281465  0.107721  0.706250  0.214728  0.234489  0.235316  -0.256698  0.286724  -0.231063  -0.243155  
 1    -2.544867    0.217589      0.745807   3216.000000      0.897195
 2    -3.720668    0.528275      0.865491   6886.000000      2.515983
 3    -4.432456    0.708340      0.937944   11810.000000      4.997313
 4    -4.827465    0.845108      0.978152   19787.000000     10.194009
 5    -4.943868    0.912834      0.990000   30504.000000     18.605688
 6    -4.998134    0.940486      0.995524   42761.000000     30.956743
 7    -5.017096    0.954841      0.997454   66724.000000     59.531679
 8    -5.027772    0.980515      0.998541   83948.000000     80.342323
 9    -5.034688    0.988775      0.999245   128698.000000    153.323172
10    -5.037576    0.993467      0.999539   192490.000000    263.297118
5.271046    0.623728    
2.980719    3.980946    0.647517    0.413991    
2.677558    2.932697    3.823442    0.669474    0.501927    0.310607    
2.249830    2.925624    2.712153    3.581223    0.675116    0.547068    0.376147    0.260589    
1.939185    2.561681    2.360560    2.643705    3.025453    0.641510    0.498456    0.417909    0.275203    0.189331    
1.409971    2.517131    2.388777    2.354762    2.615549    3.070258    0.658700    0.528756    0.444443    0.359400    0.248436    0.147215    
1.295965    2.284524    2.205159    2.221572    2.344764    2.746843    2.907839    0.656932    0.502270    0.436549    0.376904    0.304917    0.200620    0.093419    
1.291408    2.302277    2.243161    2.261218    2.396888    2.738860    2.861528    3.766700    0.655289    0.507284    0.445154    0.383958    0.308587    0.240976    0.124110    0.057319    
1.220090    2.120489    2.073290    2.099057    2.190746    2.412698    2.530623    2.890975    3.370670    0.643681    0.482658    0.426776    0.376921    0.322631    0.247737    0.196359    0.094127    0.058926    
1.108642    1.969544    2.031893    2.041377    2.080648    2.217522    2.385158    2.598490    3.106421    3.213067    0.632903    0.480688    0.432779    0.376751    0.332839    0.268773    0.217872    0.160059    0.085893    0.045665    
