10    -4.751304    5.230813    0.115384
0.045279  -0.499267  -1.271602  -0.517983  0.510143  -0.288202  -0.237575  -0.498752  -0.734063  1.241094  0.074512  0.214214  0.209978  -1.570645  -0.863728  1.809023  0.669490  -0.298024  -0.167692  -2.031620  1.059673  -2.258756  -0.929584  -0.955863  1.005101  0.164662  0.974701  0.318961  0.884123  1.323747  -0.590289  0.275798  -1.551299  -0.529185  0.183199  0.274387  0.337787  0.284713  1.344580  -0.199527  0.494162  -0.858161  1.624182  -1.246189  0.170451  
-0.105482  0.256121  -0.259515  0.175392  -0.200292  -0.893707  0.164815  -0.216786  -0.184753  -0.254878  
 1    -2.411481    0.203014      0.765599   3504.000000      0.996482
 2    -3.601563    0.466209      0.884820   7179.000000      2.642235
 3    -4.114295    0.610638      0.936185   12262.000000      5.361168
 4    -4.513836    0.737006      0.976211   18922.000000      9.642768
 5    -4.625309    0.836975      0.987378   28934.000000     17.488521
 6    -4.677101    0.865171      0.992566   45144.000000     34.027341
 7    -4.704516    0.892410      0.995313   67235.000000     59.522562
 8    -4.724095    0.947004      0.997274   105453.000000    111.996135
 9    -4.732579    0.953522      0.998124   143717.000000    177.518001
10    -4.736239    0.982166      0.998491   211986.000000    299.624724
5.503482    0.695894    
2.820272    3.761147    0.554779    0.452327    
2.419721    2.697418    3.529025    0.567312    0.442526    0.275527    
2.257836    2.665603    2.281054    4.041898    0.619972    0.481758    0.335860    0.280609    
2.030992    2.377248    2.163423    2.503924    2.891033    0.602701    0.445128    0.372051    0.202458    0.214610    
1.345175    2.314375    2.252798    2.263991    2.485442    2.937792    0.610732    0.486325    0.401116    0.320847    0.207107    0.160279    
1.292355    2.154542    2.099123    2.177148    2.261126    2.648803    2.781335    0.627757    0.465268    0.399872    0.337352    0.274298    0.169730    0.104003    
1.267173    2.168940    2.058908    2.132925    2.159150    2.718933    2.305582    5.391987    0.646791    0.459535    0.392660    0.345496    0.278629    0.184120    0.180166    0.083562    
1.236644    2.067806    1.998625    2.048424    2.120826    2.394028    2.444888    2.634547    3.260464    0.626578    0.451563    0.392208    0.339167    0.292776    0.213465    0.191156    0.068094    0.074992    
1.280992    2.186156    2.048661    2.129737    2.164269    2.594474    2.368816    5.463883    4.212459    1.145766    0.645162    0.459931    0.388451    0.343433    0.286398    0.199537    0.208462    0.167768    1.494680    0.112518    
