10    -6.940617    5.893979    0.495427
-1.005836  0.503446  1.199233  1.483479  -0.592821  -0.667869  -0.277927  -0.746122  -1.144461  -0.517024  -1.065586  0.040723  -0.927408  0.138031  -1.344592  0.494226  -0.986034  0.821460  1.196688  1.597137  -1.299495  0.713507  0.143302  0.823571  -1.206175  -1.405423  0.998794  1.505038  0.429739  -1.935947  -0.247171  0.900996  -0.349041  -0.477095  -1.421178  0.104364  0.425847  -1.037371  0.000303  -0.571347  -0.337199  2.891899  0.270498  -1.104481  -0.483323  
-0.125934  -0.183966  0.191210  -0.182186  -0.165779  -0.133206  0.799962  -0.094074  -0.102418  -0.219572  
 1    -3.137012    0.181029      0.703644   2649.000000      0.725960
 2    -5.220804    0.502052      0.866002   6686.000000      2.430273
 3    -5.961562    0.681309      0.923718   12171.000000      5.143589
 4    -6.414795    0.788267      0.959031   19112.000000      9.540441
 5    -6.730792    0.884548      0.983652   29181.000000     17.923788
 6    -6.829548    0.914503      0.991346   46741.000000     35.269565
 7    -6.879199    0.939872      0.995215   65643.000000     57.942208
 8    -6.902306    0.968387      0.997015   102866.000000    108.478866
 9    -6.926009    0.992367      0.998862   143578.000000    171.792947
10    -6.935126    0.997443      0.999572   208909.000000    288.196728
6.283185    0.608362    
4.597408    5.059458    0.484035    0.418148    
3.583861    4.453826    4.009896    0.514383    0.370149    0.245529    
3.384129    4.290208    3.919672    5.215172    0.617077    0.483048    0.268478    0.235431    
3.222334    3.807209    3.478313    4.386613    3.913950    0.599291    0.455378    0.350247    0.191611    0.187252    
2.257575    3.506587    3.469863    3.580957    4.163979    4.014338    0.572328    0.464054    0.395224    0.287462    0.191831    0.139211    
1.970479    3.399204    3.297110    3.435623    3.544550    4.254240    3.980566    0.619720    0.459112    0.392773    0.333574    0.260423    0.157219    0.104404    
1.965889    3.264096    3.213384    3.326101    3.548147    3.842629    4.109829    4.498998    0.593858    0.452707    0.393640    0.324972    0.269851    0.212873    0.101727    0.067595    
1.874578    3.242402    3.159381    3.226630    3.336229    3.796035    3.803756    4.212529    4.776283    0.612387    0.448858    0.387464    0.331023    0.278769    0.207419    0.188751    0.053613    0.076938    
1.753554    2.923532    2.943262    3.028890    3.138379    3.346436    3.727268    3.726999    4.848527    4.105302    0.599403    0.427339    0.380092    0.327915    0.292323    0.225650    0.194207    0.149459    0.055746    0.065741    
