10    -7.233198    6.123004    0.102092
0.363580  1.314545  -1.146046  -0.488436  0.720190  -0.065189  1.841201  0.129148  1.689050  0.924599  -0.364502  1.552866  0.687094  1.868193  -2.101154  -0.860455  -1.583306  0.702538  1.232649  1.126887  -1.175439  -0.901862  -1.811378  0.775169  0.132982  1.972961  0.004686  -0.345795  -0.113918  0.131261  -0.202970  -0.681772  0.618107  -1.763596  1.099349  1.798983  -0.211299  2.114858  0.268974  -1.222359  -0.888213  -0.528165  -0.107994  -1.079499  -0.149241  
0.171528  -0.165898  0.148818  0.136062  0.152018  -0.142950  0.114495  -0.799962  0.113002  -0.126958  
 1    -2.540471    0.000291      0.648648   3252.000000      0.868142
 2    -5.043056    0.000093      0.836021   6992.000000      2.590868
 3    -5.886847    0.000071      0.899197   11753.000000      5.049203
 4    -6.500179    0.000037      0.945118   19687.000000      9.994787
 5    -6.857383    0.000004      0.971862   29737.000000     18.549038
 6    -7.012592    0.000007      0.983483   49130.000000     38.658190
 7    -7.086163    0.000002      0.988991   68290.000000     62.048085
 8    -7.110080    0.000002      0.990782   99556.000000    103.887823
 9    -7.119479    0.000003      0.991486   154425.000000    193.785270
10    -7.126131    0.000000      0.991984   214334.000000    303.681523
6.283185    0.671206    
5.099408    6.283185    0.442026    0.476151    
4.210985    5.284152    4.892529    0.499957    0.360784    0.277994    
3.947263    4.916770    4.379127    6.283185    0.598908    0.476722    0.251132    0.273322    
3.694051    4.491481    4.082670    5.187220    4.652087    0.591512    0.462575    0.352490    0.180802    0.218648    
2.665647    4.231761    4.080036    4.229919    4.911501    4.707356    0.581432    0.470390    0.400525    0.293366    0.181468    0.173512    
2.262225    4.002665    3.880386    4.033026    4.095910    5.089500    4.518079    0.623935    0.463955    0.399119    0.344906    0.262913    0.161174    0.134348    
2.165368    3.622852    3.562026    3.662165    3.755096    4.059587    4.794345    4.280554    0.608025    0.439350    0.384831    0.326157    0.292105    0.203571    0.139303    0.097708    
2.035115    3.526463    3.553215    3.601595    3.707776    4.035692    4.340020    4.549110    5.262566    0.600946    0.440746    0.389748    0.335271    0.294999    0.223812    0.190474    0.090737    0.064276    
1.922855    3.283381    3.360663    3.449207    3.566239    3.746833    4.162242    4.253163    5.002405    5.074109    0.593421    0.426308    0.380888    0.335306    0.304602    0.242713    0.200367    0.169070    0.058521    0.062928    
