10    -5.233090    6.938608    0.410449
1.181663  3.286588  -1.621765  0.949320  0.052378  0.064238  -0.407483  -0.086520  0.716453  1.220180  -0.421267  -0.436458  0.176678  0.855759  1.180917  0.303532  0.876488  0.409602  0.206339  -0.013353  -1.192493  -0.792464  0.517279  -0.487682  -0.779472  0.365687  -0.736046  0.139248  0.935475  1.379081  0.828823  0.572097  -0.226923  -0.796798  1.773026  0.437690  1.147809  0.880295  0.917032  1.984036  -0.949916  1.505194  -1.509718  1.503956  -0.219743  
0.736285  0.087720  -0.473502  0.378045  0.369642  -0.364437  -0.226182  0.513178  0.304350  -0.508792  
 1    -2.702325    0.222055      0.792078   3759.000000      1.061884
 2    -3.911152    0.476775      0.891392   7422.000000      2.786022
 3    -4.730220    0.668677      0.958685   11618.000000      5.021956
 4    -4.965264    0.748487      0.977996   17951.000000      9.220911
 5    -5.044073    0.823355      0.984471   24541.000000     14.399180
 6    -5.108740    0.882988      0.989784   36305.000000     25.842289
 7    -5.162213    0.947698      0.994177   49580.000000     40.803926
 8    -5.192335    0.965717      0.996652   70347.000000     70.287199
 9    -5.210318    0.982509      0.998129   89758.000000    101.829278
10    -5.217736    0.990454      0.998739   128845.000000    167.361300
2.392872    0.545946    
1.809451    2.346363    0.813049    0.436739    
1.587939    1.666712    1.884163    0.737468    0.551202    0.318509    
1.159242    1.607677    1.566825    1.763069    0.691966    0.590183    0.438696    0.223344    
1.129173    1.539206    1.492888    1.630536    2.002717    0.682688    0.578116    0.454128    0.332653    0.119918    
0.912903    1.524715    1.393312    1.562893    1.760223    2.230294    0.691865    0.568339    0.480473    0.382517    0.253849    0.113047    
0.938866    1.552956    1.400583    1.603604    1.809647    2.346312    2.439217    0.689482    0.571727    0.472163    0.371396    0.238290    0.183378    0.088020    
0.803989    1.405099    1.332067    1.449160    1.624853    1.897230    2.008333    2.258172    0.680685    0.547939    0.490468    0.398290    0.299042    0.193670    0.169662    0.087667    
0.755265    1.381054    1.297894    1.377762    1.501686    1.760805    1.982716    2.136911    2.144697    0.690650    0.545477    0.490496    0.411019    0.322577    0.218977    0.183273    0.144267    0.063842    
0.745724    1.353772    1.285688    1.356959    1.493383    1.722427    2.031526    2.104678    2.217725    4.769116    0.685959    0.540580    0.487407    0.404861    0.311990    0.213894    0.171543    0.139790    0.087064    1.540579    
