10    -5.826770    6.120339    0.759229
0.339865  0.191300  -1.140822  0.778411  1.707351  1.008358  -1.292085  -0.473293  0.210802  -0.992069  0.924987  0.120085  -0.173989  1.086957  1.130888  -0.286387  0.510305  1.395815  -0.250652  0.675379  -1.229298  -0.628359  0.987545  0.796753  0.540241  2.103185  -0.631635  -0.040769  -1.225789  -1.681987  1.823664  -0.043823  0.285031  1.890161  -1.761424  1.752328  -0.384126  -0.004983  -0.721595  0.853557  -0.283416  0.446697  -0.795163  0.004331  -0.816047  
-0.300000  1.000000  1.000000  1.000000  1.000000  1.000000  1.000000  1.000000  1.000000  1.000000  
 1    -0.209329    0.001942      0.529807   2577.000000      0.879921
 2    -0.259047    0.004611      0.533969   6142.000000      2.485207
 3    -0.339127    0.005231      0.540672   9996.000000      4.837568
 4    -0.467880    0.001071      0.551449   14891.000000      8.561121
 5    -0.641484    0.002036      0.565980   19960.000000     13.246326
 6    -0.614891    0.004795      0.563754   26963.000000     20.465238
 7    -0.660040    0.002113      0.567533   35919.000000     31.023216
 8    -0.785496    0.002468      0.578034   46613.000000     45.286499
 9    -0.810091    0.008183      0.580093   54464.000000     58.542237
10    -0.804487    0.010947      0.579624   74029.000000     92.619382
0.263280    1.321307    
4.425477    6.283185    0.680810    0.401865    
4.429371    6.283185    2.388804    0.718009    0.504079    1.191493    
3.222573    1.757477    0.737236    3.420024    1.224746    0.497356    0.457308    0.488114    
4.460022    3.952796    2.843205    4.591005    5.585225    0.541515    0.630205    1.088234    1.415326    0.385736    
0.404998    5.476183    1.215496    5.972141    4.531262    1.459801    1.314939    1.415456    1.229251    1.413879    0.396899    0.500062    
0.199565    3.702632    4.094210    5.421333    4.010212    1.304116    5.530296    1.079518    1.465655    1.160949    1.151470    0.537046    0.221027    0.169770    
2.862224    5.679711    4.364428    4.118980    5.071642    4.572345    3.479845    3.348604    0.967117    0.445239    1.191647    0.198126    0.095188    1.223302    0.276549    1.456591    
4.521244    3.453824    5.815127    3.213987    2.938305    2.618293    2.411639    1.904681    4.637051    0.501825    0.552787    0.562124    0.357775    1.144403    0.422007    1.448540    0.157709    1.464348    
3.201636    1.496053    3.096319    2.986151    3.961717    2.902636    5.945527    0.511379    0.807048    3.876722    1.221668    0.524479    1.239732    1.162713    1.132957    0.319948    1.289632    0.261113    1.466141    0.109739    
