10    -4.856665    5.458716    0.055760
0.108446  0.858697  -0.303699  -1.112064  2.308893  -1.048867  0.947621  0.883204  0.070424  0.041427  -0.289262  -0.204524  -0.044850  -0.477368  -1.277278  -0.027820  0.445678  0.686520  0.828148  0.253911  1.334424  -0.953863  -1.115720  -0.769460  0.716565  0.511641  -1.385294  -0.167641  0.823762  0.012481  -0.696414  -0.512203  0.856974  -0.204107  0.094714  0.067776  1.292029  2.018994  0.851697  -1.461167  0.354284  0.710400  0.988461  -1.161396  1.943400  
-0.300000  1.000000  1.000000  1.000000  1.000000  1.000000  1.000000  1.000000  1.000000  1.000000  
 1    -0.267584    0.001358      0.555122   2592.000000      0.830362
 2    -0.390088    0.002452      0.566998   6734.000000      2.849801
 3    -0.442438    0.002449      0.572073   10248.000000      4.972264
 4    -0.467052    0.000701      0.574459   14020.000000      7.787621
 5    -0.530296    0.007201      0.580590   19287.000000     12.740901
 6    -0.643706    0.007462      0.591585   26005.000000     19.923247
 7    -0.632529    0.006955      0.590501   38254.000000     32.600004
 8    -0.723720    0.006346      0.599341   45567.000000     45.374769
 9    -0.810708    0.006454      0.607774   53232.000000     57.812105
10    -0.866239    0.007606      0.613158   72548.000000     90.732049
0.307252    1.286933    
0.241585    0.698827    1.244890    1.393459    
0.202121    0.521418    0.733849    1.235743    1.391929    1.442561    
0.192039    0.480882    0.682931    0.974778    1.209573    1.386726    1.416285    1.476399    
0.251092    0.546736    0.533969    0.875752    1.043206    1.275577    1.316563    1.343272    1.392932    1.398859    
0.267468    0.908823    0.932096    6.283185    0.945629    0.889372    1.275867    1.375936    1.418815    1.394475    1.312481    1.273953    
0.268130    0.703790    0.731576    0.890096    3.144404    3.271462    0.965673    1.260018    1.421224    1.419947    1.445017    1.477868    1.269337    1.224668    
0.219608    0.584506    0.810751    0.891559    6.032739    0.281438    0.956613    0.825320    1.271966    1.426189    1.401016    1.443324    0.000000    1.369780    1.293068    1.330741    
0.268960    0.837004    1.097607    6.198707    0.836742    0.854858    6.113290    1.343069    1.483037    1.281728    1.407365    1.412552    1.408950    1.336858    1.265286    0.163395    1.392926    0.196964    
0.253623    0.977255    1.137913    5.402470    1.313306    1.037059    0.649316    2.346688    6.054215    2.748062    1.246774    1.388350    1.459156    1.457792    1.346418    1.262193    1.325817    1.520198    0.154885    1.472437    
