10    -8.173456    6.236231    1.819779
0.696245  -2.444617  -0.260982  -0.113475  -0.320669  0.034260  -0.922643  -1.114682  -0.286673  1.218300  1.229856  -1.262179  0.833652  -0.477234  -0.225393  0.186255  -1.199015  -0.142385  1.513019  -0.285775  -1.416254  0.304697  -0.822796  -0.260170  0.600818  0.509789  -1.562202  1.069096  1.442301  2.221508  0.054502  1.291572  0.768845  -0.674251  -0.997035  -1.768441  2.115761  -0.712112  0.150417  -0.867537  0.233505  -0.165786  1.613841  -2.191436  0.777694  
-0.300000  1.000000  1.000000  1.000000  1.000000  1.000000  1.000000  1.000000  1.000000  1.000000  
 1    -0.248174    0.005159      0.450003   2469.000000      0.775235
 2    -0.339615    0.006858      0.456349   6122.000000      2.653672
 3    -0.402360    0.000324      0.460703   10021.000000      4.774987
 4    -0.613518    0.000450      0.475357   15003.000000      8.344148
 5    -0.638728    0.003476      0.477107   20654.000000     13.525316
 6    -0.834530    0.013406      0.490695   28198.000000     21.114369
 7    -0.889089    0.001557      0.494481   36838.000000     30.582522
 8    -0.910526    0.016985      0.495969   45714.000000     44.871792
 9    -0.971683    0.031427      0.500213   58837.000000     67.012144
10    -0.989849    0.009633      0.501474   70371.000000     90.251350
0.319710    1.313691    
0.243614    0.663267    1.221992    1.402109    
4.571082    1.905885    2.358463    0.217870    1.066338    1.144986    
0.350917    0.731610    6.283185    2.931218    1.133550    1.380749    0.329666    1.174368    
4.366618    5.324027    2.430734    5.196622    3.966623    0.405982    0.750238    0.360919    1.279852    1.393567    
0.434303    0.816243    0.799547    5.852099    3.226716    0.788837    1.313431    1.245126    1.370646    0.216357    1.198163    1.407347    
0.358937    0.817316    0.688720    5.935589    3.318988    3.893658    4.729705    1.309503    1.228307    1.344507    0.214914    1.097561    0.151378    0.198318    
0.410366    0.825357    0.855607    5.798639    3.211793    0.787650    4.420836    4.223150    1.305639    1.239743    1.365145    0.212227    1.155636    1.404841    1.447058    1.459366    
0.312338    0.644129    5.906768    3.471649    5.065828    2.678018    5.305107    4.529152    3.962846    1.121950    1.340269    0.190320    1.309149    1.370867    0.233318    1.389152    1.273382    1.392368    
4.670199    1.749408    2.460489    0.682357    3.174970    4.650338    1.637479    3.046158    5.005291    2.164165    0.240347    1.098607    1.107487    1.291069    0.359389    0.298810    1.288720    1.427266    0.229280    1.404917    
