10    -4.916345    7.285886    0.129051
1.412241  2.337697  1.611915  1.649743  0.798248  -0.038336  -0.416919  0.573888  0.379333  0.395861  -0.639797  -0.622015  -1.097253  -0.040995  0.406483  1.850516  0.371162  -0.024252  0.881849  1.684386  -0.044589  -0.971817  -0.680023  -1.209145  0.695044  0.691764  0.203673  -0.572106  0.621362  -0.836067  -0.261789  0.241504  -0.153626  -0.948075  0.199662  -0.560836  -2.803511  0.893301  0.423962  0.633647  0.019574  1.092465  0.627957  0.383323  1.381928  
0.429719  -0.244051  -0.316965  -0.310895  -0.053795  -0.320261  0.268245  -0.338828  0.291033  -0.337860  
 1    -2.504114    0.237462      0.802312   3348.000000      0.923170
 2    -3.759023    0.478831      0.905155   6866.000000      2.533000
 3    -4.576858    0.653845      0.972178   12642.000000      5.474550
 4    -4.807775    0.716274      0.991102   19916.000000     10.167010
 5    -4.862580    0.742152      0.995594   31128.000000     19.513668
 6    -4.879839    0.787108      0.997008   49278.000000     38.161636
 7    -4.889878    0.820706      0.997831   73229.000000     68.315842
 8    -4.897966    0.915247      0.998494   119820.000000    138.065508
 9    -4.908108    0.985282      0.999325   167144.000000    215.581936
10    -4.912009    0.996866      0.999645   238832.000000    341.074369
4.403260    0.555725    
3.285567    4.309723    0.810698    0.438549    
2.950258    2.980334    3.550406    0.741666    0.566057    0.339895    
1.991846    2.891458    2.855256    3.249006    0.682920    0.611155    0.460580    0.246165    
1.470077    2.697182    2.490456    2.764846    3.158660    0.704173    0.575787    0.508551    0.396076    0.187497    
1.403708    2.621126    2.475739    2.701807    2.938713    3.660199    0.700683    0.572487    0.517344    0.422226    0.284538    0.092945    
1.303216    2.387050    2.271712    2.369713    2.568491    2.902128    3.688371    0.692227    0.538139    0.491364    0.420920    0.337342    0.218291    0.089831    
1.372607    2.562073    2.330980    2.507384    2.713838    3.127721    3.888780    4.487369    0.709160    0.547531    0.496562    0.409154    0.320932    0.202605    0.162392    0.067845    
1.336627    2.472904    2.304102    2.406837    2.644161    3.193925    4.025157    3.783156    3.837104    0.695539    0.545334    0.488653    0.403628    0.303421    0.194708    0.174705    0.163748    0.086922    
1.300339    2.386063    2.294260    2.358202    2.575195    3.011586    4.017303    3.975434    3.478091    3.676982    0.689534    0.543007    0.491450    0.416823    0.331329    0.204761    0.148821    0.158904    0.149064    0.067973    
