10    -6.869358    8.407183    0.003858
-0.016842  1.193143  0.399772  -1.002405  -1.181365  -0.378506  -0.714387  -0.865035  1.730648  -0.959349  -0.173111  -1.518304  0.611202  0.386043  0.675178  0.119889  1.049504  0.194760  0.715019  -0.416904  -0.306104  0.760458  0.887064  1.471282  -0.290232  -1.620485  -2.252044  -0.289965  -0.387475  1.377674  -1.817218  -0.321535  0.621941  -0.265941  1.511721  -0.481059  -0.653998  -2.419391  -1.698251  -1.579541  1.479380  0.368660  1.275330  3.132326  0.993627  
-0.142027  -0.082574  0.799962  -0.112758  -0.140637  -0.148770  -0.157597  -0.173194  -0.097944  0.242621  
 1    -2.725570    0.142392      0.728748   3111.000000      0.833599
 2    -5.145357    0.520224      0.887147   6743.000000      2.396049
 3    -5.875468    0.654117      0.934940   10692.000000      4.444496
 4    -6.388474    0.786658      0.968521   18711.000000      9.422775
 5    -6.649145    0.847077      0.985585   30511.000000     19.122385
 6    -6.748677    0.899113      0.992100   52457.000000     41.040891
 7    -6.799889    0.949427      0.995453   82198.000000     77.136861
 8    -6.830198    0.972109      0.997437   110498.000000    117.531897
 9    -6.853788    0.991662      0.998981   175631.000000    218.343493
10    -6.863098    0.997268      0.999590   261692.000000    368.303128
6.283185    0.643281    
5.039120    6.283185    0.456310    0.474907    
4.180889    4.905480    6.283185    0.528381    0.420850    0.289452    
3.737855    4.850683    4.274107    6.283185    0.609567    0.477607    0.276434    0.287947    
3.247945    4.219275    3.946259    4.195435    6.283185    0.578357    0.443386    0.385884    0.218910    0.259443    
2.432600    4.179341    4.001991    4.096323    4.152008    6.263967    0.614040    0.477890    0.390392    0.327123    0.217029    0.204875    
2.346720    3.913645    3.784070    3.956116    4.105853    4.587048    5.523757    0.608890    0.460946    0.396508    0.328706    0.273348    0.171121    0.134376    
2.214874    3.810112    3.749562    3.840830    4.032674    4.488926    4.384655    6.283185    0.599767    0.457525    0.400004    0.335788    0.275168    0.223716    0.129253    0.088249    
2.133498    3.748210    3.648268    3.723292    3.819973    4.310338    4.351259    4.390302    6.283185    0.612429    0.450766    0.390272    0.336917    0.287375    0.214610    0.200632    0.069459    0.089029    
2.013882    3.419487    3.414946    3.499321    3.594080    3.830427    4.247066    4.241200    5.440784    4.983518    0.603154    0.429559    0.381131    0.329684    0.296158    0.228491    0.201065    0.159193    0.057258    0.073938    
