10    -5.056660    7.115486    0.072218
-1.749765  0.342680  1.153036  -0.252436  0.981321  0.514219  0.221180  -1.070043  -0.189496  0.255001  -0.458027  0.435163  -0.583595  0.816847  0.672721  -0.104411  -0.531280  1.029733  -0.438136  -1.118318  1.618982  1.541605  -0.251879  -0.842436  0.184519  0.937082  0.731000  1.361556  -0.326238  0.055676  0.222400  -1.443217  -0.756352  0.816454  0.750445  -0.455947  1.189622  -1.690617  -1.356399  -1.232435  -0.544439  -0.668172  0.007315  -0.612939  1.299748  
-0.286585  -0.235136  -0.199182  0.862459  0.196193  -0.230799  0.254335  0.269272  -0.239738  -0.117413  
 1    -2.553737    0.190169      0.794373   3327.000000      0.942967
 2    -3.780216    0.443457      0.895134   7379.000000      2.718050
 3    -4.422533    0.546510      0.947903   11754.000000      5.043158
 4    -4.814864    0.713021      0.980135   18459.000000      9.446818
 5    -4.818764    0.725597      0.980456   25363.000000     14.471197
 6    -4.947247    0.833315      0.991011   45184.000000     35.462006
 7    -4.986974    0.926242      0.994275   71018.000000     67.853459
 8    -5.006438    0.950113      0.995874   91169.000000     95.972767
 9    -5.008733    0.955942      0.996063   137761.000000    169.161892
10    -5.023647    0.979462      0.997288   200060.000000    295.893157
4.952791    0.688854    
2.501017    3.626596    0.606359    0.458688    
2.214081    2.438827    3.777773    0.607953    0.515666    0.313940    
1.980503    2.333426    2.007188    3.721066    0.625162    0.486755    0.370377    0.303270    
1.980077    2.333940    1.985098    3.789117    6.283185    0.621655    0.486373    0.368384    0.314874    0.020887    
1.263618    2.081510    1.964761    2.002369    2.061426    3.215587    0.649958    0.494376    0.406122    0.342845    0.262766    0.194538    
1.171204    2.123722    2.072793    2.062716    2.344408    2.392488    4.885053    0.636500    0.504322    0.423268    0.344391    0.232884    0.247000    0.115184    
1.127460    2.197280    2.095496    2.020189    2.238549    2.381539    5.102084    5.860851    0.655809    0.515135    0.419494    0.354865    0.226476    0.265171    0.178213    0.074007    
1.150037    2.212505    2.087313    2.030287    2.215047    2.439412    5.239606    5.743554    6.283185    0.663737    0.515981    0.416094    0.353870    0.229773    0.259309    0.175877    0.060121    1.544769    
1.131417    2.089295    2.044617    1.996201    2.230129    2.411877    5.186572    5.306374    5.209984    4.939099    0.635104    0.502200    0.419988    0.348866    0.220518    0.241777    0.133402    0.051766    1.485065    1.480611    
