10    -6.384258    8.646259    0.370261
-0.275434  0.009924  0.464788  0.342611  1.134445  -1.210976  -1.443573  -0.759583  0.937481  0.102493  0.591607  -0.425419  0.755324  -1.678499  -0.895253  0.458548  0.258016  -1.155983  0.649192  0.046318  0.348382  -0.652745  -1.665788  -0.809513  -0.563146  -1.429917  1.575949  0.753774  1.515370  1.255785  2.439973  -1.200436  1.098150  -1.406748  -0.390113  0.508771  -1.004111  1.108616  -0.224008  0.578104  1.259909  1.642607  1.321856  0.976932  0.966127  
-0.300000  1.000000  1.000000  1.000000  1.000000  1.000000  1.000000  1.000000  1.000000  1.000000  
 1    -0.372930    0.005393      0.600059   2274.000000      0.717802
 2    -0.491544    0.009930      0.607950   5555.000000      2.363469
 3    -0.573596    0.015858      0.613409   10085.000000      4.793742
 4    -0.640855    0.023591      0.617884   14596.000000      7.825215
 5    -0.815387    0.008949      0.629496   19087.000000     12.104051
 6    -0.903658    0.011637      0.635369   28317.000000     20.432803
 7    -0.807477    0.016607      0.628969   35428.000000     30.446373
 8    -0.867843    0.006357      0.632986   45630.000000     44.037179
 9    -1.045898    0.015006      0.644832   55634.000000     60.804903
10    -0.998901    0.006350      0.641705   66416.000000     86.040892
0.292266    1.310108    
0.231216    0.663509    1.238731    1.419604    
0.227943    0.553444    0.783138    1.245120    1.394146    1.443906    
0.218395    0.528670    0.790276    1.048868    1.252068    1.409305    1.428140    1.446556    
0.272316    0.644688    5.295836    0.754549    0.806957    1.225954    1.413462    0.218177    0.252386    0.260933    
0.233967    0.556713    0.674077    5.271255    0.860141    0.737710    1.251907    1.376899    1.447344    0.230663    0.292379    0.222236    
0.219613    0.477492    0.761450    1.096211    3.144848    6.031016    1.949713    1.258350    1.400014    1.401203    1.384533    1.356435    0.195953    1.342873    
0.360127    2.416974    1.107211    5.968608    4.384185    5.887357    5.902434    3.540103    1.395793    1.298069    1.331928    1.368681    1.335726    0.255337    0.219124    0.351056    
0.246443    0.536033    0.705267    5.198387    0.964560    0.794679    3.709623    0.978085    3.782091    1.248500    1.387369    1.472789    0.232949    0.334470    0.255064    0.124233    0.091808    1.491360    
0.326292    2.564419    1.064923    6.018211    4.327764    5.824358    5.884507    3.636771    1.958182    4.122149    1.388622    1.300154    1.300005    1.362576    1.349626    0.242654    0.236899    0.380462    1.407418    1.404770    
