10    -5.074326    5.051595    0.217677
-0.564163  -0.238681  -0.774429  0.260315  -1.294135  1.222583  -0.293067  -0.331231  -0.351750  0.464535  1.249793  2.165466  1.597250  0.090560  -0.645840  -0.492307  -1.035561  -1.291473  0.005765  -0.351684  -0.950603  -1.362077  -0.202985  0.794999  -1.815096  1.199073  -0.102739  0.222348  -0.070067  0.926698  -0.427322  -0.369258  -0.512363  -1.928618  0.161842  -0.549214  0.236189  -0.250762  -1.619075  1.547925  -1.644999  -1.079383  -1.130843  0.254932  -0.419155  
-0.300000  1.000000  1.000000  1.000000  1.000000  1.000000  1.000000  1.000000  1.000000  1.000000  
 1    -0.933432    0.000347      0.591060   2688.000000      0.810228
 2    -1.598038    0.000236      0.656694   5943.000000      2.388458
 3    -2.114428    0.000117      0.707691   9062.000000      4.165205
 4    -2.437925    0.000401      0.739638   12412.000000      6.501042
 5    -2.811923    0.000079      0.776573   17106.000000     10.103406
 6    -2.961575    0.000383      0.791352   22498.000000     15.213046
 7    -2.546613    0.001029      0.750372   28518.000000     22.717319
 8    -2.978201    0.000383      0.792994   34747.000000     31.909470
 9    -2.527475    0.000733      0.748482   43588.000000     46.163042
10    -2.828346    0.000251      0.778195   53918.000000     65.008427
0.382840    0.579575    
0.304302    0.389050    0.829800    0.440795    
0.309044    0.327161    0.737142    0.795934    0.534237    1.276121    
0.329894    0.332067    0.750389    1.657712    0.803566    0.541947    1.198967    0.197136    
0.314558    0.329837    0.679431    0.370132    1.603620    0.793703    0.544622    1.141657    1.220912    0.148104    
0.313490    0.332066    0.756841    1.661408    1.690137    1.687617    0.786861    0.544937    1.209727    0.240885    1.358365    0.136150    
0.302943    0.372359    1.861315    0.330369    4.672505    1.696041    1.762279    0.785095    0.483269    0.249351    0.186530    1.400790    0.181191    1.433928    
0.308093    0.328091    0.666483    0.359359    6.091838    1.686424    0.872672    5.809629    0.795647    0.530579    1.186300    1.331173    1.460909    0.175803    1.406891    0.091732    
0.314808    0.380549    3.828082    4.818504    3.936650    3.569584    6.283185    1.727241    5.457008    0.833029    0.501384    1.385891    0.160009    1.437959    1.470709    1.449273    0.135653    0.079571    
0.319188    0.377409    1.883030    0.401959    2.945687    1.666148    5.021206    1.757650    2.165814    2.264743    0.817917    0.496456    0.289316    0.207745    0.140899    1.404678    0.102412    1.438922    1.435829    1.501265    
