10    -6.792325    5.068825    1.045290
0.277660  1.805239  -0.840097  -0.895218  0.561813  -0.478703  0.312600  -1.203183  -1.609399  -0.798519  -0.206177  -0.118149  0.223079  0.612972  1.086046  0.936871  -0.778794  1.019699  0.968641  1.117000  -0.644645  -0.159126  -1.731727  2.054992  -1.788954  -1.960834  0.559302  -0.342946  -0.961238  -0.595871  -0.255397  -0.446996  0.118446  -0.238217  -0.162742  1.358204  -0.794506  0.508499  -0.434576  -1.236406  0.184675  -0.878146  -1.192002  0.980606  0.819667  
-0.300000  1.000000  1.000000  1.000000  1.000000  1.000000  1.000000  1.000000  1.000000  1.000000  
 1    -0.527519    0.000309      0.471821   3432.000000      1.037971
 2    -0.757523    0.000226      0.491213   6444.000000      2.518770
 3    -0.912635    0.001539      0.504290   9205.000000      4.239233
 4    -1.062217    0.000254      0.516901   13607.000000      7.031808
 5    -1.059088    0.000723      0.516637   16822.000000     10.024270
 6    -1.243106    0.002228      0.532152   23130.000000     16.120591
 7    -1.353436    0.000380      0.541453   28870.000000     23.522064
 8    -1.621670    0.002670      0.564068   36248.000000     33.818851
 9    -1.359471    0.002742      0.541962   46165.000000     49.677685
10    -1.536860    0.003413      0.556918   57305.000000     70.836017
0.403834    0.543534    
0.502764    1.100312    0.467913    1.225614    
0.453046    2.495402    4.937675    0.455485    0.251495    1.270946    
0.472438    1.104102    6.224240    4.135208    0.487246    1.214699    1.337359    0.233417    
0.423060    2.549541    4.062211    0.562707    0.406112    0.517468    0.162886    1.314708    1.310553    1.278248    
0.426694    5.111062    1.418388    0.442643    0.504433    4.091212    0.541536    0.085662    1.289872    1.292883    1.286386    0.266004    
0.480125    1.068071    1.368223    4.883397    3.620320    1.930274    3.900137    0.460738    1.301341    0.161041    1.302482    1.346971    1.441497    0.111463    
0.375231    0.792880    2.798664    4.910476    2.890801    4.547675    2.782056    3.621706    0.736528    1.217391    1.389627    0.213239    0.234732    0.159222    0.157626    0.125151    
0.461860    1.120084    4.803503    1.482620    5.501790    5.002235    1.280984    4.679020    4.616833    0.473168    1.255156    0.233049    1.343408    1.525169    0.145105    1.452946    1.430637    1.511733    
0.494760    1.102047    3.835034    1.526694    1.519486    3.481705    1.525925    4.505805    1.268865    5.492015    0.445393    1.351872    0.109411    1.396514    0.221105    0.080969    1.293833    1.356114    0.234723    1.490541    
