10    -5.221406    5.341148    0.362320
-0.097940  0.250080  -0.162508  -1.448517  0.785906  0.469623  -1.460382  -0.626218  -1.518771  0.467329  -2.420600  -0.078978  1.112255  -0.476275  1.653748  -1.018355  0.993027  0.591649  -0.259676  0.909999  -0.662858  -0.516306  0.406795  0.262560  0.527482  -0.719168  -0.106058  -0.747889  -0.250776  -1.582493  -0.508423  -0.669027  -1.159652  0.331337  1.101627  -0.459651  0.336801  0.879180  0.203744  -0.020732  -1.000277  1.811036  1.066917  -2.259726  -0.355279  
-0.195722  0.156739  -0.131820  0.799962  -0.137683  0.135848  0.158276  -0.210737  0.131022  -0.252631  
 1    -2.364953    0.222922      0.729568   2949.000000      0.806080
 2    -3.823283    0.559693      0.867634   7208.000000      2.688225
 3    -4.429652    0.764734      0.925041   12205.000000      5.214646
 4    -4.838949    0.822542      0.963791   19013.000000      9.562015
 5    -5.053552    0.941076      0.984109   30717.000000     19.228855
 6    -5.140262    0.969577      0.992318   50218.000000     38.255385
 7    -5.185975    0.984821      0.996646   68179.000000     58.798413
 8    -5.201959    0.991528      0.998159   101871.000000    107.622906
 9    -5.214159    0.997564      0.999314   145344.000000    172.744903
10    -5.219089    0.999201      0.999781   214135.000000    297.640277
6.283185    0.618613    
4.132500    5.348245    0.504919    0.445005    
3.526925    4.082432    4.184179    0.536510    0.376521    0.272704    
3.253213    3.925642    3.255418    5.974813    0.606451    0.484268    0.321347    0.277960    
3.005799    3.590297    3.212118    3.974522    3.803095    0.605830    0.458914    0.363185    0.192378    0.207550    
2.118430    3.376323    3.283834    3.349104    3.791091    3.908837    0.599465    0.479212    0.400930    0.307639    0.194304    0.159627    
1.900155    3.203008    3.083702    3.216613    3.250251    3.945907    3.741034    0.634362    0.469595    0.400166    0.340950    0.273964    0.163815    0.119274    
1.813765    2.943262    2.897112    2.991408    3.110993    3.346971    3.765168    3.764301    0.610384    0.449711    0.396126    0.331706    0.289627    0.215503    0.129460    0.078804    
1.734410    2.937304    2.884874    2.930820    2.986048    3.305856    3.468617    3.584530    4.623814    0.621473    0.449162    0.392635    0.339447    0.297651    0.215313    0.197328    0.076212    0.068514    
1.641805    2.670235    2.671731    2.728007    2.803452    2.914775    3.294253    3.334772    4.078001    3.965569    0.607463    0.425621    0.379089    0.331281    0.302302    0.239098    0.198920    0.166167    0.059966    0.062821    
