10    -6.039762    6.522355    0.758420
0.820438  1.229717  -0.763083  1.311323  -0.551206  2.015658  0.939756  -0.160168  -0.856489  0.569047  -0.021903  0.634637  0.393135  0.478060  2.245525  -1.140656  1.852895  -0.015412  -1.308539  -0.218185  0.112809  -1.249093  0.224914  0.503418  0.092632  -0.864026  -0.516825  -0.704061  -0.588868  1.260356  0.002991  2.394856  0.965658  1.259467  -1.286387  -0.172135  -0.364273  -1.031104  0.073835  0.938565  0.643774  1.416282  0.061437  -1.880283  -1.077355  
-0.300000  1.000000  1.000000  1.000000  1.000000  1.000000  1.000000  1.000000  1.000000  1.000000  
 1    -0.157709    0.000952      0.531763   2556.000000      0.829679
 2    -0.405080    0.000575      0.551454   6212.000000      2.720379
 3    -0.631789    0.000335      0.569501   10066.000000      4.895098
 4    -0.720119    0.000418      0.576533   13835.000000      7.381315
 5    -0.826894    0.000855      0.585033   19056.000000     11.507018
 6    -0.664947    0.002615      0.572141   24425.000000     17.377204
 7    -0.873134    0.000902      0.588714   31842.000000     26.124638
 8    -0.824952    0.007744      0.584878   44615.000000     43.467895
 9    -0.879300    0.000086      0.589204   52138.000000     56.598349
10    -0.874395    0.001905      0.588814   64140.000000     79.991387
1.251839    0.421379    
1.039437    0.761988    0.578283    0.522332    
0.845053    0.713767    3.638345    0.649260    0.540177    0.440823    
0.898206    0.737428    3.585891    5.618904    0.623098    0.594027    0.310366    0.207917    
0.574506    0.743598    3.619120    3.307557    3.366190    0.539520    0.360419    0.244281    1.321120    0.136772    
1.055627    0.761444    4.650859    1.222227    5.278355    1.647867    0.581462    0.566253    0.140364    0.113787    1.408734    0.125383    
1.097989    0.760211    2.329989    1.877707    3.865373    4.702191    2.860052    0.644752    0.387811    1.433507    1.439483    1.414016    1.409542    0.228315    
1.054970    0.810676    6.121904    5.608081    2.152107    5.360276    4.294828    3.012606    0.583814    0.638459    0.149571    0.068920    1.448718    0.272905    1.236444    1.419002    
0.985216    0.757513    3.512800    5.726281    1.688296    2.278627    3.726937    1.382726    1.326416    0.621594    0.572453    0.301381    0.263619    1.431208    0.086567    0.138872    1.432021    0.066812    
1.224167    3.071559    2.902385    5.391906    1.482613    2.482682    2.109478    3.385987    4.158275    1.212769    0.389267    1.249404    1.353088    0.184213    1.491766    1.268056    1.242341    1.456275    0.362653    1.482665    
