10    -5.546055    5.626134    0.040206
1.011944  0.346745  -0.230357  -0.433349  -0.627075  0.791468  -0.598915  -0.869797  -0.788798  -0.724587  -0.092965  -1.456969  0.201143  -0.592222  0.822629  -1.629775  1.174757  2.386508  -0.728570  -0.271611  -1.366432  -0.545020  -0.308100  -1.794647  1.810442  -0.040052  -1.391488  -1.741249  -0.824328  0.888951  -1.114523  1.365967  0.558312  0.855175  -0.596318  -0.278357  1.481615  -0.498983  0.319215  -0.241319  -0.983080  -0.280740  1.096625  -0.619007  1.435954  
0.281578  -0.208972  0.254943  -0.264267  0.247078  0.799962  -0.216274  0.087651  -0.245365  0.313534  
 1    -2.809950    0.138269      0.755097   3459.000000      1.000767
 2    -4.159623    0.100091      0.875903   7120.000000      2.680334
 3    -4.835477    0.149583      0.936398   10962.000000      4.727248
 4    -4.859411    0.135963      0.938540   16829.000000      8.241123
 5    -4.932421    0.192286      0.945075   25154.000000     15.143878
 6    -5.006178    0.256186      0.951677   43381.000000     35.148484
 7    -4.926021    0.067523      0.944502   66255.000000     64.091427
 8    -5.047034    0.453575      0.955334   92616.000000    102.324558
 9    -5.336969    0.003607      0.981285   128241.000000    157.213329
10    -5.028908    0.031160      0.953711   176426.000000    247.821146
4.854581    0.662735    
2.620442    3.688837    0.635440    0.441437    
2.269467    2.521776    3.689315    0.627137    0.518512    0.314175    
2.207060    2.549715    3.474714    6.283185    0.624571    0.518586    0.288161    1.520405    
2.207379    2.531070    3.501517    6.283185    6.283185    0.620341    0.540011    0.317411    1.561180    0.081616    
2.149140    2.527184    3.490697    6.283185    5.729202    3.867186    0.617114    0.544584    0.331155    1.533222    0.078755    0.078791    
2.614782    3.116909    5.005088    3.412615    3.276535    5.467897    4.377704    0.646251    0.479811    1.480220    1.274416    1.439214    0.138258    0.141555    
2.150466    2.535537    3.525024    6.283185    5.875141    4.547520    1.271981    1.312364    0.621738    0.543955    0.340164    1.534336    0.058713    0.209576    1.314233    0.119844    
1.852051    2.265441    2.225529    2.817741    4.942630    2.928093    2.941772    2.752403    6.283185    0.636231    0.481234    0.403600    0.185041    1.356436    1.343924    1.365940    1.529861    0.085771    
2.625990    3.152585    5.029819    3.294108    3.001342    5.733119    3.270454    2.823364    5.652140    4.076003    0.650629    0.473830    1.475863    1.279246    1.415210    0.138885    0.180195    0.088161    1.498027    1.490796    
