10    -5.493782    7.146173    0.287094
0.425188  -0.032820  0.989448  -1.579437  0.454097  0.217572  -1.497999  1.743353  -0.600091  -0.362574  1.672800  -0.356083  0.579311  -1.287199  -0.941917  1.686668  0.022534  0.530166  0.436340  -0.059709  0.772730  0.727365  -0.111376  1.309072  0.569217  0.248014  -1.875047  -0.291692  0.303654  0.201907  0.575408  -0.715979  1.107949  -0.585802  -0.688011  -2.668418  0.176056  0.298654  -0.069572  -0.450487  -1.755165  -2.059152  -0.733668  1.722038  0.480577  
-0.300000  1.000000  1.000000  1.000000  1.000000  1.000000  1.000000  1.000000  1.000000  1.000000  
 1    -0.381345    0.000520      0.595534   3318.000000      1.151556
 2    -0.610426    0.000848      0.613657   6482.000000      2.676117
 3    -0.833455    0.004477      0.631302   9550.000000      4.700320
 4    -0.972910    0.004611      0.642335   13444.000000      7.582032
 5    -0.979555    0.005831      0.642860   18591.000000     11.835279
 6    -1.144453    0.008271      0.655906   25227.000000     17.620793
 7    -1.102815    0.000160      0.652612   30650.000000     25.634027
 8    -1.156707    0.001573      0.656876   39504.000000     38.705574
 9    -1.335239    0.000429      0.671000   55012.000000     62.077988
10    -1.233971    0.006363      0.662988   62197.000000     78.678987
0.397454    0.569160    
0.454794    2.327504    0.434442    0.313906    
0.531452    0.618694    1.320050    0.669809    0.280207    1.221120    
0.467404    2.344878    5.714830    2.174166    0.467658    0.278107    0.111601    1.207365    
0.525490    0.614244    0.751543    4.427309    2.881653    0.557260    0.211396    0.250116    1.467463    1.340549    
0.478349    0.621602    0.738526    3.035058    4.432619    4.915505    0.587431    0.319743    0.252887    1.525593    1.433878    0.210506    
0.437189    0.603729    0.695978    3.027472    1.093870    2.065004    1.072990    0.572709    0.281901    0.225744    1.336697    0.262224    1.326918    0.199347    
0.456504    0.555144    3.697851    5.520409    3.157323    1.754764    4.571205    2.502250    0.545266    0.242956    1.517475    0.029010    0.074726    0.054471    1.296126    1.357421    
0.325453    0.341210    4.344896    3.828199    6.282318    2.042489    5.486923    3.028543    0.284021    0.549135    0.327052    1.488766    1.489646    1.415155    0.088906    0.088263    0.349324    1.312827    
0.441389    0.481316    5.758760    0.545557    2.198978    1.294462    6.050704    4.015318    5.821152    5.447366    0.572649    0.261384    0.209987    0.333850    1.354962    0.095712    0.103132    0.222518    1.506650    1.369294    
