10    -5.546055    5.626134    0.040206
1.011944  0.346745  -0.230357  -0.433349  -0.627075  0.791468  -0.598915  -0.869797  -0.788798  -0.724587  -0.092965  -1.456969  0.201143  -0.592222  0.822629  -1.629775  1.174757  2.386508  -0.728570  -0.271611  -1.366432  -0.545020  -0.308100  -1.794647  1.810442  -0.040052  -1.391488  -1.741249  -0.824328  0.888951  -1.114523  1.365967  0.558312  0.855175  -0.596318  -0.278357  1.481615  -0.498983  0.319215  -0.241319  -0.983080  -0.280740  1.096625  -0.619007  1.435954  
-0.300000  1.000000  1.000000  1.000000  1.000000  1.000000  1.000000  1.000000  1.000000  1.000000  
 1    -0.299074    0.000925      0.530353   2742.000000      0.900100
 2    -0.724939    0.000189      0.568472   6510.000000      2.785567
 3    -1.055112    0.000536      0.598025   9003.000000      4.259781
 4    -1.331805    0.000361      0.622791   13636.000000      7.447613
 5    -1.015655    0.000405      0.594493   18684.000000     11.239303
 6    -1.370664    0.000307      0.626269   25491.000000     17.926378
 7    -1.355858    0.000042      0.624944   31355.000000     25.594241
 8    -1.465016    0.000016      0.634715   40946.000000     38.698683
 9    -1.446821    0.000223      0.633086   52129.000000     56.982139
10    -1.330504    0.000238      0.622675   64852.000000     80.485741
0.342129    0.883914    
0.295579    0.375277    0.802187    0.454659    
0.281879    0.366214    0.772684    0.793866    0.591075    1.254063    
0.305835    0.341005    0.679983    0.401426    0.799959    0.532376    1.157853    1.289376    
0.299679    0.364872    1.816570    5.515444    2.582201    0.807429    0.544142    0.081416    1.441056    1.347310    
0.311613    0.343600    0.674897    0.388855    3.450946    3.829345    0.804184    0.531075    1.171471    1.278533    1.534659    0.082271    
0.205337    0.240947    0.297719    0.730221    1.701363    1.677980    5.999157    0.637323    0.587665    0.472353    1.320442    0.163752    1.414843    1.441332    
0.220994    0.238187    0.287197    0.715895    1.625747    0.458024    4.071817    4.767644    0.649174    0.564897    0.437160    1.294815    0.231180    0.170076    1.475452    0.119200    
0.310907    0.351862    0.672996    0.390210    2.652443    3.364730    6.101283    1.530259    4.409823    0.807456    0.537851    1.189108    1.289613    1.517068    1.516406    1.463237    0.047415    1.489290    
0.318895    0.414576    1.936630    4.392259    0.320042    0.364219    0.467661    3.730531    3.589742    6.053677    0.843753    0.525473    0.084339    1.380226    1.311381    1.290007    1.393169    0.118770    0.099003    0.124854    
