10    -5.555968    4.803093    0.614948
-0.944526  -0.876067  0.826348  -0.320301  -1.080067  1.307439  -0.072256  1.633084  1.209046  -0.966583  -1.493422  -0.523997  0.003965  -0.293546  0.062105  -0.430417  0.109365  -0.063731  0.741933  -0.730128  -1.295282  0.584340  0.263752  0.919100  -0.028440  -0.286742  2.014533  1.437291  -1.871341  -0.033665  0.017098  -0.669845  -0.390340  0.270122  0.528851  -0.003812  0.320729  0.897765  0.128169  0.651621  0.324340  0.271396  -1.723973  -1.159735  -0.335052  
-0.217846  -0.095927  -0.154066  0.145957  -0.102689  -0.799962  -0.123914  0.129666  0.157727  0.168998  
 1    -2.260833    0.159987      0.681908   3123.000000      0.844431
 2    -4.223925    0.559226      0.871413   7171.000000      2.594258
 3    -4.807538    0.763779      0.927751   12688.000000      5.323195
 4    -5.111711    0.812965      0.957114   20710.000000     10.598570
 5    -5.384823    0.922176      0.983479   30523.000000     18.762762
 6    -5.475315    0.950772      0.992214   49490.000000     38.356157
 7    -5.516855    0.966353      0.996224   72242.000000     64.599593
 8    -5.535092    0.976046      0.997985   102489.000000    106.994799
 9    -5.544007    0.990224      0.998845   140778.000000    166.524801
10    -5.552129    0.997537      0.999629   200811.000000    280.016665
6.283185    0.624276    
4.993745    6.053852    0.432257    0.465016    
4.040921    5.083799    4.223400    0.464336    0.354668    0.263044    
3.818783    4.662040    3.994622    6.283185    0.597722    0.470281    0.256479    0.263620    
3.726016    4.207847    3.783554    5.069571    4.184128    0.599325    0.454054    0.338220    0.172486    0.213357    
2.797577    3.748873    3.694586    3.901425    4.742949    4.169415    0.555223    0.446295    0.386198    0.254340    0.189998    0.154003    
2.151727    3.764872    3.613543    3.778274    3.842735    4.756545    4.216106    0.620113    0.457413    0.387182    0.329900    0.253379    0.154554    0.124213    
2.136070    3.417702    3.350889    3.456488    3.576544    3.791116    4.558274    4.075237    0.606862    0.434563    0.376696    0.311429    0.284839    0.200441    0.127484    0.093855    
2.054898    3.505536    3.437727    3.492128    3.562761    3.982102    4.210633    3.988818    5.808086    0.613894    0.442233    0.381256    0.324784    0.285108    0.199930    0.192572    0.062102    0.070120    
2.049189    3.290921    3.245775    3.358300    3.450504    3.630755    4.217583    3.939744    5.702368    4.140128    0.610135    0.423505    0.370894    0.318768    0.297119    0.221588    0.190469    0.164431    0.037043    0.078162    
