10    -4.846124    5.040163    0.266986
-0.470129  0.670906  -0.822153  0.503401  -0.184276  0.514476  -0.472338  -0.433457  0.480020  -0.085906  -1.356367  -0.635875  -1.624491  0.912932  0.715495  -1.484308  -1.404396  0.367661  0.657626  -0.521781  1.926133  1.801852  0.194682  -0.105917  -0.523406  1.297764  1.918718  -1.313695  -0.787289  0.224448  -1.280910  0.661970  0.792979  0.234494  1.811687  -0.289991  0.762382  -1.205354  0.299321  -1.057172  -1.979885  0.025184  0.181882  0.568494  -0.065946  
-0.300000  1.000000  1.000000  1.000000  1.000000  1.000000  1.000000  1.000000  1.000000  1.000000  
 1    -0.251814    0.003627      0.535285   3141.000000      0.975237
 2    -0.538301    0.004274      0.564263   6477.000000      2.624738
 3    -0.726425    0.004087      0.583292   10169.000000      4.767429
 4    -0.775557    0.010408      0.588261   14439.000000      7.547954
 5    -0.886119    0.002406      0.599445   20180.000000     12.169770
 6    -0.961146    0.003908      0.607034   26684.000000     18.753422
 7    -1.051363    0.004595      0.616159   32272.000000     26.342318
 8    -1.030764    0.003589      0.614076   45196.000000     46.664842
 9    -1.106719    0.000263      0.621758   55548.000000     63.356513
10    -1.113172    0.005528      0.622411   68917.000000     91.589491
1.164246    0.808990    
1.082735    1.104523    0.797822    1.009927    
0.949329    1.016941    0.597972    0.762336    0.993097    0.322022    
0.997073    1.021867    0.614505    0.992731    0.766773    1.002189    0.270189    0.144803    
1.110947    1.167832    0.443002    2.907246    0.896028    0.781666    1.031751    0.132741    1.372490    1.313418    
1.081335    0.940400    0.779584    4.134474    3.903244    5.024350    0.771403    1.103477    0.322942    0.075179    0.259636    0.149312    
1.179704    1.124255    0.244825    1.009162    2.824733    3.488182    0.760426    0.821278    0.750012    0.483837    0.104713    1.381379    1.314153    1.436585    
1.098236    0.942646    0.727645    4.249085    3.926218    0.387744    2.432306    5.097577    0.776507    1.114291    0.328919    0.102796    0.261071    1.440445    1.487980    1.419581    
0.961871    0.986021    0.153472    3.942141    2.105877    0.330378    1.154029    5.650272    4.207678    0.780366    0.665643    0.482241    1.332371    0.218425    1.262515    1.457420    1.436815    1.481156    
1.107404    0.962427    0.745359    4.220735    3.872481    4.963868    3.043230    2.970959    2.642686    1.192422    0.778713    1.108061    0.288979    0.084583    0.205995    0.130353    1.396299    1.488331    0.051578    0.117585    
