10    -6.381211    6.737206    0.670336
1.280115  -0.016914  1.288989  -1.524326  0.398734  0.280433  -0.312277  -1.152803  0.120756  -0.404666  1.486642  0.080295  -1.019572  -0.430669  0.541674  1.054699  1.378783  -1.434888  0.590506  0.855630  1.783113  -0.286104  0.756642  -0.847527  -0.569789  -0.195802  1.186094  1.019666  -2.608798  -0.137581  -0.439699  -0.423520  -0.612113  0.225944  -0.175011  -0.477333  0.280019  1.659889  0.998186  -0.241837  -0.713382  0.902004  -0.647497  0.298577  -0.479636  
-0.300000  1.000000  1.000000  1.000000  1.000000  1.000000  1.000000  1.000000  1.000000  1.000000  
 1    -0.332813    0.000380      0.538938   3567.000000      1.185499
 2    -0.707975    0.000901      0.567537   6826.000000      2.991455
 3    -0.811310    0.001173      0.575414   10797.000000      5.352704
 4    -0.803332    0.002997      0.574805   14643.000000      8.006312
 5    -0.824532    0.003773      0.576422   19296.000000     11.532368
 6    -1.018030    0.001579      0.591172   26035.000000     18.080261
 7    -0.921984    0.001998      0.583850   34505.000000     28.249692
 8    -1.013571    0.004534      0.590832   44191.000000     43.167051
 9    -1.033097    0.003681      0.592320   55747.000000     60.922965
10    -1.041733    0.008208      0.592978   70627.000000     92.442025
1.459704    0.641457    
0.542656    0.847988    1.327885    0.539324    
0.366672    0.838485    0.173365    1.331203    1.188919    0.832877    
0.532138    0.806658    1.160174    5.945951    1.320747    0.537854    0.168791    1.473059    
0.558051    0.811685    1.220674    5.947000    1.414505    1.326690    0.536517    0.172456    1.482438    1.472070    
0.311507    0.648730    0.250088    0.468111    1.006610    1.258641    1.282930    0.780583    1.132525    0.365855    0.258680    0.163756    
0.527393    0.793198    1.199798    5.360869    0.321620    4.858042    2.709169    1.319950    0.554295    0.114098    0.147474    1.423558    1.429184    0.111500    
0.804963    0.614987    1.533088    5.737528    1.258418    3.204946    3.744386    0.720545    1.354958    0.607025    0.137242    1.482293    1.343222    1.394883    1.397116    0.182407    
0.850001    0.587469    1.557136    5.707034    1.278692    3.236451    3.581924    0.933819    3.785896    1.346446    0.617082    0.149162    1.495669    1.344202    1.391312    1.408517    0.165029    1.486540    
0.472365    0.902830    1.601620    5.293551    0.650220    5.938942    1.913638    0.251177    4.830592    4.423552    1.309043    0.549788    0.160748    1.535686    0.065090    0.026211    1.322336    0.225213    0.135022    0.205828    
