10    -5.074326    5.051595    0.217677
-0.564163  -0.238681  -0.774429  0.260315  -1.294135  1.222583  -0.293067  -0.331231  -0.351750  0.464535  1.249793  2.165466  1.597250  0.090560  -0.645840  -0.492307  -1.035561  -1.291473  0.005765  -0.351684  -0.950603  -1.362077  -0.202985  0.794999  -1.815096  1.199073  -0.102739  0.222348  -0.070067  0.926698  -0.427322  -0.369258  -0.512363  -1.928618  0.161842  -0.549214  0.236189  -0.250762  -1.619075  1.547925  -1.644999  -1.079383  -1.130843  0.254932  -0.419155  
0.799962  -0.100906  0.136519  0.173464  0.180477  0.155862  0.184476  -0.028822  0.286931  0.102661  
 1    -2.124341    0.001344      0.708670   2964.000000      0.802337
 2    -3.670798    0.000290      0.861393   6174.000000      2.207428
 3    -4.144077    0.000077      0.908132   11519.000000      4.922152
 4    -4.472404    0.000023      0.940556   19655.000000     10.044706
 5    -4.580093    0.000004      0.951191   33457.000000     21.498398
 6    -4.629182    0.000002      0.956039   45876.000000     33.773022
 7    -4.645166    0.000002      0.957618   79573.000000     73.945639
 8    -4.654798    0.000003      0.958569   106181.000000    111.199160
 9    -4.658782    0.000002      0.958962   195731.000000    254.948882
10    -4.664302    0.000003      0.959508   290320.000000    426.515293
6.283185    0.620630    
5.221924    6.283185    0.537811    0.418594    
4.340327    4.992050    6.283185    0.580430    0.444550    0.273028    
3.760694    5.045310    4.597837    6.283185    0.638074    0.506195    0.326071    0.256668    
3.120219    4.377975    4.221946    4.644786    5.677157    0.614263    0.469647    0.401515    0.255230    0.199008    
2.496959    4.290026    4.154583    4.236093    4.642593    5.599161    0.636789    0.492841    0.408534    0.332617    0.220441    0.142640    
2.301729    3.942463    3.913531    4.036855    4.289462    4.989514    5.500810    0.625244    0.476243    0.409813    0.343420    0.273677    0.176053    0.082255    
2.180274    3.903389    3.891148    3.993847    4.220135    4.816763    4.988576    6.283185    0.629572    0.476668    0.416304    0.355804    0.284994    0.222902    0.114167    0.058427    
2.026133    3.566169    3.584560    3.656955    3.791643    4.172831    4.435405    4.972942    5.864672    0.618780    0.452651    0.399148    0.346071    0.297697    0.226708    0.183113    0.087165    0.054462    
2.192960    3.877850    3.812365    3.938814    4.169044    4.909176    5.152035    5.781888    6.283185    6.283185    0.630836    0.468819    0.408128    0.353297    0.285332    0.205902    0.122150    0.000000    0.000000    1.523333    
