10    -6.029379    6.162103    0.106708
0.158384  -2.469081  -1.367974  0.135415  1.363801  -0.059990  -0.573970  0.521582  -0.633190  -0.989024  -1.811767  -0.207563  0.278757  1.736000  1.327823  -0.349844  0.156643  -2.476514  0.480148  -0.972058  1.202101  0.714467  0.655365  0.348766  0.662913  -0.184703  -0.262322  -0.376450  -0.853822  0.404938  0.329897  -1.820386  -0.261047  -2.927611  0.447633  -0.376779  0.975689  -0.178248  -0.767951  -1.339360  0.842751  1.068030  1.261188  -1.053283  -0.796309  
-0.300000  1.000000  1.000000  1.000000  1.000000  1.000000  1.000000  1.000000  1.000000  1.000000  
 1    -0.929494    0.006668      0.581685   3318.000000      1.022954
 2    -1.202152    0.013693      0.604049   6516.000000      2.611808
 3    -1.547178    0.000294      0.632350   9980.000000      4.696338
 4    -1.485955    0.000732      0.627328   13779.000000      7.627496
 5    -1.528462    0.003513      0.630815   18225.000000     11.595268
 6    -1.559167    0.001000      0.633333   24245.000000     17.081486
 7    -1.759656    0.000258      0.649778   31208.000000     25.691208
 8    -1.606196    0.001121      0.637191   43094.000000     43.516961
 9    -1.835872    0.006373      0.656030   52150.000000     58.331445
10    -1.624841    0.007834      0.638720   66782.000000     86.253170
0.446331    0.531503    
0.772653    1.572764    0.790441    1.230741    
0.375944    0.791076    0.419869    0.785080    1.037002    1.238111    
0.397812    0.855830    1.737839    3.884057    0.817762    1.069405    0.291688    0.104448    
0.340642    0.785444    1.278168    3.349443    5.067646    0.721912    1.132216    1.359046    0.140226    1.465849    
0.397952    0.857656    1.718288    3.900691    3.108785    1.978569    0.826486    1.065098    0.303772    0.121609    0.105724    1.505227    
0.376906    0.719636    0.347007    1.670887    5.497420    3.987420    1.808021    0.731329    1.140268    1.193815    0.202424    0.109291    0.085374    1.506033    
0.405731    0.850920    1.709809    3.910523    1.017262    3.457347    6.266611    3.461279    0.823508    1.081971    0.326324    0.109474    1.467463    1.512441    1.477202    0.038127    
0.372776    0.713588    0.302559    0.179683    0.730766    5.843091    4.524176    3.797128    4.012005    0.740933    1.133089    1.240341    1.363543    0.276488    1.551258    0.121696    0.134976    0.080710    
0.439172    1.020947    4.838063    5.930702    1.552368    5.897959    3.335253    5.492238    1.933085    5.198420    0.515678    1.472685    0.056402    0.060586    1.517173    1.498581    1.447117    1.453689    0.147845    1.457993    
