10    -6.953800    6.707522    1.466554
-0.497271  0.107765  1.882873  -1.069230  -1.527741  -1.511618  0.386228  0.482651  2.007500  -0.509702  -0.890950  0.223526  0.045737  1.275074  0.981557  -1.357761  0.467119  -0.566509  2.345418  -0.477393  -0.310067  1.301076  -0.166463  0.935313  1.558391  -0.933234  0.168355  0.230982  -0.599004  0.442476  0.782476  1.961281  0.745696  0.456744  0.636113  -2.370204  -0.726879  -0.116714  0.426946  0.869133  -0.911036  1.145228  -0.002807  -0.669404  -0.803439  
0.175171  0.170838  0.214055  0.187742  -0.190324  0.168402  0.152024  -0.799962  0.118807  -0.162899  
 1    -3.209387    0.217083      0.725911   2940.000000      0.812768
 2    -4.991051    0.539299      0.856328   6981.000000      2.624645
 3    -5.816994    0.731894      0.916787   12195.000000      5.246800
 4    -6.448994    0.832931      0.963049   18858.000000      9.650052
 5    -6.732149    0.937578      0.983775   30255.000000     18.658133
 6    -6.850463    0.966772      0.992436   45524.000000     34.489726
 7    -6.905603    0.981773      0.996472   66032.000000     58.721675
 8    -6.926947    0.991110      0.998034   101827.000000    108.171378
 9    -6.944494    0.997513      0.999319   146670.000000    175.959212
10    -6.950359    0.999069      0.999748   213897.000000    302.983552
6.283185    0.650870    
3.961943    4.990721    0.503221    0.447041    
3.380292    3.962093    4.257168    0.556949    0.392687    0.273044    
3.167438    3.866065    3.393773    5.290563    0.625256    0.500085    0.304550    0.274227    
2.891090    3.508812    3.184212    3.860219    3.775261    0.610240    0.469329    0.372184    0.204831    0.204124    
2.047935    3.324540    3.217150    3.277173    3.722569    3.852657    0.601808    0.486297    0.410622    0.315002    0.200326    0.157168    
1.809315    3.134579    3.033305    3.124825    3.217083    3.868265    3.706737    0.630355    0.476519    0.408667    0.348460    0.275937    0.171630    0.113018    
1.738394    2.988510    2.948587    3.032956    3.180301    3.539980    3.703676    4.181552    0.613007    0.467557    0.411618    0.348545    0.286922    0.225515    0.120033    0.066753    
1.662664    2.885269    2.826318    2.867192    2.950250    3.286514    3.402599    3.644507    4.484836    0.618496    0.456771    0.399213    0.345843    0.298372    0.222167    0.197693    0.074959    0.067550    
1.533698    2.586951    2.616920    2.675758    2.754834    2.898053    3.217507    3.317387    4.053634    3.956259    0.602813    0.432311    0.388444    0.340415    0.305388    0.242856    0.204638    0.162575    0.063845    0.058157    
