10    -7.161842    6.128833    1.507778
1.044560  -1.449536  0.588023  1.842537  1.549008  -0.023531  -0.878637  1.253610  1.377716  0.376270  -0.124098  0.904463  -0.398546  0.898816  -0.822881  -1.367960  -0.748894  0.512918  0.068307  0.592726  -0.537103  0.225458  1.405063  0.255229  2.156938  -0.267134  0.162833  1.164157  -0.475942  0.694334  -0.167675  0.151874  1.628564  1.952197  1.432127  0.866104  -1.837964  0.690829  -1.491345  1.310392  -1.021961  -0.012208  -1.517065  1.343501  0.871262  
-0.300000  1.000000  1.000000  1.000000  1.000000  1.000000  1.000000  1.000000  1.000000  1.000000  
 1    -0.314332    0.000319      0.484788   2673.000000      0.828269
 2    -0.398762    0.000037      0.491141   5576.000000      2.372600
 3    -0.481141    0.000235      0.497339   9413.000000      4.513618
 4    -0.535438    0.002925      0.501425   15977.000000      8.919070
 5    -0.709855    0.000916      0.514548   21919.000000     14.505068
 6    -0.740667    0.003757      0.516866   29871.000000     22.533781
 7    -0.925557    0.002626      0.530777   35314.000000     31.008605
 8    -0.934669    0.004323      0.531463   46097.000000     44.660794
 9    -0.883144    0.013722      0.527586   57475.000000     65.744392
10    -0.993415    0.000663      0.535883   81246.000000    109.256934
0.291313    1.320710    
0.215565    0.689907    1.257744    1.432180    
0.234399    0.546625    0.765732    1.251996    1.381361    1.432944    
0.298666    1.124475    4.151083    1.397620    1.298353    1.446925    0.164778    0.282612    
0.282071    0.972727    3.735189    1.746647    1.405936    1.280376    1.455502    0.172577    0.192021    0.323068    
4.911097    2.447014    1.216521    2.667818    4.253228    0.648724    0.539842    1.187183    1.343509    1.466193    0.398424    1.272700    
0.213057    0.607048    0.909027    2.642417    1.082125    1.083918    1.264838    1.238293    1.399814    1.440182    0.140619    0.181295    0.206060    0.273398    
0.210639    0.603636    0.918268    2.637159    1.081737    1.083162    1.242324    2.134870    1.235730    1.397203    1.439554    0.138503    0.180161    0.213800    0.263521    0.055459    
0.247416    1.211080    0.971734    4.627697    0.814516    3.385934    2.683162    4.787633    3.965619    1.276772    1.412363    1.500100    0.169905    0.232805    1.361082    0.034417    1.333354    1.367518    
0.260921    0.868463    3.783306    1.257792    1.539554    6.283185    2.580468    5.586075    5.529933    6.283185    1.297510    1.451847    0.137190    0.228671    0.160589    0.187592    1.378949    1.401290    0.238053    1.459602    
