10    -5.541044    5.048785    0.255764
1.852027  1.201873  -0.549276  0.219038  -0.016983  0.671893  0.333167  -1.771524  1.975094  0.418604  -0.558470  0.925971  -0.505698  -0.325270  -1.075545  0.446122  -0.836724  0.162329  0.281473  0.505949  -0.553527  -0.866120  0.327513  1.036986  0.348084  -1.708354  1.127971  -0.092168  -0.439503  0.169916  -0.861601  0.219753  -0.153007  1.006797  0.498850  -1.179203  -1.559016  1.509071  -2.013569  0.536162  0.709629  -0.722766  -0.049661  -0.245750  -1.346920  
-0.300000  1.000000  1.000000  1.000000  1.000000  1.000000  1.000000  1.000000  1.000000  1.000000  
 1    -1.138845    0.001324      0.584299   3207.000000      0.980618
 2    -1.654686    0.001726      0.633010   6207.000000      2.417954
 3    -1.550192    0.000288      0.623143   8816.000000      3.992010
 4    -2.411208    0.000074      0.704449   13118.000000      6.660992
 5    -1.766191    0.001126      0.643540   17138.000000     10.233848
 6    -2.397339    0.000957      0.703139   22582.000000     15.237643
 7    -2.424943    0.003199      0.705746   29280.000000     23.342931
 8    -2.597365    0.003955      0.722028   38625.000000     35.771366
 9    -2.896105    0.003395      0.750238   44663.000000     46.876695
10    -2.678819    0.010500      0.729719   53650.000000     66.713882
0.485828    0.566904    
0.324064    0.451381    0.852631    0.468511    
0.506988    0.773058    0.516021    0.578604    0.260983    0.222829    
0.306823    0.335657    0.350846    0.534833    0.790272    0.481729    0.388849    0.229072    
0.477550    0.830483    0.572581    0.993522    2.374667    0.583358    0.372930    0.243546    1.465542    1.366771    
0.332656    0.425258    1.042173    3.253294    2.615784    6.283185    0.858718    0.519641    0.177031    0.186342    0.139729    0.122325    
0.317983    0.428487    3.543545    3.350177    2.090132    5.967969    4.996655    0.794227    0.399721    0.156102    0.237958    1.510924    0.189523    0.118533    
0.310946    0.408846    5.407897    3.305324    2.059238    2.413047    3.645506    2.472145    0.800590    0.483987    1.373251    1.413196    0.101044    0.150294    1.446021    1.488696    
0.334345    0.388622    1.135238    4.582281    3.574562    2.931079    2.455047    3.696365    5.334870    0.840458    0.476344    0.289233    1.428514    0.149358    1.478456    1.419841    0.121592    1.489173    
0.304460    0.432668    2.542719    6.280518    1.402960    5.684495    3.301389    3.728071    1.987630    5.250760    0.838131    0.390937    1.392674    0.047555    0.158784    0.096141    0.165645    1.439673    0.080072    1.498635    
