10    -6.240766    6.034776    0.233825
-0.772544  -0.339930  -0.892330  0.660013  0.253680  1.573258  -0.578790  -1.557856  0.295479  -0.485479  -0.903351  1.664279  1.799863  -0.172902  0.933821  1.747385  0.371031  0.012570  -1.686818  -0.572064  2.587576  0.465445  2.027005  -0.111384  2.192230  0.297053  0.082519  -0.149784  -1.221516  -0.206999  -1.227459  -0.603719  -0.310550  -0.132111  0.180602  0.228241  2.277130  0.937931  0.107194  -1.292019  0.886636  0.347568  -0.030284  1.527172  -1.788130  
-0.300000  1.000000  1.000000  1.000000  1.000000  1.000000  1.000000  1.000000  1.000000  1.000000  
 1    -0.194808    0.001416      0.507479   2898.000000      0.898671
 2    -0.421955    0.001927      0.525983   6252.000000      2.638007
 3    -0.607325    0.002869      0.541084   10608.000000      5.078065
 4    -0.682272    0.005696      0.547190   14816.000000      7.920629
 5    -0.773043    0.000227      0.554584   20173.000000     12.643616
 6    -0.798676    0.000189      0.556672   27687.000000     19.539160
 7    -0.834540    0.000087      0.559594   31912.000000     26.009752
 8    -0.951752    0.007689      0.569142   42671.000000     40.181673
 9    -0.989583    0.012649      0.572224   54563.000000     59.470639
10    -1.051135    0.000124      0.577238   71337.000000     94.410042
2.062120    0.958271    
3.239385    0.389341    0.669577    1.141878    
2.157062    2.293769    0.470683    0.753667    1.058779    0.324714    
3.292580    0.295496    2.856548    3.044681    0.555082    1.140876    0.189422    0.385569    
2.218560    2.296997    0.520409    2.940923    2.293620    0.747025    1.198775    0.321204    0.192265    1.348591    
2.190157    2.325650    0.473780    3.093800    2.033648    0.814397    0.754901    1.174659    0.329744    0.160570    1.429600    1.455638    
2.211272    2.315888    0.480527    3.019670    2.141167    1.995277    0.552889    0.745365    1.213236    0.361239    0.188159    1.363442    0.147349    1.445139    
2.186970    2.308505    0.480905    3.465839    2.017140    0.793685    0.796320    2.826559    0.767579    1.170476    0.338767    0.186844    1.382671    1.393759    0.312268    0.143395    
2.220839    2.224951    5.128976    2.055398    3.950800    2.318029    5.407637    6.245190    3.562657    0.801083    1.186008    0.123633    1.230787    1.387300    1.417046    1.507749    0.209071    0.129781    
2.209222    2.191500    5.015509    2.167966    3.860264    0.187729    3.621577    2.627600    5.434031    1.946511    0.821547    1.148682    0.086858    1.221517    0.926870    0.390707    1.519963    0.129855    0.240881    0.136639    
