10    -5.014242    4.607466    0.301294
0.127319  -0.882520  0.047507  0.623834  -1.852717  -1.683985  -0.291250  -0.089777  -0.375991  -0.228138  -0.523171  0.493229  0.219159  -0.422662  0.446305  0.129420  -0.183992  0.532464  1.174072  1.075326  -0.561457  0.901522  0.167580  0.698459  2.200299  0.211476  -0.973711  -0.796937  0.727615  -0.328917  1.172802  0.238197  0.252913  0.827345  -1.377560  -0.768047  1.088100  -1.053392  0.223065  0.220485  0.972062  0.407679  -0.578935  1.513254  1.702259  
-0.316689  -0.074420  -0.150639  -0.674999  0.236866  -0.220898  -0.246021  -0.230403  -0.242427  0.341399  
 1    -2.568346    0.194886      0.745794   2964.000000      0.837644
 2    -3.782074    0.476656      0.871939   7211.000000      2.645900
 3    -4.402895    0.643192      0.936462   11840.000000      4.992241
 4    -4.762193    0.746069      0.973804   18476.000000      9.268077
 5    -4.878806    0.805157      0.985924   29139.000000     18.273118
 6    -4.932503    0.835484      0.991505   42815.000000     30.983241
 7    -4.952815    0.862576      0.993616   65717.000000     59.159323
 8    -4.979936    0.939900      0.996435   87915.000000     88.002951
 9    -4.990355    0.953077      0.997517   123976.000000    144.559647
10    -5.000896    0.984099      0.998613   197927.000000    273.473808
5.145462    0.591196    
3.127647    3.947587    0.639984    0.396225    
2.784874    3.063880    3.547178    0.666049    0.469863    0.281212    
2.371976    3.125618    2.913386    3.549712    0.694796    0.550691    0.372211    0.235324    
2.082192    2.649182    2.463433    2.778884    3.060638    0.648379    0.493309    0.411273    0.271814    0.167584    
1.499454    2.604877    2.489731    2.456973    2.753224    3.154373    0.656331    0.527913    0.438878    0.353542    0.242916    0.128870    
1.434461    2.402933    2.344719    2.363914    2.528228    2.931814    3.167510    0.651142    0.507513    0.436374    0.370058    0.300767    0.188513    0.077775    
1.440388    2.507074    2.410441    2.431987    2.653178    2.975876    3.218416    3.717399    0.657629    0.514471    0.441973    0.370595    0.290228    0.235855    0.114693    0.082955    
1.342933    2.304873    2.210222    2.229704    2.397505    2.685359    2.742378    3.280223    3.169627    0.645693    0.488231    0.422637    0.367883    0.307597    0.242157    0.186057    0.102565    0.074015    
1.394347    2.404099    2.252935    2.266656    2.470478    2.772486    2.722972    3.762080    2.846060    4.865705    0.658723    0.493614    0.420831    0.369069    0.302030    0.247588    0.167714    0.134519    0.087935    0.057298    
