10    -5.534127    7.016844    0.241916
0.659883  0.275174  0.023310  -0.031400  -0.488760  1.769949  -1.057899  0.536744  0.252211  -0.359362  -1.231819  -1.621168  -1.835555  -0.398626  -1.042137  -1.006256  -0.611754  -0.682057  2.505280  1.717893  -0.361545  -1.074668  0.387961  -0.375003  1.636920  -0.270384  0.058092  1.352443  0.595227  1.041111  0.006024  0.096811  -0.832191  1.264057  1.087144  -0.365222  1.420302  0.617955  -0.317386  0.056075  1.400002  -0.646981  -0.857771  1.481337  1.492370  
-0.300000  1.000000  1.000000  1.000000  1.000000  1.000000  1.000000  1.000000  1.000000  1.000000  
 1    -0.216983    0.000226      0.576356   3042.000000      0.941169
 2    -0.297881    0.000813      0.582802   6298.000000      2.632497
 3    -0.464395    0.002925      0.596069   9879.000000      4.648140
 4    -0.489897    0.004650      0.598100   14085.000000      7.710853
 5    -0.643455    0.011933      0.610335   20082.000000     12.681739
 6    -0.660115    0.005349      0.611663   26955.000000     19.767225
 7    -0.717369    0.005251      0.616224   40232.000000     36.389457
 8    -0.802677    0.004803      0.623021   49273.000000     49.961897
 9    -0.803584    0.002719      0.623093   56830.000000     67.243263
10    -0.815567    0.001726      0.624048   72827.000000     96.748291
0.277338    1.309928    
5.215962    3.249153    0.908255    0.834206    
5.397470    2.438445    4.883388    0.676520    0.981443    1.162880    
5.391882    2.581327    3.223905    5.269365    0.767746    1.131723    0.342621    1.393797    
5.532440    2.400021    4.742331    1.086446    4.295546    0.449871    0.906144    1.101260    1.249849    0.502128    
5.253931    3.165307    1.473902    5.154850    2.083002    5.978491    0.928922    0.803798    0.530649    0.220931    1.388445    1.180449    
0.339194    0.804241    1.345639    1.466657    2.203669    0.671343    0.245010    1.310576    1.393393    1.378896    1.416639    1.337477    0.778506    1.079465    
0.306473    0.901510    1.340185    1.223674    1.569480    0.819767    0.240381    0.782381    1.245070    1.342711    1.403325    1.400513    1.342301    0.918492    0.883356    1.367668    
5.170069    3.231291    3.182735    3.532904    3.218477    4.225603    3.835916    5.599368    4.064323    0.269822    0.955380    1.405100    0.273344    0.034917    0.151197    0.492001    0.117815    1.403211    
5.250737    3.251818    1.501572    5.326606    3.183394    6.053494    4.243035    5.776484    3.369738    5.467745    0.991625    0.909090    0.639501    0.154954    0.137226    0.531025    0.302204    1.359712    0.230838    0.121285    
