10    -4.753721    4.906298    0.054999
-0.804458  0.320932  -0.025483  0.644324  -0.300797  0.389475  -0.107437  -0.479983  0.595036  -0.464668  0.667281  -0.806116  -1.196070  -0.405960  -0.182377  0.103193  -0.138422  0.705692  1.271795  -0.986747  -0.334835  -0.099482  0.407192  0.919388  0.312118  1.533161  -0.550174  -0.383147  -0.822941  1.600083  -0.069281  0.083209  -0.326925  -0.045797  -0.304460  1.923010  -0.078659  -0.582066  -1.617982  0.867261  -1.040437  0.650421  2.699646  0.802025  -1.096921  
-0.300000  1.000000  1.000000  1.000000  1.000000  1.000000  1.000000  1.000000  1.000000  1.000000  
 1    -0.254641    0.005106      0.534258   2865.000000      0.918355
 2    -0.490138    0.000655      0.558636   6155.000000      2.607385
 3    -0.720186    0.000404      0.582451   10949.000000      5.390335
 4    -0.767565    0.000454      0.587355   15342.000000      8.499846
 5    -0.777485    0.000184      0.588382   20601.000000     13.116102
 6    -0.791600    0.000288      0.589843   27946.000000     20.752391
 7    -0.773931    0.002896      0.588014   37671.000000     33.452322
 8    -0.860183    0.001998      0.596943   47161.000000     49.487498
 9    -0.883630    0.000648      0.599370   65782.000000     78.088580
10    -0.858200    0.003224      0.596738   80026.000000    112.323288
0.290053    1.281260    
0.440635    3.635648    1.377890    0.895755    
0.328080    3.857575    0.545172    1.345732    1.164514    1.195199    
0.335081    3.731344    0.411645    0.441833    1.345593    1.304504    1.259346    1.342450    
0.331681    3.776816    0.388266    0.424629    0.915072    1.344952    1.306704    1.236195    1.329604    0.063291    
0.329720    3.808917    0.378793    0.393727    0.902398    5.439499    1.343502    1.309660    1.217072    1.310143    0.085372    1.496893    
0.324771    3.991432    0.518033    0.755898    3.091406    3.382498    4.397522    1.361715    1.038480    1.197157    0.168103    0.091170    0.041261    0.083613    
0.384071    3.851749    0.472619    3.568746    4.855777    6.196277    2.998544    0.193855    1.383883    1.129000    1.261129    0.095886    0.113676    0.032590    1.010314    0.533587    
0.331283    3.607701    0.469702    0.390957    1.143897    5.337285    1.115342    3.366798    5.972297    1.345178    1.354111    1.154313    1.325351    0.169452    1.507312    0.088362    0.145125    0.196509    
0.304402    3.865863    0.549733    3.495676    4.544177    3.442893    5.323812    5.481530    2.390281    5.618479    1.334529    1.206279    1.199744    0.022062    0.040679    0.123223    0.106601    0.155347    1.525283    0.150179    
