10    -5.670333    4.703232    0.038300
-0.217286  -0.915852  1.062431  0.444871  -0.375857  -1.325971  -0.652894  -0.842896  -0.447425  1.539325  0.027425  -0.777571  -1.614024  0.688196  -0.014051  0.026840  0.549220  0.855711  0.291851  -0.626174  -2.124388  0.198757  0.726640  -0.387585  0.110386  2.242068  -0.104016  0.801473  1.070724  0.797388  0.451471  1.084119  0.856671  -0.268014  0.219906  0.141838  0.501892  0.241152  1.580794  -0.362969  -0.440099  -0.087929  0.066861  -1.152043  2.398170  
0.340899  -0.182521  0.262839  -0.301932  -0.226386  0.589056  0.213862  0.227299  -0.247229  0.322840  
 1    -2.910252    0.234667      0.733931   3492.000000      0.983907
 2    -4.420255    0.584981      0.879494   6870.000000      2.497224
 3    -5.202310    0.780868      0.954883   11705.000000      4.973817
 4    -5.528733    0.882339      0.986350   19134.000000      9.524568
 5    -5.596961    0.945582      0.992927   29689.000000     18.940883
 6    -5.639797    0.974893      0.997056   47462.000000     36.311241
 7    -5.657171    0.979628      0.998731   73730.000000     67.410739
 8    -5.665215    0.985577      0.999507   97097.000000     99.962503
 9    -5.667716    0.996606      0.999748   160617.000000    203.222674
10    -5.668580    0.998858      0.999831   253639.000000    367.747871
5.185801    0.608161    
3.107896    4.332122    0.747574    0.447269    
2.697554    2.847860    3.798288    0.696552    0.544073    0.328735    
2.203236    2.780926    2.508163    3.577216    0.692603    0.551296    0.417079    0.275883    
1.718140    2.333734    2.249219    2.424788    3.241675    0.649416    0.504360    0.450219    0.335398    0.221480    
1.381888    2.396165    2.237676    2.151206    2.363598    3.143116    0.691360    0.543882    0.449499    0.375397    0.290154    0.173603    
1.272353    2.256552    2.185233    2.134806    2.308879    2.667268    3.532808    0.674662    0.531578    0.458167    0.393201    0.314482    0.239243    0.089125    
1.207173    2.098197    1.974270    1.997107    2.107029    2.308901    2.464871    3.641386    0.670743    0.500147    0.436317    0.394327    0.333658    0.256156    0.187436    0.082857    
1.136832    1.920260    1.864933    1.866648    1.887195    1.984548    2.205825    2.463965    3.342799    0.654352    0.477393    0.427223    0.376980    0.326817    0.268795    0.220377    0.140392    0.068658    
1.066039    1.784965    1.771926    1.746624    1.708066    1.726944    1.985462    2.254510    2.637183    3.099555    0.639947    0.463098    0.413545    0.362420    0.309828    0.272740    0.242973    0.188840    0.110529    0.048433    
