10    -6.747910    6.694807    0.630871
-1.243488  -2.264139  0.865807  -1.336708  -1.279517  1.240628  -0.033184  -0.820098  1.200778  0.918955  -1.424009  2.450503  -0.537670  0.570585  0.081665  1.937139  -0.584177  -0.168090  0.839135  -0.710069  0.423163  -0.202745  0.808552  -0.285661  0.982600  -0.669389  -0.243496  0.163524  1.908285  0.632913  0.836553  1.256575  0.458119  0.538028  -0.143029  -0.484930  2.048962  2.163819  -0.538143  0.467530  0.064413  0.664333  -0.329523  0.794305  0.406870  
-0.300000  1.000000  1.000000  1.000000  1.000000  1.000000  1.000000  1.000000  1.000000  1.000000  
 1    -0.517273    0.004897      0.536505   2706.000000      0.841090
 2    -0.588603    0.006382      0.541811   5687.000000      2.390863
 3    -0.641709    0.007865      0.545761   10314.000000      4.977358
 4    -0.661838    0.009107      0.547259   15478.000000      8.554388
 5    -0.667263    0.009974      0.547662   21363.000000     13.626033
 6    -0.699499    0.004153      0.550060   29543.000000     22.551045
 7    -0.706853    0.001577      0.550607   35811.000000     31.631339
 8    -0.795062    0.002721      0.557169   50306.000000     52.454180
 9    -0.866172    0.005807      0.562459   60166.000000     71.176498
10    -0.908215    0.008784      0.565587   78942.000000    106.855489
0.292358    1.342315    
0.228227    0.828427    1.310136    1.472358    
0.218963    0.806109    1.291124    1.306709    1.453858    1.469871    
0.194437    0.616413    1.091567    1.109540    1.291884    1.450380    1.464758    1.492754    
0.179658    0.523492    0.653538    0.718702    0.970059    1.280701    1.450620    1.499890    1.481714    1.499491    
4.511963    2.002862    4.678124    1.656544    1.334911    1.828980    0.367937    1.282613    1.402228    1.350579    1.190664    1.437967    
4.462435    2.140856    2.504578    2.744982    5.845971    3.873331    2.741247    0.224955    1.117828    1.300227    0.138061    0.203914    0.147061    1.312356    
0.185441    1.890240    0.614369    6.283185    3.127162    4.120522    4.051397    0.752338    1.336951    1.438180    1.424843    1.423750    0.157800    0.098269    0.172033    0.180632    
0.168884    0.667818    5.657126    1.079767    5.382213    4.548656    2.959180    4.205254    0.872048    1.261091    1.474233    0.157692    0.133706    1.570796    0.075816    0.137045    0.165385    0.194513    
0.169230    0.715281    5.609276    1.080651    5.383396    4.548652    2.996646    4.225007    0.824410    2.464532    1.272911    1.484550    0.170386    0.131273    1.570796    0.064885    0.144218    0.155862    0.215766    1.464511    
