10    -4.951722    4.769365    0.263131
0.458901  1.173661  0.398716  1.044500  0.584015  0.653871  1.328473  -0.097377  -0.441175  -0.278228  -0.389714  -0.718051  -0.625707  -0.346769  -1.994583  -0.832022  -1.447044  0.816843  0.281185  0.968107  0.519780  0.659102  -0.532252  -0.200280  0.512809  -0.394196  -0.439878  0.036976  0.693787  -1.913152  0.520066  1.505534  -0.868628  -0.236787  -0.378622  0.076066  -0.098226  1.081653  -1.026897  -0.691907  0.742134  1.022666  -1.031449  1.198064  0.301400  
-0.300000  1.000000  1.000000  1.000000  1.000000  1.000000  1.000000  1.000000  1.000000  1.000000  
 1    -0.475818    0.000141      0.539568   2832.000000      0.944433
 2    -1.378968    0.000065      0.632474   5908.000000      2.562206
 3    -1.764930    0.000175      0.672177   9416.000000      4.668112
 4    -2.316800    0.000032      0.728948   13262.000000      7.202772
 5    -2.201429    0.000072      0.717080   17545.000000     10.533837
 6    -2.219866    0.000071      0.718976   24139.000000     16.457931
 7    -2.537196    0.000133      0.751620   30798.000000     25.090999
 8    -2.319661    0.000051      0.729242   42158.000000     41.329153
 9    -2.591548    0.000037      0.757211   48411.000000     53.857091
10    -2.395087    0.000195      0.737001   61234.000000     74.397981
0.431291    0.677523    
0.317501    0.453711    0.841922    0.502976    
0.316555    0.425535    1.171095    0.847217    0.543385    0.244383    
0.299375    0.343788    0.340865    0.566447    0.776181    0.444749    0.369914    0.270935    
0.315327    0.399505    1.126421    5.903746    5.896642    0.836298    0.526502    0.244422    0.215129    0.100205    
0.317565    0.401091    1.122414    4.387546    4.599482    4.540685    0.831361    0.529135    0.115206    1.388157    0.138777    1.456120    
0.297027    0.312522    0.347253    0.558981    6.034481    5.517650    3.145438    0.782054    0.466403    0.340404    0.220066    0.189216    1.490754    1.507106    
0.307723    0.397309    1.165682    6.004969    1.565137    0.879070    5.999269    0.672942    0.827624    0.537961    0.202074    0.130843    1.441666    0.131742    0.058607    0.106768    
0.277184    0.293579    0.399377    0.786043    2.803187    3.304711    2.450285    5.384896    2.456762    0.750792    0.613399    0.280337    0.121682    0.064075    0.147706    0.031693    1.498944    1.476230    
0.314596    0.398664    1.151949    5.994872    1.581477    0.999303    5.951982    1.098044    1.667532    5.140382    0.838850    0.543858    0.189397    0.121007    1.406971    0.152610    0.056793    1.490915    1.430146    1.515330    
