10    -6.364092    7.377224    0.775105
1.980655  1.795750  -0.728124  -0.283760  1.757234  -0.700888  0.749530  1.466181  -0.359759  -0.314563  -0.497060  -0.582411  0.826093  0.847297  -0.248796  -1.247295  -0.320472  0.092944  -0.984481  -0.621929  0.498765  0.203754  0.685531  1.081797  -0.182269  -1.166652  0.568559  0.322269  0.714625  1.378866  -1.009285  -1.327397  -0.186506  0.457787  -0.668764  1.142519  3.369110  -0.865520  -0.435180  2.777189  -0.970883  0.017409  0.954578  2.350620  -0.893343  
-0.363797  0.262758  0.301690  -0.139467  0.264712  0.287069  0.260393  -0.306893  0.238222  0.314468  
 1    -3.592900    0.310796      0.798331   3432.000000      0.995127
 2    -4.887780    0.646179      0.892564   6939.000000      2.507145
 3    -5.939072    0.865783      0.969070   12007.000000      5.104656
 4    -6.237500    0.936366      0.990788   20062.000000     10.263442
 5    -6.308578    0.961330      0.995960   33485.000000     21.791443
 6    -6.340081    0.987752      0.998253   52531.000000     40.839900
 7    -6.355016    0.995050      0.999340   86008.000000     83.988928
 8    -6.359475    0.996857      0.999664   174244.000000    207.558682
 9    -6.362125    0.999348      0.999857   221664.000000    284.941349
10    -6.363167    0.999721      0.999933   299567.000000    420.270878
5.516801    0.556543    
3.945361    5.066690    0.812274    0.431552    
3.624716    3.648924    4.187350    0.776062    0.579375    0.341499    
2.403434    3.426791    3.440572    3.837385    0.694081    0.630260    0.473751    0.250808    
1.838323    3.224597    2.958241    3.286647    3.715757    0.710763    0.591455    0.514714    0.402046    0.186581    
1.728706    3.164605    2.919969    3.288452    3.545262    4.498188    0.707181    0.585009    0.527447    0.431575    0.286804    0.094909    
1.562495    2.824669    2.656082    2.756151    2.941353    3.299383    4.327353    0.699304    0.542975    0.499610    0.419336    0.335812    0.221588    0.091439    
1.455385    2.580908    2.421814    2.274338    2.308731    2.601135    3.152314    4.099839    0.682468    0.515385    0.454222    0.373654    0.321053    0.272223    0.186002    0.082318    
1.471378    2.634920    2.461362    2.368649    2.387177    2.518549    3.062530    3.891136    4.739612    0.690342    0.520410    0.465733    0.388777    0.324798    0.275718    0.207170    0.137576    0.038125    
1.293101    2.269793    2.322867    2.275209    2.314312    2.396075    2.722069    3.221815    3.681144    4.613583    0.657904    0.498841    0.455363    0.405238    0.346042    0.299978    0.248722    0.178904    0.113828    0.036470    
