10    -4.415832    5.076933    0.080379
-0.579335  -0.256799  -1.403429  0.787643  -0.286088  0.092368  0.611031  -0.920969  -0.368623  0.503275  -0.321653  -0.481067  0.552648  -0.557544  0.445270  -1.708090  -0.378939  -0.515746  -0.074162  0.108905  -0.032169  -1.117253  -1.123964  0.887982  -1.546497  -1.978429  -0.450414  0.033444  -0.710081  0.783386  3.122988  -0.625987  0.381826  -0.138658  0.407728  0.190208  0.229626  0.583875  1.378285  -0.820730  0.706594  0.532963  -0.096434  0.214887  0.819726  
0.168436  0.177973  0.176534  0.183013  0.191765  -0.799962  0.153583  0.134905  0.170621  -0.226604  
 1    -2.279973    0.224849      0.775001   2967.000000      0.823475
 2    -3.334078    0.521752      0.886044   7486.000000      2.813290
 3    -3.779427    0.679475      0.932959   12121.000000      5.283275
 4    -4.184877    0.825551      0.975670   19585.000000      9.845381
 5    -4.310475    0.942878      0.988901   31083.000000     19.030282
 6    -4.358178    0.966131      0.993927   50708.000000     39.091526
 7    -4.388609    0.982028      0.997132   70604.000000     64.422995
 8    -4.400075    0.990186      0.998340   107851.000000    113.674267
 9    -4.410701    0.997243      0.999459   158852.000000    192.484491
10    -4.414060    0.998965      0.999813   216084.000000    298.421546
6.283185    0.653352    
3.587044    5.095668    0.512613    0.462018    
3.205980    3.565070    4.872960    0.559246    0.435419    0.283390    
3.008686    3.457618    2.896291    5.596104    0.597808    0.479188    0.328413    0.292401    
2.752135    3.185938    2.850777    3.493646    3.566217    0.592868    0.451918    0.362130    0.185228    0.217928    
1.789989    3.009614    2.943139    2.977509    3.406896    3.590182    0.584412    0.473114    0.400931    0.304736    0.195130    0.160818    
1.652018    2.889300    2.784651    2.873944    2.907295    3.563744    3.388390    0.643945    0.463863    0.396652    0.342235    0.269221    0.164073    0.118022    
1.612640    2.709630    2.686476    2.761547    2.892227    3.182480    3.366238    3.824032    0.608441    0.455940    0.398220    0.334059    0.278451    0.215331    0.118574    0.067254    
1.544999    2.667095    2.593112    2.638432    2.690152    3.015835    3.156573    3.181492    4.402571    0.625317    0.446509    0.390073    0.337720    0.293205    0.209001    0.198296    0.070203    0.068483    
1.436734    2.389454    2.413287    2.455186    2.530357    2.655731    3.001626    3.050544    3.738596    3.630500    0.607009    0.424681    0.380030    0.332488    0.300923    0.238438    0.200033    0.164336    0.058804    0.061281    
