10    -6.426758    5.253356    0.056410
-0.200346  -0.722750  -1.006436  -0.435368  0.930336  -0.694714  -3.291892  -0.638987  0.114389  0.204070  -0.750726  0.169636  0.328819  -0.584229  0.753944  0.230280  0.240640  -1.494794  -1.133634  0.667369  -0.284219  -0.135895  -1.029348  -0.889640  -0.206062  0.312559  0.289747  -0.294751  1.042046  1.039606  -0.413697  0.161573  -2.458694  -0.152347  0.520745  -1.290890  -0.767226  -1.305284  0.885563  -0.594417  -1.358573  1.616048  0.537899  1.005481  0.173359  
-0.300000  1.000000  1.000000  1.000000  1.000000  1.000000  1.000000  1.000000  1.000000  1.000000  
 1    -0.619944    0.007002      0.502846   3090.000000      0.954251
 2    -1.503027    0.028999      0.578452   6151.000000      2.586781
 3    -1.956981    0.051418      0.617317   8909.000000      4.269716
 4    -2.077308    0.004199      0.627619   13345.000000      7.173015
 5    -2.371009    0.119429      0.652765   18958.000000     11.671400
 6    -2.584704    0.107980      0.671060   24196.000000     17.202747
 7    -2.454116    0.154706      0.659880   30724.000000     24.833633
 8    -2.635696    0.165419      0.675426   37723.000000     36.035635
 9    -2.263844    0.005676      0.643590   51818.000000     59.397372
10    -2.775514    0.094878      0.687397   62515.000000     79.479185
0.371746    0.534375    
0.399286    0.826552    0.793608    1.087626    
0.396927    0.833342    1.667955    0.803952    1.050748    0.266039    
0.371593    0.741519    0.354595    4.662600    0.755095    1.102837    1.278828    0.085870    
0.380233    0.807431    0.422042    0.901502    3.787680    0.784060    1.201115    1.281721    0.255548    0.126886    
0.377153    0.696850    0.343371    1.605943    1.998956    6.268828    0.716373    1.155427    1.148937    0.250314    0.170194    1.443932    
0.396249    0.842204    1.696949    3.803191    2.953325    2.445913    1.935069    0.818706    1.073116    0.279782    0.165784    0.119076    1.509130    1.455882    
0.369669    0.708806    0.345430    1.599281    2.883451    3.474142    2.866723    5.955867    0.724626    1.128424    1.161310    0.226978    0.140636    1.460547    1.427578    1.486805    
0.396403    0.812333    4.811263    4.870827    4.895323    3.988861    4.456462    3.315641    1.147343    0.783560    1.149692    0.197015    1.396928    0.173284    1.373232    1.488764    1.511988    1.461080    
0.395943    0.819473    1.444271    0.176804    1.660992    3.397484    5.315004    5.941880    1.876828    2.081542    0.786903    1.055370    1.454746    0.338231    1.414853    1.499864    1.450045    0.058685    1.466989    1.425413    
