10    -4.694389    4.687670    0.023300
0.439265  0.438488  1.147810  -0.067318  1.282502  1.203008  1.135877  -0.804010  -0.355338  1.115535  0.416017  0.281031  0.602493  -0.502367  -0.360674  -0.046913  -0.271253  1.007771  0.968143  0.644780  0.042835  0.213668  0.719655  -0.648750  -0.936063  -0.101636  -0.105031  1.266631  -0.238285  0.066615  1.651279  0.144377  0.129436  1.300680  -0.440049  0.095592  -0.155674  0.856752  1.534517  -0.520720  1.099918  0.150728  0.327522  0.918164  -0.823295  
-0.410416  -0.026308  0.239988  -0.248550  -0.298281  0.287177  0.249192  0.271495  -0.234562  -0.329645  
 1    -2.367495    0.232445      0.751985   3192.000000      0.869523
 2    -3.718444    0.434352      0.895977   7344.000000      2.700844
 3    -4.477345    0.580751      0.976866   11390.000000      4.823855
 4    -4.638719    0.617294      0.994066   20207.000000     10.453305
 5    -4.670816    0.630420      0.997487   34444.000000     22.636785
 6    -4.680167    0.654996      0.998484   61082.000000     50.387265
 7    -4.685152    0.674568      0.999015   110747.000000    113.297858
 8    -4.686486    0.679953      0.999158   179875.000000    214.192306
 9    -4.687285    0.732575      0.999243   273150.000000    368.040476
10    -4.690352    0.913198      0.999570   393260.000000    578.437482
5.685836    0.577176    
4.200227    5.442570    0.832201    0.446796    
3.801779    3.604382    4.323735    0.741356    0.545151    0.329565    
2.440946    3.549430    3.440539    3.946392    0.674267    0.605677    0.441680    0.243497    
1.716098    3.372074    3.049777    3.391480    3.841964    0.719828    0.575649    0.510339    0.393801    0.190186    
1.653419    3.161684    3.014692    3.262345    3.508700    4.259816    0.703382    0.564260    0.516036    0.416698    0.279547    0.088759    
1.506899    2.858496    2.761332    2.823531    3.034355    3.381377    4.383628    0.686698    0.533895    0.484925    0.411572    0.328099    0.211806    0.081264    
1.413265    2.589299    2.427923    2.338688    2.396619    2.580379    3.119596    4.184541    0.668605    0.494772    0.432358    0.371064    0.309114    0.256557    0.178805    0.075849    
1.527908    2.825394    2.525711    2.396204    2.462985    2.640906    3.273379    4.280304    5.383116    0.690781    0.505515    0.438912    0.358031    0.297706    0.250623    0.180382    0.135062    0.043629    
1.524972    2.886582    2.772822    2.748017    2.918784    3.306960    6.283185    5.695964    4.206612    4.524192    0.690456    0.534278    0.478160    0.389123    0.296423    0.175960    0.078882    0.152521    0.158648    0.080767    
