10    -4.694389    4.687670    0.023300
0.439265  0.438488  1.147810  -0.067318  1.282502  1.203008  1.135877  -0.804010  -0.355338  1.115535  0.416017  0.281031  0.602493  -0.502367  -0.360674  -0.046913  -0.271253  1.007771  0.968143  0.644780  0.042835  0.213668  0.719655  -0.648750  -0.936063  -0.101636  -0.105031  1.266631  -0.238285  0.066615  1.651279  0.144377  0.129436  1.300680  -0.440049  0.095592  -0.155674  0.856752  1.534517  -0.520720  1.099918  0.150728  0.327522  0.918164  -0.823295  
-0.300000  1.000000  1.000000  1.000000  1.000000  1.000000  1.000000  1.000000  1.000000  1.000000  
 1    -0.317015    0.005100      0.533431   2538.000000      0.785355
 2    -0.344582    0.006719      0.536370   5273.000000      2.241408
 3    -0.355868    0.003267      0.537573   8844.000000      4.255450
 4    -0.482377    0.000177      0.551057   14775.000000      8.235527
 5    -0.456782    0.000466      0.548329   21219.000000     13.679260
 6    -0.491073    0.000017      0.551984   27165.000000     19.371534
 7    -0.539396    0.000590      0.557134   34731.000000     29.449274
 8    -0.646174    0.008695      0.568515   45267.000000     45.805655
 9    -0.682531    0.016711      0.572390   59866.000000     68.424991
10    -0.680682    0.015698      0.572193   69626.000000     91.970772
0.271841    1.331915    
0.188226    0.591961    1.289765    1.477743    
0.172646    0.540985    1.847959    1.282223    1.485571    0.076718    
0.195563    0.589173    1.540837    0.190865    1.247982    1.421258    1.156277    0.583351    
0.332348    0.822087    2.226575    3.837778    5.947643    1.320533    1.570796    0.203614    0.031793    0.312833    
0.254641    2.619202    1.241318    5.541619    4.262264    0.592005    1.354341    0.162674    1.570796    1.570796    0.243739    0.180722    
5.557444    4.013698    1.844150    0.964948    4.879186    3.027376    5.704505    0.684835    0.811555    0.423419    1.122206    0.283328    0.242842    1.453309    
5.427822    3.996280    1.768435    1.082268    3.588749    3.728366    1.467338    3.013018    0.555814    0.938306    0.251056    1.168713    0.254788    0.196021    1.352919    1.254837    
5.456100    4.007082    1.111205    2.849146    0.279775    5.206925    1.767247    3.093023    3.125524    0.710902    1.008398    0.095399    0.364664    1.230646    1.354846    0.381650    0.249371    1.315429    
5.513348    3.938017    0.815458    0.796112    1.374866    6.283185    1.016837    5.077850    5.219466    3.012447    0.641503    0.774487    0.165776    0.478407    1.372382    1.065514    1.437268    1.476964    0.166563    0.155111    
