10    -7.613120    6.199361    0.451105
0.120886  0.610718  -0.940969  -1.296675  -0.444179  -1.381420  0.602617  -0.815498  1.472935  -0.054761  0.049716  -1.540904  -1.109380  -1.381756  3.932359  -0.255963  1.355360  -0.172457  -0.880102  0.905413  0.530236  0.473998  -0.589417  -0.877020  0.452247  -2.293872  0.450996  -0.950069  1.582639  -1.208071  0.558386  -0.141408  -1.126877  -0.168347  1.173746  0.844190  0.039212  0.008737  0.498031  0.395026  -1.077446  1.203820  -0.397368  -0.565155  0.879084  
-0.163826  -0.166998  -0.043355  0.184496  -0.145850  0.131746  -0.117433  0.799962  -0.108381  0.140858  
 1    -2.714271    0.109592      0.645332   3135.000000      0.863078
 2    -5.361058    0.413191      0.836955   7338.000000      2.724286
 3    -6.281025    0.562698      0.903559   12300.000000      5.331132
 4    -6.856857    0.658458      0.945248   19548.000000      9.940676
 5    -7.256133    0.746970      0.974155   29828.000000     17.949232
 6    -7.410279    0.779959      0.985315   44962.000000     34.055914
 7    -7.486024    0.805424      0.990798   66697.000000     60.362175
 8    -7.516300    0.830170      0.992990   103467.000000    109.410087
 9    -7.542766    0.868473      0.994906   151224.000000    183.995917
10    -7.555667    0.891955      0.995840   240302.000000    344.378353
6.283185    0.646538    
5.509112    5.878690    0.437537    0.452025    
4.178516    5.498203    4.639047    0.478901    0.359351    0.265407    
4.051058    5.045110    4.569829    6.283185    0.585844    0.470390    0.236106    0.248638    
3.795788    4.582513    4.191899    5.579844    4.562490    0.580658    0.458872    0.337924    0.180034    0.198468    
2.684868    4.339369    4.193751    4.386759    5.138100    4.803867    0.576742    0.461766    0.392503    0.283666    0.176121    0.158419    
2.351837    4.086336    4.029656    4.210241    4.281170    5.306905    4.764156    0.619437    0.456240    0.389944    0.334376    0.254887    0.150260    0.121574    
2.279939    3.824830    3.807167    3.975911    4.170099    4.534321    5.102832    4.925905    0.596211    0.444692    0.387047    0.322245    0.278621    0.207771    0.113348    0.082816    
2.188607    3.840278    3.827967    3.913737    4.024822    4.609082    4.629533    5.035880    5.651790    0.609211    0.446613    0.386275    0.332346    0.282397    0.211266    0.193825    0.053977    0.081918    
2.106456    3.581342    3.669871    3.790406    3.910246    4.243488    4.645403    4.641126    5.823765    5.139261    0.598920    0.434745    0.384219    0.328636    0.295899    0.226832    0.193636    0.144066    0.052195    0.067119    
