10    -5.539107    5.669785    0.005716
1.106323  0.363394  -0.936566  0.047962  0.263298  -0.084500  -0.391316  0.255723  0.376680  -0.973780  0.143114  -1.327974  2.457710  1.226160  -0.086657  -0.573588  -0.182010  -2.922650  1.607104  -0.050218  -0.684451  0.899178  -1.532244  0.367452  -1.576856  -0.121400  -0.714569  -1.170924  -0.583232  0.267610  1.852324  1.060063  -0.838641  -0.070460  -0.661715  -1.365817  -0.081495  -0.163926  0.908927  0.961960  -0.483184  -1.761778  -0.674152  0.411467  0.044028  
-0.300000  1.000000  1.000000  1.000000  1.000000  1.000000  1.000000  1.000000  1.000000  1.000000  
 1    -1.145010    0.000269      0.607981   3636.000000      1.096269
 2    -1.745032    0.000179      0.661512   6277.000000      2.424136
 3    -2.098176    0.000018      0.693018   9955.000000      4.396599
 4    -2.136378    0.000033      0.696426   13957.000000      7.154423
 5    -2.181374    0.000016      0.700440   18098.000000     10.608214
 6    -2.254132    0.000012      0.706931   23412.000000     15.994148
 7    -2.280018    0.000144      0.709241   30297.000000     24.279885
 8    -2.273301    0.000003      0.708641   37710.000000     34.982592
 9    -2.381434    0.000029      0.718289   47932.000000     51.422306
10    -2.408338    0.000013      0.720689   58118.000000     73.250816
0.438135    0.551191    
0.329638    0.423628    0.850255    0.469894    
0.290552    0.274473    0.327590    0.750463    0.554336    0.334731    
0.271883    0.264221    0.320897    2.416194    0.728432    0.562538    0.404017    1.479629    
0.276033    0.255536    0.306626    5.560311    4.071994    0.716986    0.554988    0.377326    1.465627    0.094812    
0.284116    0.263327    0.340975    5.767251    5.298307    4.898299    0.737325    0.547268    0.400985    1.463530    1.431534    0.115752    
0.274028    0.259770    0.317272    5.660710    5.315034    3.775633    3.470435    0.724066    0.557571    0.420836    1.430213    1.416329    1.483730    0.087012    
0.282703    0.282004    0.333098    3.616091    4.873340    6.156833    2.960319    3.389344    0.754287    0.579431    0.362781    0.096693    1.449629    1.441122    1.464266    0.077586    
0.276567    0.268523    0.315730    2.383843    4.848240    6.177543    5.270263    6.195825    0.630503    0.729797    0.582936    0.389857    1.459952    0.107424    0.148788    0.144934    0.120382    0.150304    
0.274693    0.263096    0.300630    5.610882    4.226561    0.630362    4.277757    1.060861    2.012199    3.752789    0.727872    0.560701    0.396909    1.444465    0.105538    0.142567    1.443207    0.064162    1.505731    1.481265    
