10    -5.023792    4.655697    0.329387
0.522022  0.069947  0.869230  0.424554  -0.220960  -0.632086  -0.455699  -0.681874  0.387163  -0.009748  -1.344962  -0.010275  0.704485  -1.958639  0.153709  1.233067  -0.504342  1.349764  0.731516  1.011621  -0.637194  -0.194763  1.103719  -0.072570  -1.162580  0.324676  -0.032394  0.351848  -1.702749  -0.089254  -0.822555  -1.831628  -0.537568  -1.319745  0.014571  2.606340  -0.531054  1.379970  -0.740361  -1.332955  0.110074  -0.127004  -0.600323  -0.892693  0.462145  
-0.300000  1.000000  1.000000  1.000000  1.000000  1.000000  1.000000  1.000000  1.000000  1.000000  
 1    -0.788850    0.002391      0.562483   2616.000000      0.805504
 2    -1.248230    0.001756      0.609942   5765.000000      2.359783
 3    -1.517237    0.000143      0.637733   9252.000000      4.277335
 4    -1.522198    0.000138      0.638246   12891.000000      6.740240
 5    -1.583068    0.000045      0.644535   16828.000000     10.140226
 6    -1.850523    0.022071      0.672166   22265.000000     15.657679
 7    -1.974745    0.009300      0.684999   28771.000000     22.976952
 8    -2.056610    0.041318      0.693457   36586.000000     33.914915
 9    -2.092026    0.055923      0.697116   45203.000000     48.022202
10    -2.036531    0.000483      0.691382   55562.000000     70.491335
0.431486    0.597914    
0.311198    0.400984    0.814098    0.430886    
0.286193    0.275467    0.329033    0.745049    0.549857    0.332969    
0.280988    0.274427    0.329865    1.602291    0.741997    0.552449    0.350142    1.537756    
0.247350    0.272211    0.328543    1.199052    2.172940    0.709800    0.607245    0.466031    0.081218    0.124862    
0.335215    0.407854    5.417236    4.530260    4.142592    1.209793    0.854827    0.538185    1.314502    0.151424    0.150166    1.407768    
0.322148    0.292568    0.416242    4.804389    4.976545    4.518266    5.016960    0.761715    0.524493    0.317472    1.324675    1.430320    0.158318    0.130106    
0.288946    0.323424    0.336665    1.685446    2.560765    3.707523    5.765873    6.283185    0.789875    0.612366    0.481935    0.044374    0.258229    1.407223    1.348628    0.120304    
0.332011    0.394968    5.407832    4.596658    4.998304    1.148773    4.608602    2.097701    3.151567    0.838695    0.535641    1.324587    0.187119    0.120539    1.422764    0.129405    1.459143    1.491742    
0.315882    0.407601    5.908452    1.332488    6.008475    4.570911    2.044200    2.080209    2.125543    1.531707    0.829755    0.505887    0.148088    0.138116    0.169018    1.374962    0.130390    1.413885    0.166166    0.106804    
