10    -6.742522    4.941355    0.754757
1.228264  -0.961592  -1.375194  -0.666736  -0.408250  -0.159367  -1.010143  -0.272901  1.148510  0.304371  0.659412  1.625798  -1.085026  -0.277913  0.463255  -0.990108  0.434097  -0.866149  1.488676  -0.134554  0.149314  0.151039  -1.374282  -0.378194  0.792847  -1.594435  -0.553262  -1.656346  -0.175900  1.068554  -0.328559  -1.447383  1.133899  1.159811  1.071022  -1.115433  -0.242938  -1.266567  -0.090140  -0.219575  -0.945066  0.380761  -0.531428  0.821282  0.988751  
0.270734  0.027470  0.169606  0.162339  -0.799962  0.160370  0.167075  0.170782  0.249490  -0.178308  
 1    -3.390764    0.162461      0.713130   2889.000000      0.870991
 2    -4.911940    0.379799      0.843324   6783.000000      2.509768
 3    -5.525221    0.497613      0.895814   12213.000000      5.344307
 4    -6.059170    0.563755      0.941513   20229.000000     10.683491
 5    -6.237020    0.640071      0.956735   31606.000000     21.501797
 6    -6.322423    0.662708      0.964045   44472.000000     32.516708
 7    -6.368978    0.684230      0.968029   64227.000000     55.647905
 8    -6.422003    0.731593      0.972567   91279.000000     91.485806
 9    -6.469076    0.825048      0.976596   113157.000000    126.650092
10    -6.548751    0.885872      0.983416   140887.000000    174.397868
6.283185    0.670542    
3.625248    4.833227    0.505252    0.456258    
3.131124    3.593772    4.211133    0.540790    0.406593    0.264642    
2.972965    3.489465    2.996818    5.444863    0.615108    0.481291    0.327141    0.284150    
2.652828    3.158049    2.923808    3.476617    3.692149    0.603895    0.452019    0.370085    0.196378    0.212176    
1.856767    3.055540    2.981141    3.059770    3.404717    3.772184    0.607346    0.480589    0.398605    0.311911    0.197712    0.153255    
1.811046    2.891966    2.849536    2.978510    3.122842    3.561123    3.866313    0.617501    0.469753    0.400576    0.326815    0.270678    0.157102    0.099484    
1.779199    3.007510    2.938893    3.003768    3.024982    3.748732    2.934833    6.283185    0.648446    0.475846    0.399259    0.347288    0.257259    0.209722    0.130427    0.099154    
2.194379    3.015199    2.859297    2.961717    3.940505    2.367479    6.283185    6.283185    6.283185    0.577632    0.441823    0.394894    0.251124    0.222251    0.114078    0.127490    0.106782    0.085258    
1.724813    3.093999    3.022342    2.991257    3.658489    2.655550    6.283185    6.283185    6.283185    6.283185    0.609159    0.476875    0.411648    0.314038    0.174062    0.174438    0.068058    0.101125    0.131978    0.087577    
