10    -4.751304    5.230813    0.115384
0.045279  -0.499267  -1.271602  -0.517983  0.510143  -0.288202  -0.237575  -0.498752  -0.734063  1.241094  0.074512  0.214214  0.209978  -1.570645  -0.863728  1.809023  0.669490  -0.298024  -0.167692  -2.031620  1.059673  -2.258756  -0.929584  -0.955863  1.005101  0.164662  0.974701  0.318961  0.884123  1.323747  -0.590289  0.275798  -1.551299  -0.529185  0.183199  0.274387  0.337787  0.284713  1.344580  -0.199527  0.494162  -0.858161  1.624182  -1.246189  0.170451  
-0.300000  1.000000  1.000000  1.000000  1.000000  1.000000  1.000000  1.000000  1.000000  1.000000  
 1    -0.168095    0.000264      0.540858   3390.000000      1.035602
 2    -0.324393    0.000415      0.556516   6323.000000      2.604335
 3    -0.405830    0.000149      0.564674   10616.000000      4.904349
 4    -0.499894    0.000515      0.574097   15585.000000      8.351814
 5    -0.561221    0.000186      0.580241   20743.000000     12.362913
 6    -0.592375    0.000054      0.583362   26814.000000     18.279743
 7    -0.644471    0.000557      0.588581   35101.000000     27.967188
 8    -0.712026    0.000145      0.595349   43049.000000     40.633186
 9    -0.774245    0.005032      0.601582   55035.000000     60.151975
10    -0.829700    0.001055      0.607137   73511.000000     94.662534
0.333574    1.279993    
0.309126    0.718459    1.224842    1.337396    
0.310146    0.815392    0.923957    1.223035    1.329746    1.406478    
0.284574    0.632619    0.881728    0.995526    1.186513    1.295891    1.368289    1.390484    
0.262003    0.624001    0.760221    1.028398    1.018774    1.192099    1.294845    1.364429    1.383728    1.429044    
0.217689    0.569698    0.696439    0.876310    1.043183    1.034689    1.190753    1.318140    1.353356    1.388577    1.387237    1.455693    
0.193158    0.494897    0.663372    1.052420    0.992712    3.078437    3.674081    1.212461    1.276954    1.325481    1.400258    1.356491    1.434242    0.171937    
0.260520    0.670241    0.782839    1.349094    0.863945    5.500657    1.010808    4.170724    1.214321    1.350312    1.388388    1.406924    1.375315    0.161617    0.261061    1.416402    
0.328961    5.599574    5.707527    3.999614    3.826059    6.026844    1.397586    3.226082    3.260429    0.734887    0.110587    1.460713    1.570796    1.527449    0.411883    1.485229    0.153471    0.098433    
0.307851    0.931592    0.862028    1.007329    0.826383    0.783077    6.283185    4.693816    5.419465    1.180173    1.224140    1.305030    1.330027    1.396651    1.331486    1.510711    0.229138    1.475011    1.468848    0.226599    
