10    -5.499633    6.951424    0.125528
1.415251  0.219463  -0.718165  -0.944054  -0.116164  0.462922  0.910378  -0.360768  -0.283324  0.908532  -2.179756  0.817572  -0.543350  -0.058177  -0.193823  -1.548497  1.024911  -1.174386  1.714655  -0.665776  -0.677361  -2.201595  -0.396134  0.140625  -0.952711  -0.290926  -1.226109  0.732937  -0.346134  1.466360  0.202895  2.018910  -0.173823  0.958717  -0.066130  0.927002  -0.280829  0.495097  -0.034368  -0.031482  -0.900582  -2.460519  2.178519  -0.391757  0.547155  
0.147221  0.169198  -0.181515  0.163210  0.171822  0.090910  -0.143310  -0.109832  0.799962  -0.105463  
 1    -2.030854    0.133643      0.721407   3237.000000      0.876597
 2    -3.873590    0.506664      0.869405   6840.000000      2.454428
 3    -4.523349    0.690473      0.921590   11901.000000      5.141652
 4    -5.039179    0.818976      0.963019   19964.000000     10.240790
 5    -5.285833    0.909828      0.982829   32791.000000     20.017129
 6    -5.408342    0.950205      0.992668   45458.000000     33.452103
 7    -5.458157    0.969735      0.996669   69086.000000     61.688019
 8    -5.475920    0.981649      0.998096   113294.000000    122.933062
 9    -5.489944    0.993137      0.999222   162442.000000    206.453717
10    -5.495504    0.996392      0.999668   236464.000000    338.047530
6.283185    0.636623    
5.269255    6.283185    0.473748    0.443960    
4.251730    5.323322    5.775839    0.549956    0.386520    0.280898    
3.869721    5.141186    4.742399    6.283185    0.613051    0.492867    0.276739    0.268098    
3.455066    4.670743    4.330533    5.152601    5.168582    0.597039    0.471075    0.379323    0.208899    0.209236    
2.658986    4.513684    4.317897    4.437111    4.945397    5.242113    0.614877    0.484934    0.408224    0.324501    0.190804    0.168810    
2.382149    4.129592    4.039394    4.194111    4.306543    5.200977    4.928405    0.620141    0.469794    0.405891    0.346922    0.273876    0.168260    0.119722    
2.239681    3.902718    3.877666    4.006170    4.166136    4.615366    4.959847    5.214179    0.608555    0.459620    0.406614    0.346368    0.291400    0.222869    0.129277    0.075314    
2.149463    3.794213    3.791070    3.859524    3.963761    4.413113    4.580741    4.876467    5.854696    0.610262    0.453857    0.399722    0.347573    0.300393    0.226376    0.199331    0.078464    0.069394    
1.970469    3.447555    3.552355    3.632833    3.724083    3.936593    4.313034    4.456513    5.386848    5.264458    0.597639    0.435970    0.390474    0.342793    0.307332    0.244186    0.206095    0.163466    0.065888    0.059374    
