10    -6.364092    7.377224    0.775105
1.980655  1.795750  -0.728124  -0.283760  1.757234  -0.700888  0.749530  1.466181  -0.359759  -0.314563  -0.497060  -0.582411  0.826093  0.847297  -0.248796  -1.247295  -0.320472  0.092944  -0.984481  -0.621929  0.498765  0.203754  0.685531  1.081797  -0.182269  -1.166652  0.568559  0.322269  0.714625  1.378866  -1.009285  -1.327397  -0.186506  0.457787  -0.668764  1.142519  3.369110  -0.865520  -0.435180  2.777189  -0.970883  0.017409  0.954578  2.350620  -0.893343  
-0.300000  1.000000  1.000000  1.000000  1.000000  1.000000  1.000000  1.000000  1.000000  1.000000  
 1    -0.156196    0.006175      0.548231   2958.000000      0.918270
 2    -0.367279    0.014060      0.563593   6031.000000      2.538587
 3    -0.446221    0.003964      0.569337   10426.000000      5.081014
 4    -0.553264    0.006315      0.577127   15473.000000      8.836115
 5    -0.766978    0.019713      0.592680   18496.000000     12.304437
 6    -0.751129    0.002506      0.591527   25752.000000     18.649900
 7    -0.873347    0.010250      0.600421   32630.000000     27.295607
 8    -0.888832    0.012425      0.601548   42028.000000     41.809339
 9    -0.971319    0.001167      0.607550   53279.000000     58.546761
10    -0.984376    0.009188      0.608501   66968.000000     84.074871
1.152724    0.255402    
0.937699    2.025901    0.253611    0.354772    
5.946276    1.668898    0.817777    0.578097    1.185422    0.236769    
5.988617    1.585058    0.799780    2.419209    0.428358    1.159087    0.197888    0.302053    
0.802159    2.287112    0.380173    2.914656    4.556722    0.244604    0.365076    1.165827    1.322006    0.346223    
1.936812    6.283185    0.520514    3.447723    0.629796    6.085648    0.162706    0.846800    0.446349    0.403658    1.416413    0.206027    
1.129065    5.760948    5.497754    2.211892    5.452421    1.334179    5.098055    0.182417    0.440683    0.311069    0.414503    0.173703    0.285693    0.187809    
1.358239    5.650965    5.357964    4.546341    5.616992    0.830507    4.188332    2.460843    0.197993    0.421063    0.159364    0.201297    0.426381    1.282796    1.456692    0.186126    
1.015125    5.671074    5.372640    0.750940    1.541481    5.838040    5.171132    1.982217    3.726291    0.212251    0.412612    0.413353    1.172767    0.234960    1.363435    1.360882    1.321196    1.504796    
1.095307    5.981529    2.718986    2.171711    5.905301    3.263035    4.627412    5.266885    3.798694    6.179260    0.113194    0.405098    0.429409    0.946301    1.254579    1.398541    1.267736    0.182434    0.157552    0.152049    
