10    -7.342541    5.375525    0.111051
-1.450948  1.910953  0.711879  -0.247738  0.361466  -0.032950  -0.221347  0.477257  -0.691939  0.792006  0.073249  1.303286  0.213481  1.017349  1.911712  -0.529672  1.842135  -1.057235  -0.862916  0.237631  -1.154182  1.214984  -1.293759  0.822723  -0.332151  -1.281429  0.218538  2.083474  -0.248218  0.267460  0.712514  -0.653608  0.162280  2.213380  -0.665534  -1.009003  2.348051  0.604376  0.643829  -0.331752  0.069864  -0.014711  1.711069  -0.356445  0.643116  
0.317793  -0.119542  -0.253247  -0.235415  0.187470  -0.212057  -0.862500  0.188863  -0.203743  0.235890  
 1    -3.890655    0.184459      0.728584   3423.000000      1.010235
 2    -5.486130    0.123115      0.854034   7685.000000      2.859127
 3    -6.347587    0.186342      0.921768   11738.000000      5.017603
 4    -6.348289    0.189029      0.921824   17768.000000      8.463569
 5    -6.950486    0.126101      0.969173   25388.000000     15.060561
 6    -6.951733    0.123654      0.969271   35073.000000     24.591691
 7    -7.137558    0.071930      0.983883   55898.000000     48.562349
 8    -6.953838    0.147935      0.969437   79745.000000     84.558741
 9    -6.655150    0.040268      0.945952   122038.000000    153.641583
10    -7.000617    0.582391      0.973115   141526.000000    193.127215
5.607562    0.714898    
2.691059    3.906396    0.569758    0.467953    
2.392442    2.660580    4.123240    0.597461    0.504604    0.314202    
2.384616    2.664433    4.127409    5.727447    0.596453    0.505886    0.311662    1.564916    
2.179512    2.525515    2.171809    4.137568    6.283185    0.619724    0.484531    0.362944    0.321376    0.012776    
2.183811    2.530057    2.177484    4.138415    6.283185    6.283185    0.620703    0.485262    0.360358    0.324133    0.008314    1.560356    
1.341639    2.253261    2.112573    2.171204    0.066966    2.126613    3.687785    0.657076    0.489794    0.401060    0.348073    1.570796    0.273965    0.214615    
2.180907    2.525197    2.175438    4.126901    6.283185    3.991618    5.842712    3.541079    0.619760    0.484713    0.363401    0.326288    0.005674    1.564991    0.006619    0.012191    
2.157084    2.675918    2.429344    5.228346    3.379473    2.920312    2.730037    5.241855    6.283185    0.578065    0.438166    0.320728    1.570796    1.340146    1.425839    1.340107    1.378782    1.525443    
2.137450    2.489825    2.109769    4.398391    5.585327    3.169382    5.536971    1.680897    1.689347    6.278993    0.607554    0.475272    0.370635    0.337533    0.000000    0.052480    1.423262    0.257720    1.423800    0.025611    
