10    -6.953800    6.707522    1.466554
-0.497271  0.107765  1.882873  -1.069230  -1.527741  -1.511618  0.386228  0.482651  2.007500  -0.509702  -0.890950  0.223526  0.045737  1.275074  0.981557  -1.357761  0.467119  -0.566509  2.345418  -0.477393  -0.310067  1.301076  -0.166463  0.935313  1.558391  -0.933234  0.168355  0.230982  -0.599004  0.442476  0.782476  1.961281  0.745696  0.456744  0.636113  -2.370204  -0.726879  -0.116714  0.426946  0.869133  -0.911036  1.145228  -0.002807  -0.669404  -0.803439  
-0.300000  1.000000  1.000000  1.000000  1.000000  1.000000  1.000000  1.000000  1.000000  1.000000  
 1    -0.246691    0.001265      0.509044   2904.000000      0.904292
 2    -0.395241    0.002291      0.519918   6710.000000      2.869206
 3    -0.482383    0.006036      0.526296   9839.000000      4.764664
 4    -0.514774    0.001463      0.528667   15068.000000      8.435446
 5    -0.662413    0.001555      0.539474   20669.000000     13.408639
 6    -0.707835    0.009853      0.542799   25094.000000     17.835937
 7    -0.771107    0.005553      0.547431   33404.000000     27.226478
 8    -0.780598    0.001107      0.548126   41094.000000     39.792689
 9    -0.851206    0.027197      0.553294   51452.000000     58.981823
10    -0.891401    0.014170      0.556236   68271.000000     90.684622
2.447619    0.809243    
2.328948    5.725758    0.855016    0.570793    
2.354283    5.795739    1.143799    0.754156    0.443289    0.254695    
2.519820    2.457038    4.199194    5.585911    0.961948    1.224260    0.252801    1.349449    
2.243929    5.667551    0.719372    4.427668    5.605736    0.966940    0.317988    1.111856    0.333891    0.206994    
2.333180    5.722697    5.160503    6.171177    5.217206    0.533864    0.903434    0.354550    0.139902    0.000000    1.356064    0.256838    
2.227775    5.680454    0.750207    4.335444    5.553070    2.598515    1.672473    1.000296    0.316433    1.052749    0.305992    0.146596    1.344406    1.490411    
2.365946    5.876548    1.139095    0.950117    6.140124    5.928049    5.283795    4.885982    0.737120    0.418723    0.298597    0.000000    1.402032    0.000000    1.233439    1.434031    
2.902438    3.398618    1.730082    5.098459    4.495599    5.548758    5.653582    3.299461    2.480018    0.979056    0.887124    1.346916    1.191171    1.472024    0.166558    0.124536    1.434725    0.198223    
2.206824    5.662819    5.051288    0.576669    1.261935    3.235531    4.888412    1.729086    2.252910    5.948740    0.917192    0.470546    0.335950    0.194226    0.187971    1.406805    1.512245    1.114596    1.358984    0.127003    
