10    -5.212021    6.318864    0.057179
-0.270164  0.934725  -0.978179  1.679502  -0.282496  -2.137573  -0.087249  -0.115780  1.694825  0.442736  0.904835  -0.777380  -0.167235  0.549352  0.270288  -0.407457  0.289694  -0.826243  0.196590  -0.202494  -0.952162  -0.713718  -1.209645  1.367745  -1.526735  -1.657416  0.561338  -0.300495  1.356880  0.349474  1.041995  -0.848362  -1.767157  -1.281304  0.645754  -0.422787  -0.097442  1.412235  -1.452052  -0.184732  -1.801668  0.860888  1.356345  0.784619  0.299533  
-0.190872  0.083139  -0.170330  -0.142822  -0.139485  0.799990  -0.130482  -0.143613  -0.119099  0.216630  
 1    -2.388042    0.146777      0.755094   3096.000000      0.842612
 2    -4.037752    0.493373      0.898163   7181.000000      2.689978
 3    -4.467731    0.683598      0.935452   12624.000000      5.509179
 4    -4.876990    0.768740      0.970945   19382.000000      9.740408
 5    -5.055142    0.878485      0.986395   33182.000000     21.358233
 6    -5.125822    0.912640      0.992524   53128.000000     41.136701
 7    -5.163207    0.932821      0.995767   80369.000000     74.869946
 8    -5.180808    0.952136      0.997293   122629.000000    134.742032
 9    -5.197087    0.978349      0.998705   151319.000000    176.868562
10    -5.205096    0.988724      0.999399   206739.000000    275.730173
6.283185    0.688523    
4.329671    5.962245    0.436879    0.493248    
3.781018    4.567110    4.484935    0.479581    0.374237    0.257661    
3.651637    4.303919    3.688721    6.283185    0.604806    0.470561    0.274183    0.287440    
3.432318    3.886874    3.542988    4.444657    4.385891    0.584938    0.446919    0.351196    0.161866    0.232765    
2.527002    3.535293    3.496886    3.672308    4.409116    4.132924    0.548435    0.446499    0.385122    0.264042    0.187460    0.157067    
2.040433    3.535378    3.425902    3.582704    3.666974    4.428086    4.214929    0.616803    0.454432    0.386317    0.327590    0.259093    0.150260    0.124153    
2.036888    3.288905    3.258903    3.376578    3.581623    3.807373    4.272038    4.405206    0.588760    0.441521    0.383207    0.313649    0.273937    0.210974    0.111036    0.083990    
1.960067    3.372122    3.290646    3.369518    3.428851    3.919915    3.983254    3.600734    5.942139    0.618102    0.444267    0.380577    0.326603    0.281961    0.193334    0.198336    0.051039    0.083774    
1.911506    3.086739    3.095333    3.202168    3.307398    3.505599    4.017279    3.810754    5.340108    4.079887    0.604372    0.425189    0.374545    0.320046    0.294430    0.220603    0.190481    0.156805    0.042885    0.075544    
