10    -4.846124    5.040163    0.266986
-0.470129  0.670906  -0.822153  0.503401  -0.184276  0.514476  -0.472338  -0.433457  0.480020  -0.085906  -1.356367  -0.635875  -1.624491  0.912932  0.715495  -1.484308  -1.404396  0.367661  0.657626  -0.521781  1.926133  1.801852  0.194682  -0.105917  -0.523406  1.297764  1.918718  -1.313695  -0.787289  0.224448  -1.280910  0.661970  0.792979  0.234494  1.811687  -0.289991  0.762382  -1.205354  0.299321  -1.057172  -1.979885  0.025184  0.181882  0.568494  -0.065946  
-0.189679  -0.114678  0.172120  -0.131220  -0.111649  -0.799962  -0.124256  -0.142263  -0.154931  0.159702  
 1    -1.818445    0.000975      0.693750   2865.000000      0.774672
 2    -3.403019    0.000159      0.854030   6848.000000      2.508682
 3    -3.906411    0.000340      0.904948   12147.000000      5.158474
 4    -4.191959    0.000010      0.933831   19990.000000     10.073319
 5    -4.424024    0.000076      0.957305   30729.000000     18.987936
 6    -4.503307    0.000042      0.965324   51571.000000     39.253342
 7    -4.542068    0.000021      0.969245   71034.000000     63.206881
 8    -4.559830    0.000003      0.971041   107443.000000    114.246585
 9    -4.570557    0.000002      0.972126   165751.000000    208.133662
10    -4.576884    0.000001      0.972766   233258.000000    326.558873
6.283185    0.642607    
4.817262    6.143780    0.430802    0.475885    
4.046378    5.055006    4.216622    0.467392    0.352437    0.269526    
3.830857    4.615037    3.882523    6.283185    0.587548    0.468711    0.252965    0.264158    
3.768965    4.202133    3.733590    5.065715    4.124735    0.595846    0.454957    0.337493    0.167253    0.217410    
2.872911    3.756978    3.647097    3.857659    4.737830    4.109354    0.554833    0.443594    0.384747    0.249576    0.188480    0.155533    
2.147966    3.801887    3.639331    3.784745    3.799408    4.764990    4.188362    0.629391    0.463112    0.388892    0.333195    0.254610    0.152878    0.129158    
2.144579    3.443059    3.374743    3.484341    3.592426    3.809410    4.540982    4.101597    0.609043    0.440408    0.380586    0.312803    0.284271    0.202518    0.124372    0.094860    
2.029070    3.485590    3.422344    3.471205    3.529098    3.947500    4.132487    3.997652    5.611664    0.616048    0.445082    0.383349    0.327108    0.285747    0.201071    0.195066    0.062891    0.073347    
1.976224    3.205226    3.187554    3.284222    3.380639    3.530831    4.070596    3.923414    5.101212    4.452333    0.606672    0.423801    0.372497    0.321442    0.297833    0.228092    0.188825    0.168235    0.040174    0.074143    
