10    -5.219563    5.377778    0.284646
-1.105140  -1.607770  -1.264305  -0.061869  -0.944557  -1.679209  -0.822992  -0.049193  -0.700455  0.428230  -1.542561  0.340174  1.443574  -0.181025  0.498420  0.636785  -0.874873  -0.610991  0.944186  0.764858  0.946040  -0.456936  -0.665911  -1.666717  -0.734193  0.241131  1.866028  0.123527  -1.140208  1.479094  -0.270763  -0.309019  0.036444  0.677593  -0.573055  0.205904  -0.932619  -2.017504  -0.595203  -1.075644  2.010019  -0.016801  -0.599771  -1.084022  -0.696752  
-0.300000  1.000000  1.000000  1.000000  1.000000  1.000000  1.000000  1.000000  1.000000  1.000000  
 1    -0.622451    0.002148      0.566201   2775.000000      0.861619
 2    -0.800320    0.006589      0.582986   5682.000000      2.366571
 3    -1.931541    0.000801      0.689731   9637.000000      4.625199
 4    -0.994650    0.003254      0.601323   13528.000000      7.214571
 5    -2.314073    0.001166      0.725828   18198.000000     11.312122
 6    -1.150646    0.011178      0.616044   23597.000000     17.192008
 7    -1.126787    0.012320      0.613792   32266.000000     27.973451
 8    -1.316525    0.008566      0.631696   39997.000000     38.374792
 9    -1.265870    0.007411      0.626916   51911.000000     59.343379
10    -1.385960    0.012149      0.638249   65956.000000     86.903802
1.531106    0.998392    
1.485069    0.889473    1.099509    1.243965    
0.521532    0.416771    0.730263    0.494704    0.978721    1.061963    
1.444313    0.896646    2.287955    6.214484    1.066560    1.342228    1.340908    1.462508    
0.355942    0.774116    0.393273    0.419411    1.408068    0.758555    1.019932    1.113213    1.320947    1.382837    
1.370281    0.870960    2.194026    6.085197    5.633021    2.857996    0.988625    1.330492    1.392857    1.449244    0.152927    0.191512    
1.364689    0.824603    2.310408    5.250076    2.967870    4.282464    1.631978    1.026408    1.342295    1.344483    1.476868    0.093028    1.466849    0.093351    
1.357562    0.876108    2.184311    6.077837    5.531934    2.795557    3.512559    3.375335    0.969950    1.335831    1.407093    1.469215    0.165274    0.115278    0.179579    0.147086    
1.345837    0.856802    4.236767    6.257399    0.478026    2.522409    3.320592    5.150807    1.394185    1.008234    1.317249    0.057464    0.140997    0.115582    0.123049    0.101794    0.176430    0.111151    
1.359001    0.884224    2.176785    6.070649    5.537536    2.809133    3.454015    3.464259    6.252340    4.702300    0.961111    1.324069    1.404058    1.462407    0.177129    0.124260    0.170999    0.129710    0.107108    1.501830    
