10    -5.483272    7.565526    0.157127
-0.643717  -1.251820  -0.563915  0.331439  1.203907  0.410914  1.678242  -1.025964  -0.021762  0.530480  0.576005  -1.554301  0.135096  -0.623157  1.427615  -2.456159  -1.629362  1.660334  -0.304425  -0.554435  -0.470783  -0.816757  1.163855  -1.072726  0.408300  0.162989  1.575043  -1.779279  -0.617568  0.326719  -1.657428  -1.096789  -1.415915  1.410982  0.406111  1.100853  -0.733156  -1.578503  1.293247  0.544114  -1.206939  1.597501  -0.413534  0.570260  1.114241  
-0.171453  -0.140339  0.103940  0.799962  0.124833  0.155848  -0.125766  0.182784  -0.180482  -0.015546  
 1    -1.970464    0.013099      0.730795   3234.000000      0.867332
 2    -3.630745    0.006216      0.858031   6938.000000      2.482146
 3    -4.080139    0.002977      0.892470   11720.000000      4.874545
 4    -4.432160    0.004982      0.919448   19562.000000      9.669369
 5    -4.579196    0.002932      0.930716   33484.000000     21.373345
 6    -4.634688    0.002101      0.934968   59299.000000     47.189917
 7    -4.662507    0.001472      0.937100   84063.000000     77.618168
 8    -4.671869    0.000990      0.937818   131047.000000    144.077542
 9    -4.681082    0.000077      0.938524   179073.000000    220.591350
10    -4.685665    0.000015      0.938875   306640.000000    448.136487
6.283185    0.703242    
4.667970    6.283185    0.455155    0.498157    
4.086660    4.686357    6.283185    0.517382    0.430550    0.273657    
3.679290    4.611578    4.023424    6.283185    0.598235    0.465739    0.271674    0.280594    
3.260283    4.008702    3.722946    4.102627    5.726198    0.568621    0.429733    0.370074    0.185714    0.250232    
2.235382    3.943038    3.856626    3.937340    4.140319    5.452551    0.602597    0.467410    0.384102    0.314069    0.187467    0.190080    
2.126303    3.655148    3.589963    3.780096    3.873573    4.602288    4.691558    0.618486    0.447377    0.383556    0.326718    0.263706    0.151270    0.128261    
2.042679    3.339201    3.373767    3.502789    3.683255    3.984816    4.531719    4.639308    0.596718    0.430084    0.377454    0.317015    0.281113    0.203866    0.126646    0.081513    
2.056051    3.493638    3.452290    3.557934    3.659710    4.147542    4.328368    4.060709    6.283185    0.612867    0.437806    0.377223    0.325423    0.285584    0.199327    0.192309    0.057873    0.077676    
1.990766    3.256992    3.282540    3.394407    3.551214    3.814921    4.296428    4.246524    5.575988    4.781210    0.599291    0.422370    0.371327    0.319072    0.292525    0.222831    0.191085    0.142643    0.051359    0.065343    
