10    -7.233198    6.123004    0.102092
0.363580  1.314545  -1.146046  -0.488436  0.720190  -0.065189  1.841201  0.129148  1.689050  0.924599  -0.364502  1.552866  0.687094  1.868193  -2.101154  -0.860455  -1.583306  0.702538  1.232649  1.126887  -1.175439  -0.901862  -1.811378  0.775169  0.132982  1.972961  0.004686  -0.345795  -0.113918  0.131261  -0.202970  -0.681772  0.618107  -1.763596  1.099349  1.798983  -0.211299  2.114858  0.268974  -1.222359  -0.888213  -0.528165  -0.107994  -1.079499  -0.149241  
-0.300000  1.000000  1.000000  1.000000  1.000000  1.000000  1.000000  1.000000  1.000000  1.000000  
 1    -0.164157    0.007383      0.470730   2949.000000      0.916956
 2    -0.468895    0.011712      0.493546   6642.000000      2.871336
 3    -0.639344    0.026267      0.506308   9650.000000      4.540234
 4    -0.708010    0.035841      0.511449   13390.000000      7.158714
 5    -0.780197    0.052617      0.516854   17803.000000     11.103445
 6    -0.913671    0.030783      0.526847   25617.000000     18.687391
 7    -0.961726    0.031732      0.530445   31408.000000     25.862720
 8    -1.073200    0.018684      0.538791   40962.000000     39.628917
 9    -0.980109    0.025635      0.531821   51066.000000     57.920635
10    -1.206054    0.017793      0.548738   65600.000000     84.916552
1.614864    0.525152    
1.491301    0.856343    0.581793    0.469612    
1.398011    0.862863    5.176732    0.530683    0.480438    0.303588    
1.386199    0.850899    2.892977    2.325521    0.513298    0.437713    0.161736    0.288670    
1.422869    0.862062    5.212727    2.391058    5.582715    0.526249    0.446619    0.296453    0.099508    0.202272    
1.483942    0.920865    3.941537    2.255949    5.113057    6.167539    0.628485    0.529568    0.134857    0.131253    0.154142    0.264101    
1.425644    0.883843    5.244760    6.177911    1.967311    1.847385    1.850452    0.549061    0.479588    0.237795    0.185835    0.269371    0.135585    1.476230    
1.536072    0.792349    2.910815    2.339805    2.490273    0.914060    6.068390    2.194097    0.640944    0.287599    0.192379    0.336130    0.328893    0.176033    0.142356    0.215249    
1.410912    0.870647    5.160018    2.422422    3.456747    4.297571    1.408858    3.835498    2.344488    0.422433    0.424280    0.288404    0.280299    1.494773    0.314066    0.086836    1.359743    0.133974    
1.443465    0.901118    3.588337    5.047733    2.832412    0.834921    0.431604    5.249725    3.342126    3.359491    0.751758    0.453365    0.157408    1.562959    0.130044    0.258980    0.276748    1.443093    0.227331    1.386856    
