10    -5.483272    7.565526    0.157127
-0.643717  -1.251820  -0.563915  0.331439  1.203907  0.410914  1.678242  -1.025964  -0.021762  0.530480  0.576005  -1.554301  0.135096  -0.623157  1.427615  -2.456159  -1.629362  1.660334  -0.304425  -0.554435  -0.470783  -0.816757  1.163855  -1.072726  0.408300  0.162989  1.575043  -1.779279  -0.617568  0.326719  -1.657428  -1.096789  -1.415915  1.410982  0.406111  1.100853  -0.733156  -1.578503  1.293247  0.544114  -1.206939  1.597501  -0.413534  0.570260  1.114241  
-0.300000  1.000000  1.000000  1.000000  1.000000  1.000000  1.000000  1.000000  1.000000  1.000000  
 1    -0.381645    0.000521      0.609035   2886.000000      0.886404
 2    -0.944005    0.000097      0.652131   6210.000000      2.553163
 3    -1.067010    0.000030      0.661558   9174.000000      4.212409
 4    -1.262668    0.000032      0.676552   13320.000000      7.073254
 5    -1.312391    0.000062      0.680363   18680.000000     11.469248
 6    -1.462149    0.000190      0.691840   25501.000000     18.783279
 7    -1.491420    0.000250      0.694083   33278.000000     27.263922
 8    -1.715912    0.000098      0.711287   40820.000000     40.648551
 9    -1.755297    0.000365      0.714305   51549.000000     56.978860
10    -1.885320    0.000363      0.724269   61563.000000     79.270095
0.358325    0.905623    
0.297377    0.378839    0.816733    0.453143    
0.305252    0.369128    5.328708    0.815451    0.528588    1.380393    
0.239895    0.266133    0.305265    5.318342    0.695345    0.579845    0.436022    1.405347    
0.235039    0.265433    0.299210    5.343012    2.358882    0.689645    0.594158    0.420340    1.379110    0.113195    
0.232040    0.287137    0.341975    5.281378    2.437645    6.160156    0.705864    0.639284    0.480291    1.441212    0.088734    1.363418    
0.303150    0.362303    4.939988    5.358972    2.646756    6.090149    0.783796    0.818066    0.594265    0.047846    0.172856    1.466740    0.150857    0.114295    
0.259857    0.277013    0.326699    6.091164    2.997253    2.913424    6.190125    1.254903    0.722148    0.575466    0.516570    1.511591    1.390537    1.570796    0.160366    1.392549    
0.277543    0.304863    0.324139    5.872199    6.259771    5.989963    2.232749    5.524630    5.258510    0.761675    0.591129    0.469372    0.114757    1.334028    0.045136    0.000000    0.142795    1.367062    
0.315032    0.376918    2.347548    2.398819    2.420517    6.172367    5.966229    3.957267    4.239667    4.403797    0.826269    0.549080    1.419739    0.142826    1.570796    0.177550    1.513732    1.440220    0.145706    1.420218    
