10    -4.431128    4.888762    0.034755
-0.923498  -0.196534  0.260503  -0.102614  -0.289689  0.713549  1.119250  -0.355867  -0.124338  0.141519  0.018409  -0.366028  0.248184  -0.044728  -1.645756  0.499089  0.988699  -0.835499  -1.171304  0.700343  -0.401667  -0.034007  0.791615  1.123036  -0.257931  -0.761827  -0.188643  -0.265364  -0.121081  1.140362  -1.382377  -1.137642  0.134821  -0.174638  -0.251077  1.593456  1.234379  0.664667  -1.453542  -1.082215  -1.578643  -1.597395  -0.565669  0.315661  -0.671375  
-0.300000  1.000000  1.000000  1.000000  1.000000  1.000000  1.000000  1.000000  1.000000  1.000000  
 1    -1.250626    0.002223      0.658740   3486.000000      1.045544
 2    -1.650378    0.001458      0.701633   6743.000000      2.743719
 3    -1.949832    0.000031      0.733763   9915.000000      4.798011
 4    -2.024590    0.000026      0.741785   14640.000000      8.031361
 5    -1.969977    0.000533      0.735925   19564.000000     11.972805
 6    -1.968779    0.000795      0.735796   24948.000000     17.109675
 7    -1.799367    0.011259      0.717619   33119.000000     26.837178
 8    -1.862275    0.003809      0.724369   44944.000000     44.099251
 9    -1.869624    0.024915      0.725157   51095.000000     56.564915
10    -1.805088    0.022469      0.718233   63819.000000     79.628996
0.436222    0.569497    
0.313964    0.384180    0.796892    0.401536    
0.301288    0.263359    0.324617    0.749740    0.543596    0.336347    
0.186094    0.266780    0.259276    0.289211    0.677757    0.614841    0.444367    0.246321    
0.281303    0.250443    0.314525    3.463872    4.001283    0.718956    0.552770    0.396991    0.087572    1.521935    
0.311422    0.273964    0.340240    1.965703    3.117128    5.238550    0.763163    0.585467    0.251906    1.448842    0.025719    1.541154    
0.332194    0.383896    3.501966    3.725976    2.798780    5.376472    3.935820    0.832230    0.490261    0.150958    0.092355    0.116716    1.492764    0.080574    
0.338962    0.332864    0.816560    1.053723    6.109248    1.768810    1.984686    2.320232    0.814441    0.564188    1.414370    0.171768    0.030862    1.514326    1.489453    0.060824    
0.333356    0.390660    3.490509    3.202935    4.760919    2.400440    2.726428    6.213883    3.127307    0.844680    0.503810    0.184374    1.490496    1.489875    0.142168    0.103196    1.494318    0.094863    
0.321489    0.385537    3.905069    3.323284    2.825591    2.347664    5.632870    2.334393    2.379338    4.610249    0.821271    0.449749    1.480372    0.106877    0.156909    1.461903    1.535967    0.098226    1.507603    1.528596    
