10    -8.481118    6.410797    1.891210
-0.374470  1.163536  1.171028  0.762805  -1.399164  -0.805286  -0.567384  0.003154  0.933997  -1.232669  0.347803  0.644465  0.018927  -0.473181  -1.407803  -1.970348  0.821106  0.569608  -1.868063  0.428322  2.014901  -0.007186  0.598445  0.461798  -1.053029  0.552033  -0.613530  0.955068  1.682189  0.854499  2.816151  0.037141  -0.240715  -0.597208  -0.573777  -0.062244  -0.155375  0.800620  1.426961  0.019741  0.329232  0.787811  -1.852175  1.629582  1.232894  
0.164687  0.116429  -0.799962  -0.129710  -0.169570  0.183734  0.136165  0.192516  0.176927  -0.237037  
 1    -3.759427    0.216641      0.682936   3006.000000      0.837527
 2    -6.100667    0.559902      0.840151   6962.000000      2.687081
 3    -7.102779    0.761642      0.907444   11510.000000      4.949076
 4    -7.826881    0.842022      0.956068   19994.000000     10.232146
 5    -8.197099    0.942918      0.980928   31756.000000     20.156342
 6    -8.356728    0.973314      0.991647   47268.000000     36.049823
 7    -8.427463    0.986712      0.996397   65505.000000     57.334189
 8    -8.449691    0.991609      0.997890   103639.000000    110.369304
 9    -8.467710    0.997252      0.999100   149364.000000    180.679986
10    -8.476105    0.998995      0.999663   215443.000000    295.515659
6.283185    0.628947    
4.196408    5.381331    0.491726    0.446344    
3.553804    4.248378    4.370331    0.547097    0.380024    0.277591    
3.262973    4.093488    3.622994    5.439532    0.624836    0.499377    0.299097    0.275448    
2.985307    3.713514    3.378424    4.083282    3.958244    0.612698    0.470914    0.373011    0.206656    0.206651    
2.159325    3.523121    3.402708    3.471816    3.917403    4.038827    0.609595    0.488689    0.411477    0.318294    0.197780    0.163413    
1.909113    3.290146    3.179514    3.296114    3.370217    4.082998    3.832032    0.632954    0.476205    0.408787    0.351223    0.276900    0.172009    0.119404    
1.817425    3.012337    2.959439    3.050398    3.154967    3.423782    3.861936    3.779601    0.613944    0.453719    0.400250    0.339950    0.297073    0.216812    0.138858    0.079433    
1.770918    3.044871    2.977801    3.021838    3.102344    3.435774    3.596578    3.787204    4.741620    0.618947    0.457577    0.399864    0.346949    0.301573    0.224267    0.199446    0.077446    0.066782    
1.651386    2.774805    2.781654    2.840779    2.919662    3.068026    3.388780    3.485271    4.286946    4.126781    0.605437    0.435321    0.389691    0.341730    0.308138    0.244499    0.207145    0.165663    0.064262    0.061683    
