10    -5.953411    7.363895    0.504883
-1.789561  -0.620432  -1.171035  0.148565  0.893654  -1.575155  -0.288518  -0.152455  -0.774642  -0.676979  1.407445  0.790398  -1.298069  -1.898607  -0.394314  -0.811435  0.276450  0.234359  -0.670887  0.533213  -0.724677  0.912850  0.602760  -1.331720  -1.004301  -0.549175  -1.811160  -1.036142  -1.130660  0.340955  0.095783  -1.201586  -0.285413  -0.224714  0.232842  -0.593356  0.076833  1.319069  0.474004  1.308074  -0.111644  -0.517875  3.211660  0.302174  -0.131927  
-0.300000  1.000000  1.000000  1.000000  1.000000  1.000000  1.000000  1.000000  1.000000  1.000000  
 1    -0.315010    0.000444      0.576611   3234.000000      1.014082
 2    -0.748775    0.000221      0.609182   6410.000000      2.656701
 3    -0.835796    0.000470      0.615717   9792.000000      4.697864
 4    -0.848603    0.001358      0.616679   13461.000000      7.257108
 5    -0.996036    0.002514      0.627749   18072.000000     11.294545
 6    -1.022466    0.002058      0.629734   24237.000000     17.375675
 7    -1.111111    0.005628      0.636390   32459.000000     27.410788
 8    -1.113786    0.001079      0.636591   43617.000000     44.348927
 9    -2.224489    0.002030      0.719994   49375.000000     53.846054
10    -2.630675    0.000339      0.750495   59484.000000     74.388777
1.564130    1.078342    
0.547080    1.749080    1.093250    1.104597    
0.497403    1.748347    5.910294    1.073167    1.104034    1.414928    
0.504318    1.703179    5.314879    3.820677    1.084036    1.032512    0.085096    1.401205    
0.426343    1.683550    5.830917    4.302216    0.637252    1.003179    1.131145    1.386415    1.428399    0.194915    
0.482832    1.692207    5.864626    4.885184    1.927364    5.233740    1.067268    1.046922    1.456968    0.163654    1.439467    0.154966    
0.469082    1.704338    5.872915    4.259009    0.715059    1.131601    1.172815    1.033454    1.120983    1.429761    1.421091    0.182921    1.401854    0.100991    
0.476567    1.733729    1.935718    0.965236    4.985237    1.173162    2.991665    3.837342    1.059187    1.067240    0.083487    1.570796    0.139939    1.437231    1.474045    1.352666    
0.325319    0.390607    2.718731    0.505412    5.564206    2.852000    0.554326    4.040088    1.642209    0.844878    0.551570    0.265943    0.167133    0.162087    0.148722    0.214741    1.487856    0.153002    
0.306374    0.345882    0.752279    1.767277    0.867571    0.441768    3.705767    1.801301    0.919226    5.957183    0.803354    0.508394    1.335105    0.137238    1.314642    1.318117    1.527137    0.124632    1.456841    1.480215    
