10    -6.075876    6.833041    0.368257
-0.994205  -0.671251  -0.887883  0.195603  1.382997  0.888781  -0.060407  -0.573972  0.071070  -1.079800  1.842317  -1.375264  1.536962  1.111330  0.582643  0.988356  0.304395  -0.174480  0.961648  -1.968457  2.608949  1.927321  -0.187514  1.218037  -2.363810  1.078523  1.704040  -1.534157  1.152590  -0.030215  -0.203973  -0.700638  -0.231525  0.013304  0.164172  -0.133719  -0.773512  0.097549  0.916264  -1.072608  -1.287118  0.271469  -0.583656  0.196905  1.741085  
-0.300000  1.000000  1.000000  1.000000  1.000000  1.000000  1.000000  1.000000  1.000000  1.000000  
 1    -0.275690    0.000012      0.550684   3165.000000      0.991379
 2    -0.461520    0.001371      0.565079   6644.000000      2.795345
 3    -0.631569    0.002170      0.578252   9335.000000      4.465708
 4    -0.645063    0.004828      0.579298   13721.000000      7.503113
 5    -1.136385    0.029626      0.617358   19059.000000     12.125803
 6    -0.864124    0.000391      0.596267   25443.000000     17.864751
 7    -1.198554    0.027381      0.622174   33313.000000     28.840464
 8    -1.223131    0.020150      0.624078   42252.000000     41.924423
 9    -1.137229    0.021049      0.617424   53230.000000     59.531229
10    -0.953216    0.000450      0.603169   63617.000000     82.728109
6.145929    0.593905    
6.172053    5.611874    0.766069    1.240016    
1.007008    6.283185    4.240988    0.826513    1.055620    1.308134    
6.176847    3.935102    3.960483    4.808544    0.553290    0.323408    0.226622    0.340072    
1.115221    1.119701    0.465965    1.709233    5.550257    0.797480    0.983912    0.199754    1.506326    1.465072    
6.161329    4.151926    3.763793    4.932184    1.807288    5.869792    0.438754    0.325205    0.182855    0.262616    0.360673    0.313738    
1.131311    1.130921    0.368178    2.025856    5.011077    5.234858    3.033142    0.811903    0.890314    0.249992    1.463735    1.453903    0.072010    1.434943    
1.096935    1.106737    0.402536    1.331298    6.125061    2.997072    2.132989    3.919418    0.782219    0.977165    0.297996    1.445194    1.492964    0.075220    0.082293    0.122170    
1.012107    1.104845    1.308052    6.001689    5.111059    2.311451    5.849168    1.470805    3.836195    0.802171    0.901526    1.502677    0.029003    1.428255    1.459720    1.506622    1.478034    0.075616    
1.058362    4.537591    1.692957    1.148308    6.283185    3.895874    1.047812    6.235322    3.525283    5.831685    0.886541    1.436730    1.209095    0.245557    1.426510    1.427801    1.341272    1.352237    0.211412    1.483899    
