10    -6.471507    4.308198    0.578620
1.387236  0.963562  -0.944981  1.624400  0.264741  0.367542  0.797701  -0.556226  -0.100179  0.323385  -1.814105  -0.930862  1.097972  0.485753  0.527625  0.093865  -1.150458  0.466368  0.442111  0.138366  -0.105991  -0.839403  1.688002  -0.084315  -1.454174  0.424841  -1.326656  -0.408164  0.721783  -0.506090  0.158791  -0.984932  -1.100238  0.121549  -0.658298  0.178232  -0.910486  -0.287851  -0.195947  0.081197  1.259267  -0.612968  0.187967  -0.008233  1.167434  
-0.221361  0.179452  0.893707  0.180080  0.222125  -0.171110  0.251711  0.186825  -0.255133  0.286734  
 1    -3.245700    0.236051      0.700752   3360.000000      0.952578
 2    -4.632482    0.556166      0.829399   7147.000000      2.624711
 3    -5.418614    0.745956      0.902326   11191.000000      4.831957
 4    -6.030986    0.852985      0.959134   18370.000000      9.173696
 5    -6.284349    0.947600      0.982638   27772.000000     16.539385
 6    -6.401924    0.978195      0.993545   39337.000000     27.542162
 7    -6.446303    0.990256      0.997662   55839.000000     47.113500
 8    -6.457586    0.993729      0.998709   89245.000000     93.730266
 9    -6.465114    0.997754      0.999407   125709.000000    148.931309
10    -6.468758    0.998956      0.999745   173509.000000    230.967223
5.429956    0.671418    
2.739837    3.448022    0.521789    0.435350    
2.341393    2.728694    3.103892    0.583116    0.409757    0.279898    
2.150333    2.698287    2.429746    3.496381    0.646427    0.511451    0.322478    0.276043    
1.910647    2.429070    2.234768    2.605590    2.675292    0.623930    0.479475    0.392432    0.226476    0.204252    
1.387471    2.345643    2.249344    2.264624    2.519774    2.717116    0.629241    0.502559    0.423562    0.336866    0.210659    0.163055    
1.241278    2.133437    2.070843    2.136810    2.200495    2.642180    2.533584    0.637372    0.479623    0.418330    0.361632    0.289252    0.182514    0.115618    
1.159503    1.929357    1.906811    1.954665    2.018844    2.179546    2.473121    2.437984    0.617386    0.453268    0.404202    0.348853    0.306113    0.222689    0.149364    0.078282    
1.108954    1.919487    1.918731    1.937383    1.990899    2.164887    2.304033    2.497854    2.968813    0.620662    0.458805    0.407996    0.356545    0.313978    0.240894    0.201790    0.097137    0.057755    
1.020784    1.741301    1.796590    1.827251    1.876037    1.949131    2.132069    2.252132    2.663704    2.755799    0.605945    0.440111    0.396858    0.352300    0.317962    0.259200    0.216412    0.172376    0.078189    0.052937    
