10    -4.591781    6.437727    0.195228
-0.835604  0.665364  0.481271  -0.938764  -0.122347  -1.126123  -0.846273  -1.317148  -1.813608  -0.155595  0.611860  0.014949  0.795852  0.011985  0.922505  0.349768  0.002359  -0.999109  0.421646  -0.261758  0.127665  0.056907  -0.229472  -0.957703  -0.424170  0.020671  -0.415321  0.213133  0.117778  1.360823  -0.434741  -0.066807  0.645877  -1.553138  -2.486736  1.837397  -0.484461  0.361843  0.254181  -0.534835  1.677636  -0.110994  -0.669409  -0.335348  0.428695  
-0.371331  0.030294  0.110168  0.176732  -0.195388  -0.163010  0.799962  -0.145425  -0.171373  -0.223620  
 1    -2.262363    0.155371      0.788801   3096.000000      0.851686
 2    -3.404676    0.358378      0.892370   6615.000000      2.383961
 3    -3.857911    0.475942      0.933463   12539.000000      5.403219
 4    -4.189338    0.555500      0.963512   20147.000000     10.372077
 5    -4.340075    0.624637      0.977179   30975.000000     18.852206
 6    -4.388146    0.644777      0.981537   46451.000000     34.883006
 7    -4.415953    0.672654      0.984058   72190.000000     66.879535
 8    -4.447241    0.741297      0.986895   98006.000000    101.431272
 9    -4.466601    0.772222      0.988651   148241.000000    178.751855
10    -4.491411    0.827684      0.990900   214338.000000    294.476787
6.283185    0.657505    
3.725119    4.405620    0.502999    0.437233    
3.060200    3.598766    3.643658    0.533598    0.385333    0.250605    
2.951190    3.524828    3.105586    4.889281    0.620557    0.487841    0.291337    0.254880    
2.714989    3.124479    2.873518    3.619918    3.398641    0.600826    0.452374    0.356316    0.191807    0.191090    
1.808164    2.931653    2.909917    2.993700    3.454144    3.540381    0.586024    0.471566    0.395958    0.299544    0.195641    0.139225    
1.766951    2.809936    2.795989    2.936736    3.062617    3.561737    3.707834    0.615041    0.463572    0.396044    0.324720    0.269022    0.152180    0.095588    
1.733905    2.943923    2.893470    2.976547    2.970250    3.778531    2.828381    6.283185    0.656255    0.468106    0.395568    0.347110    0.247028    0.205640    0.121635    0.095852    
1.738128    2.835332    2.771748    2.883269    2.978903    3.528995    3.331491    4.470733    3.430013    0.634948    0.458004    0.387689    0.330910    0.271316    0.212609    0.174777    0.063405    0.092873    
1.722466    2.904975    2.787491    2.918157    2.884063    3.899527    2.878396    6.283185    2.073264    6.283185    0.663535    0.459090    0.381338    0.345189    0.256595    0.197861    0.172811    0.144636    0.072182    0.084447    
