10    -6.330876    7.502229    0.087352
-0.022632  1.838848  2.505268  0.975403  1.654330  -1.869582  -0.764621  -0.785072  0.028540  -0.021013  -0.984052  -1.679671  -0.721709  0.394450  -1.455288  0.784736  0.940057  2.082766  1.098766  0.717849  0.395293  0.238120  -2.359960  -0.268181  0.140543  -0.061805  1.234644  2.880286  -0.663241  1.156916  -0.074428  -0.084615  0.532550  0.710465  0.245873  -1.360056  -0.229801  0.169341  -1.418934  -0.115028  0.751036  0.595308  1.521667  1.008367  -0.613458  
0.186024  0.148755  -0.134328  -0.799962  0.136158  0.125315  0.180062  0.186904  -0.213766  -0.153350  
 1    -2.838338    0.211352      0.747523   3003.000000      0.826514
 2    -4.688677    0.563946      0.881285   6812.000000      2.532816
 3    -5.411108    0.765639      0.933510   11922.000000      5.015316
 4    -5.858797    0.827081      0.965873   20228.000000     10.454181
 5    -6.139696    0.934350      0.986180   29698.000000     18.114022
 6    -6.247206    0.964008      0.993951   47406.000000     35.588001
 7    -6.296050    0.979721      0.997482   66558.000000     56.645996
 8    -6.312633    0.986850      0.998681   101717.000000    103.760854
 9    -6.322712    0.996123      0.999410   143263.000000    170.543678
10    -6.328333    0.998835      0.999816   212122.000000    287.124328
6.283185    0.634731    
4.307483    5.186684    0.486642    0.443144    
3.544411    4.241185    4.005321    0.521493    0.371509    0.262898    
3.325153    4.085313    3.544886    5.520695    0.626166    0.490441    0.295483    0.267466    
3.093300    3.677413    3.325010    4.090649    3.825533    0.615122    0.460166    0.361687    0.195787    0.201836    
2.215163    3.387004    3.341670    3.426472    3.908634    3.897197    0.590533    0.475268    0.402206    0.300218    0.195781    0.153428    
1.907544    3.240698    3.126450    3.265775    3.341518    4.019398    3.769101    0.626221    0.467384    0.400032    0.341230    0.270933    0.165167    0.115474    
1.830648    2.955430    2.887638    2.973222    3.092233    3.306916    3.813018    3.645811    0.608876    0.442616    0.388307    0.326664    0.290708    0.210939    0.134848    0.081803    
1.756515    2.982758    2.928416    2.970293    3.052102    3.357081    3.568624    3.725429    4.614302    0.615091    0.447928    0.391982    0.336956    0.296063    0.220281    0.193700    0.078310    0.063468    
1.669300    2.735859    2.724419    2.783277    2.879112    3.009276    3.375482    3.443482    4.197835    4.049693    0.604441    0.425123    0.378479    0.331185    0.301723    0.240891    0.201512    0.165286    0.060956    0.062698    
