10    -6.029379    6.162103    0.106708
0.158384  -2.469081  -1.367974  0.135415  1.363801  -0.059990  -0.573970  0.521582  -0.633190  -0.989024  -1.811767  -0.207563  0.278757  1.736000  1.327823  -0.349844  0.156643  -2.476514  0.480148  -0.972058  1.202101  0.714467  0.655365  0.348766  0.662913  -0.184703  -0.262322  -0.376450  -0.853822  0.404938  0.329897  -1.820386  -0.261047  -2.927611  0.447633  -0.376779  0.975689  -0.178248  -0.767951  -1.339360  0.842751  1.068030  1.261188  -1.053283  -0.796309  
-0.338787  -0.250504  -0.325485  -0.317018  0.305313  0.081095  0.345444  0.303886  0.203559  0.296286  
 1    -3.017571    0.251315      0.752958   3126.000000      0.893399
 2    -4.687704    0.524766      0.889950   6919.000000      2.475986
 3    -5.630424    0.739090      0.967276   11609.000000      4.871161
 4    -5.880238    0.811495      0.987767   19115.000000      9.746281
 5    -5.940565    0.843026      0.992715   32595.000000     21.275376
 6    -5.982507    0.915134      0.996155   47555.000000     35.247079
 7    -6.001750    0.934477      0.997734   78196.000000     75.803424
 8    -6.013291    0.980488      0.998680   109437.000000    120.261545
 9    -6.020919    0.991205      0.999306   168390.000000    211.189658
10    -6.025394    0.996952      0.999673   234974.000000    326.610789
4.731441    0.568241    
3.598473    4.606276    0.809885    0.430389    
3.246695    3.300567    3.758159    0.744553    0.548708    0.317267    
2.280856    3.068549    3.060583    3.427668    0.674582    0.589066    0.438747    0.230627    
1.661097    2.906389    2.694527    2.944395    3.380201    0.683580    0.568496    0.485198    0.375913    0.172641    
1.607500    2.870364    2.686536    2.984244    3.298579    4.255682    0.681057    0.564406    0.499575    0.400931    0.268272    0.094754    
1.380691    2.602482    2.490966    2.569543    2.807232    3.168855    4.020556    0.686162    0.538027    0.486409    0.411982    0.326724    0.213688    0.091973    
1.448926    2.723485    2.548665    2.679121    2.915599    3.271664    4.123710    4.868530    0.698446    0.542261    0.494089    0.408357    0.327849    0.214290    0.155229    0.056548    
1.370781    2.509154    2.430705    2.441806    2.654750    2.911217    3.397569    3.581860    4.451930    0.682502    0.527193    0.474864    0.405773    0.336519    0.258405    0.175699    0.132772    0.060223    
1.295356    2.420637    2.315042    2.277313    2.395428    2.581610    2.942331    3.412332    3.764024    4.132749    0.674852    0.519027    0.457684    0.395308    0.331880    0.266091    0.204762    0.166223    0.112995    0.050904    
