10    -6.590254    7.036222    0.265996
1.348629  1.991068  1.393069  -0.686884  -0.095791  -0.756370  0.561199  0.751012  -1.191746  -1.487929  -0.625148  0.282211  -1.079033  -0.515311  0.327559  0.879111  0.555377  0.181936  0.944846  -1.306168  0.341810  -1.393622  -0.032307  0.388868  0.028718  0.022139  -0.033604  -0.468688  3.177931  -0.641396  -1.818455  -0.212221  -0.738502  -0.033063  -0.072000  0.364808  0.262663  0.060916  -0.068572  1.609437  -0.292238  -1.553056  -2.575580  0.397995  1.665683  
-0.300000  1.000000  1.000000  1.000000  1.000000  1.000000  1.000000  1.000000  1.000000  1.000000  
 1    -0.995717    0.000006      0.589436   3003.000000      1.009260
 2    -1.219454    0.000319      0.605856   5735.000000      2.305457
 3    -1.382876    0.000227      0.617848   9286.000000      4.393550
 4    -1.415908    0.000113      0.620273   13135.000000      7.239630
 5    -1.577337    0.000118      0.632119   18720.000000     12.179478
 6    -1.519150    0.000274      0.627849   23832.000000     17.534744
 7    -1.603039    0.000577      0.634005   31812.000000     25.908268
 8    -1.795659    0.003305      0.648141   40187.000000     40.700407
 9    -1.791151    0.000732      0.647810   51220.000000     57.894818
10    -1.960367    0.000049      0.660229   60267.000000     74.195930
0.484828    0.569944    
0.510350    0.665830    0.525273    0.235339    
0.557615    0.797209    0.519508    0.543522    0.227194    0.209786    
0.552749    0.809528    0.500676    5.519140    0.531024    0.233084    0.196221    0.082964    
0.343065    0.416153    4.478655    5.326911    4.628895    0.706527    0.327755    0.094744    0.133551    1.398670    
0.557963    0.793392    0.599133    2.184814    1.797738    3.979669    0.510294    0.182314    0.195103    0.104013    1.532424    0.137573    
0.544975    0.774019    0.519430    2.631466    4.758485    3.962982    3.807051    0.538961    0.250504    0.259798    0.121880    1.537507    0.188305    1.444576    
0.301159    0.444457    4.584219    1.194398    2.657774    2.530747    4.930589    6.141278    0.827207    0.422327    0.042814    1.459034    1.383833    1.516727    0.178843    1.387375    
0.482394    0.659190    0.642395    5.762252    6.106120    2.067274    0.586383    6.170282    6.225878    0.534860    0.214784    0.169105    0.063096    0.060995    0.087092    0.123408    1.330088    0.096007    
0.312121    0.432333    4.433816    3.896405    4.848142    2.722492    4.028956    4.464817    2.809474    5.404724    0.816878    0.412038    0.124852    1.461978    0.098385    0.229036    0.072951    1.453033    0.080431    1.432923    
