10    -5.394183    4.021164    0.082276
-1.945109  0.620710  -0.432221  0.462573  0.020115  -0.392806  2.213288  1.454509  -1.097804  0.429880  0.343355  0.253077  0.832716  0.277569  -0.227005  0.024562  -1.309637  -0.479140  0.549007  -0.083391  0.370486  0.223746  -0.543539  -0.007769  -0.247837  -2.646761  -1.998196  -0.599280  -0.526701  -1.153541  0.319954  -0.002845  0.365779  0.084837  -0.581482  -2.112574  -0.502397  -0.045889  0.122986  0.230863  0.509666  -0.943317  -0.383884  -0.269842  0.010269  
0.323321  0.199820  -0.177812  0.234182  0.737465  0.230808  0.260655  -0.139535  -0.163755  0.352531  
 1    -2.716208    0.189753      0.715573   3372.000000      0.933465
 2    -4.043933    0.509470      0.856591   7185.000000      2.594809
 3    -4.730019    0.676010      0.929459   11902.000000      5.015529
 4    -5.153564    0.826486      0.974444   19945.000000     10.275982
 5    -5.267181    0.924724      0.986511   31881.000000     19.407377
 6    -5.322666    0.949962      0.992404   45099.000000     33.192116
 7    -5.355156    0.972887      0.995855   70174.000000     62.816944
 8    -5.380149    0.991305      0.998509   104401.000000    109.040153
 9    -5.389191    0.997581      0.999470   154022.000000    189.561568
10    -5.391920    0.998748      0.999760   193634.000000    267.743272
5.259643    0.657370    
2.895815    3.841768    0.622907    0.429143    
2.552971    2.736248    3.780647    0.625600    0.493844    0.294270    
2.273117    2.722137    2.402290    3.730203    0.652995    0.507064    0.363420    0.270630    
2.022969    2.401110    2.185212    2.435737    2.962398    0.627161    0.463140    0.390714    0.243471    0.201726    
1.428724    2.375260    2.267906    2.257148    2.477133    3.071224    0.636983    0.504943    0.418142    0.332977    0.237464    0.145217    
1.415715    2.259345    2.237169    2.251001    2.488211    2.630893    3.806479    0.617857    0.497316    0.426958    0.335628    0.270736    0.182851    0.079083    
1.248313    2.233400    2.143227    2.156759    2.279842    2.637359    2.537802    3.842508    0.653358    0.493431    0.425093    0.366343    0.284786    0.233176    0.125560    0.077378    
1.208823    2.047886    1.975206    1.996723    2.082922    2.318050    2.381302    2.686864    3.177233    0.640928    0.465634    0.407876    0.357117    0.303837    0.229388    0.192102    0.086449    0.069475    
1.108420    1.822867    1.835205    1.854963    1.901203    2.002355    2.231886    2.376688    2.889699    2.851140    0.617911    0.441719    0.396969    0.348113    0.305980    0.246855    0.208383    0.157015    0.078617    0.052770    
