10    -6.815994    4.084124    1.258029
1.319751  -0.169291  -0.060430  0.880154  0.440474  0.282055  -1.219574  -0.679306  -0.367388  -0.797539  0.622276  -0.818255  -0.316651  -2.039845  0.708758  -0.138086  0.106757  -0.657646  0.217738  -0.925505  -0.420240  -0.215826  0.618240  -1.075169  -1.079639  -0.515391  0.871164  -0.995943  0.940282  -0.051731  -1.061947  -1.776930  -0.799917  0.075276  -0.179210  -1.648911  -0.646944  0.782561  -0.317670  -0.425008  2.022945  0.818040  0.389085  1.127943  -1.192770  
-0.300000  1.000000  1.000000  1.000000  1.000000  1.000000  1.000000  1.000000  1.000000  1.000000  
 1    -1.606938    0.029696      0.522110   3969.000000      1.194413
 2    -2.254335    0.010173      0.581504   6508.000000      2.430915
 3    -2.733538    0.002449      0.625467   10535.000000      4.590246
 4    -2.763147    0.002441      0.628183   15021.000000      7.733282
 5    -2.848502    0.000373      0.636014   18907.000000     11.240078
 6    -2.866105    0.000764      0.637629   26302.000000     18.773196
 7    -2.956493    0.000667      0.645921   31701.000000     26.422734
 8    -2.958597    0.005046      0.646114   42298.000000     41.380595
 9    -3.155185    0.017757      0.664150   55021.000000     62.958773
10    -3.215534    0.014593      0.669686   64855.000000     82.960713
0.459945    0.559977    
0.316938    0.437379    0.867838    0.460257    
0.282799    0.273554    0.332463    0.747064    0.551073    0.336429    
0.263014    0.262941    0.318579    1.092661    0.721909    0.565971    0.387658    0.084681    
0.202886    0.280975    0.261592    0.302530    1.221469    0.713116    0.609153    0.443678    0.269477    0.040211    
0.203942    0.286480    0.255293    0.299112    2.507797    5.850407    0.727438    0.607693    0.442908    0.290276    1.519698    1.501932    
0.255325    0.287603    0.332868    4.172231    6.283185    4.563019    4.547875    0.736705    0.607307    0.462908    0.141012    0.077558    1.424690    0.116621    
0.266779    0.276701    0.319389    5.328293    3.215888    3.960955    3.932003    0.133224    0.734474    0.570833    0.467467    1.458436    1.436978    1.520876    0.165824    1.309831    
0.241714    0.269045    0.316627    1.102220    1.711233    3.804947    1.967873    5.186362    2.944119    0.702552    0.600346    0.463746    0.139793    1.421381    0.120796    1.460709    0.128689    1.398586    
0.251662    0.306853    0.320793    4.164598    6.283185    6.245424    4.484910    3.229313    2.941301    2.479949    0.759779    0.624168    0.474369    0.185651    0.030549    1.503308    0.054939    0.147363    1.416415    1.491157    
