10    -4.856680    5.165599    0.593068
-1.121427  0.552710  -0.128515  -0.098978  0.525132  0.641744  1.041625  -0.042823  1.512432  -1.412685  -0.643521  0.264371  -1.049341  1.305647  0.713874  1.167148  0.704935  -0.414135  0.073798  1.057499  0.449541  0.053513  -0.031501  0.826730  0.584970  -0.994272  0.246403  0.018999  -0.868504  -0.660261  1.376680  0.324936  -0.561555  1.042115  0.370079  -1.074197  0.622274  -0.945610  1.262395  -0.076625  -0.077631  0.329898  -0.770322  0.515408  -0.316707  
-0.300000  1.000000  1.000000  1.000000  1.000000  1.000000  1.000000  1.000000  1.000000  1.000000  
 1    -0.207126    0.003767      0.536078   3111.000000      0.969822
 2    -0.611834    0.015318      0.576459   6620.000000      2.711476
 3    -0.716927    0.012400      0.586945   9831.000000      4.633510
 4    -0.731949    0.012293      0.588444   14817.000000      7.911020
 5    -0.725545    0.017902      0.587805   19848.000000     12.072678
 6    -0.810686    0.015567      0.596300   27672.000000     20.437385
 7    -0.792681    0.020151      0.594503   36591.000000     32.043370
 8    -0.831282    0.019297      0.598355   47026.000000     48.523657
 9    -0.896148    0.014316      0.604827   60253.000000     70.323142
10    -0.920571    0.032080      0.607264   75056.000000    102.146108
1.280900    0.796024    
1.111457    1.252214    0.827504    1.039527    
1.117554    1.148282    1.129835    0.807248    1.169438    1.315273    
1.119697    1.135422    1.157896    3.143334    0.809061    1.176463    1.295626    0.078951    
1.104624    1.262373    5.515803    3.237420    0.616320    0.832011    1.051132    1.408926    0.090603    1.448308    
1.137500    1.147576    1.132296    3.147829    6.170116    0.388187    0.810075    1.189887    1.307212    0.114429    1.368994    0.203646    
1.126034    1.132833    1.204529    0.912960    2.261508    3.377811    2.449947    0.804601    1.170262    1.286523    1.499287    0.104718    1.504060    1.456500    
1.136156    1.105536    1.204216    3.064703    5.938387    2.741052    4.152906    4.598695    0.812041    1.195654    1.259110    0.102666    1.435567    0.085873    1.410414    1.474977    
1.079750    1.228354    5.195351    4.241085    4.640739    4.865484    5.032583    0.209545    0.711505    0.828998    1.109500    1.449933    1.535466    0.072792    1.494383    0.472209    1.005006    0.159649    
1.098262    1.247514    5.359510    4.197811    1.727127    0.336803    4.125295    6.232411    1.653527    5.878722    0.830313    1.113760    1.425135    1.484511    0.293151    1.293558    1.494766    0.055725    0.099768    1.430818    
