10    -4.989243    5.095437    0.380031
0.222694  0.208597  0.246924  0.946107  -0.909334  0.788368  -0.080894  1.422173  0.389988  0.123607  -1.079835  -0.395403  -0.699981  0.098276  0.313446  -0.796713  -0.589850  0.162628  -1.607047  -0.144173  0.291914  0.891598  0.976966  0.342951  -0.024824  0.176076  1.167915  2.243864  0.088625  0.392199  -1.642576  -0.350080  0.797930  -0.704644  1.104562  0.065223  -0.348273  -0.004393  -0.521782  -1.578039  1.046706  1.238654  0.223072  -0.451492  1.205438  
-0.300000  1.000000  1.000000  1.000000  1.000000  1.000000  1.000000  1.000000  1.000000  1.000000  
 1    -0.292252    0.002004      0.534245   3039.000000      1.034050
 2    -0.455960    0.001117      0.550478   6545.000000      2.858118
 3    -0.642464    0.007147      0.568972   11046.000000      5.856558
 4    -0.820622    0.004405      0.586638   14762.000000      8.211997
 5    -0.875375    0.007190      0.592068   19626.000000     12.171715
 6    -0.894201    0.006469      0.593934   25995.000000     18.307827
 7    -0.839453    0.001898      0.588506   34511.000000     28.475250
 8    -0.954151    0.007116      0.599879   45975.000000     45.298637
 9    -1.061851    0.011859      0.610559   57268.000000     65.973853
10    -0.984578    0.011552      0.602896   71291.000000     92.269403
1.102020    0.679534    
1.032529    1.078046    0.603493    0.370213    
0.730277    1.160042    2.759118    0.584761    0.237721    0.393809    
0.680038    0.619288    1.627183    4.796053    0.728126    0.264239    0.368805    1.462857    
1.030581    0.173992    1.117071    3.924015    5.090700    0.594709    0.261697    1.132909    1.452809    0.152365    
1.058745    0.200423    1.102660    3.976736    3.179474    1.907804    0.620888    0.253614    1.135015    1.463408    0.078749    0.135848    
0.804618    1.215788    0.949448    2.760625    5.307010    5.728834    5.129698    0.779994    1.127720    1.496504    1.379980    0.151946    0.090903    0.094886    
0.871482    1.116439    0.280338    2.605707    5.918770    5.550316    4.767216    4.739926    0.783867    0.725504    0.253429    1.331643    0.071040    0.132461    0.079216    1.474031    
1.010241    0.157160    1.071942    0.160761    3.740577    4.965215    1.428380    6.060888    3.727967    0.472858    0.387951    0.760018    0.405933    1.401700    0.101172    0.080492    1.566534    0.094324    
1.049659    0.951233    0.356023    2.129383    4.736937    5.823013    1.225714    2.371089    4.988253    5.934705    0.620135    0.284324    0.339346    0.193364    1.411232    1.364570    0.130210    0.111077    1.528772    0.143511    
