10    -5.534127    7.016844    0.241916
0.659883  0.275174  0.023310  -0.031400  -0.488760  1.769949  -1.057899  0.536744  0.252211  -0.359362  -1.231819  -1.621168  -1.835555  -0.398626  -1.042137  -1.006256  -0.611754  -0.682057  2.505280  1.717893  -0.361545  -1.074668  0.387961  -0.375003  1.636920  -0.270384  0.058092  1.352443  0.595227  1.041111  0.006024  0.096811  -0.832191  1.264057  1.087144  -0.365222  1.420302  0.617955  -0.317386  0.056075  1.400002  -0.646981  -0.857771  1.481337  1.492370  
0.306913  -0.222079  -0.268552  -0.262931  0.248847  -0.213977  -0.204626  0.187078  0.768750  -0.177343  
 1    -2.812514    0.243914      0.783155   2880.000000      0.802535
 2    -4.006001    0.598498      0.878246   6997.000000      2.585660
 3    -4.730694    0.779745      0.935986   12059.000000      5.194489
 4    -5.231496    0.903859      0.975888   18291.000000      9.196514
 5    -5.403380    0.961088      0.989583   28801.000000     17.491921
 6    -5.483421    0.984989      0.995960   40293.000000     28.641859
 7    -5.510307    0.992358      0.998102   60648.000000     53.002632
 8    -5.522450    0.996809      0.999070   86718.000000     88.402687
 9    -5.529875    0.998837      0.999661   112702.000000    127.352433
10    -5.532125    0.999399      0.999840   178158.000000    248.399949
5.357511    0.592393    
3.003880    3.734914    0.587331    0.396262    
2.604562    3.026483    3.581281    0.675441    0.472696    0.307583    
2.204098    2.986776    2.858713    3.447628    0.683830    0.568345    0.370283    0.261409    
1.922044    2.642109    2.420202    2.773245    2.925105    0.650678    0.519363    0.422992    0.277995    0.183970    
1.483629    2.545094    2.410630    2.402414    2.684271    3.020360    0.660885    0.535522    0.450608    0.363857    0.246837    0.146946    
1.327095    2.302638    2.233420    2.269066    2.376827    2.798331    2.878067    0.653706    0.512386    0.446719    0.385721    0.312503    0.203762    0.099332    
1.271154    2.250289    2.220899    2.260399    2.363720    2.650898    2.858345    3.357331    0.650257    0.508696    0.454948    0.396068    0.328161    0.255883    0.141628    0.059109    
1.185658    2.093561    2.064347    2.070169    2.140780    2.312527    2.441303    2.783753    3.227445    0.641405    0.488473    0.432887    0.383606    0.336258    0.263784    0.211423    0.112215    0.058368    
1.048725    1.855459    1.925243    1.955128    1.975754    2.040293    2.210695    2.403077    2.855159    3.037552    0.623665    0.466574    0.424936    0.377656    0.337004    0.278960    0.232878    0.181022    0.094992    0.047609    
