10    -7.602327    5.629047    0.515570
0.286737  -1.614226  -2.273977  -0.592228  0.483037  0.143706  -2.061878  -0.378867  -1.044350  -0.467956  -1.944020  -0.360842  -0.845624  -0.393506  -0.128412  1.699103  -0.205102  -1.353236  0.078569  -0.912648  0.287707  0.720950  2.542370  1.214664  -0.456812  -0.948636  -0.651693  1.089899  0.792231  -0.326891  -0.526344  -0.326621  -2.338225  -1.775788  0.054964  2.505928  1.392925  -0.322259  0.174289  -0.189117  -0.312944  -0.256387  -0.951540  -1.782891  0.251961  
-0.300000  1.000000  1.000000  1.000000  1.000000  1.000000  1.000000  1.000000  1.000000  1.000000  
 1    -0.902221    0.009120      0.493620   2514.000000      0.787946
 2    -1.642578    0.004288      0.549574   5789.000000      2.406574
 3    -1.367816    0.001169      0.528808   9006.000000      4.289515
 4    -1.828596    0.003184      0.563633   13280.000000      7.092484
 5    -2.169969    0.002959      0.589434   19017.000000     12.134351
 6    -2.050424    0.001660      0.580399   25422.000000     18.157015
 7    -1.831497    0.001571      0.563853   32092.000000     27.381707
 8    -2.707685    0.000363      0.630073   42067.000000     41.452198
 9    -2.389412    0.000053      0.606019   51466.000000     59.353152
10    -2.493118    0.005309      0.613857   65235.000000     85.823558
0.967171    0.870661    
0.848340    0.447411    0.281577    0.952619    
0.896987    1.077785    3.109318    0.961562    1.244640    1.444262    
0.387833    0.835148    4.967288    0.960016    0.746256    1.262907    0.210245    1.382155    
0.349509    0.808360    0.308078    6.167947    4.896116    0.948203    0.349231    0.987353    1.418275    0.192404    
0.487719    2.096283    0.407842    0.365268    5.085778    2.949038    0.633877    0.327368    0.418817    0.244742    0.093382    0.101015    
0.760752    0.916413    0.642401    2.338781    2.798153    5.623953    4.023054    0.813539    1.463775    1.348779    1.421874    1.394248    0.176136    1.446358    
0.297153    0.482402    1.146192    0.960127    3.713009    6.084706    2.799555    6.266015    0.853358    0.378015    1.295146    0.233213    0.140446    0.164220    0.166615    0.143918    
0.397574    0.817772    0.492379    2.312467    2.873940    5.655484    3.898081    3.512479    4.050031    0.565702    1.329310    1.334097    1.473911    1.455032    0.118863    1.466676    1.457224    0.097032    
0.429576    0.846442    0.150732    3.458955    1.986610    5.478337    1.556645    4.653420    3.003506    1.672618    0.595044    0.846728    0.587534    1.438249    1.519475    0.102979    1.452137    0.114363    0.148802    1.500407    
