10    -6.198353    5.504148    0.460879
0.955418  0.440712  -0.478419  -0.682530  -0.793871  0.427983  -0.773764  2.050114  -0.211533  1.453954  -0.061595  1.474451  0.824645  0.581223  -1.225692  -2.162298  -0.516786  2.092389  0.053569  -0.047480  -1.708678  -0.500262  0.711233  1.329977  0.011977  -0.672960  -0.318454  -0.998683  -0.053772  -0.592295  0.142000  -0.639746  0.914216  0.910784  -0.128097  -1.150461  1.546654  -1.746708  -1.072730  -0.319699  0.642645  -1.279342  -0.803169  -0.694490  -0.535920  
-0.120653  0.289691  -0.243049  0.208815  -0.201667  -0.909331  -0.208351  0.221111  0.254420  0.185905  
 1    -3.256847    0.200657      0.748643   3384.000000      0.949557
 2    -4.661141    0.458148      0.868642   6841.000000      2.486334
 3    -5.336320    0.577438      0.926338   12229.000000      5.221766
 4    -5.835902    0.736471      0.969028   19465.000000      9.766550
 5    -5.957449    0.836860      0.979414   27213.000000     15.733223
 6    -5.885672    0.830816      0.973281   38019.000000     26.264174
 7    -6.065185    0.947212      0.988621   62365.000000     56.701601
 8    -6.069952    0.940343      0.989028   92703.000000    102.170718
 9    -6.085804    0.941319      0.990382   130958.000000    161.569939
10    -6.064180    0.937279      0.988535   244930.000000    374.622298
5.150507    0.681834    
2.511756    3.563201    0.561588    0.459708    
2.221451    2.435222    3.597960    0.577977    0.482856    0.293591    
2.040309    2.374483    2.022378    3.803535    0.617242    0.481056    0.356010    0.293804    
1.800100    2.119362    1.942847    2.157117    2.872957    0.601610    0.444836    0.382599    0.217017    0.232552    
1.982889    2.337622    1.978319    4.502564    5.427202    3.665124    0.597424    0.471329    0.403712    0.306393    0.058058    0.081166    
1.940141    2.205732    1.960342    2.422257    2.187739    4.998082    5.500411    0.609582    0.464100    0.375620    0.210509    0.295195    0.184330    0.078725    
1.932042    2.188765    1.947503    2.353342    2.234729    5.050322    5.406729    6.283185    0.610576    0.459639    0.376397    0.211658    0.289243    0.179026    0.055392    1.536362    
1.773631    2.063081    1.935027    2.222641    2.213980    4.892885    5.231132    3.708342    5.130090    0.605443    0.462343    0.387180    0.259497    0.314409    0.181012    0.078592    0.015773    1.516002    
1.035131    2.314717    2.388168    2.109266    4.433983    4.297235    1.094132    4.731187    3.616911    6.283185    0.674940    0.541489    0.430858    0.412480    0.400153    1.069701    0.542286    0.063423    1.550719    1.495817    
