10    -4.457973    5.189128    0.185954
1.197643  -0.714573  -0.331470  0.595437  0.338292  0.659938  -0.500032  0.115505  -0.342145  -0.596453  -0.067084  1.545699  -0.413591  0.960188  -0.016378  0.482895  -0.638031  0.569905  -2.400921  0.158575  0.180194  -0.618764  0.041434  1.062451  0.299904  0.768707  0.849697  -0.345409  1.072250  -0.226294  -0.705384  -1.052540  0.599254  0.049440  0.887364  1.871586  -0.882463  0.029645  0.117220  -0.350653  0.707747  0.302475  0.694216  -0.851537  -0.341028  
-0.300000  1.000000  1.000000  1.000000  1.000000  1.000000  1.000000  1.000000  1.000000  1.000000  
 1    -0.107547    0.000100      0.549043   2565.000000      0.794889
 2    -0.258000    0.001294      0.564639   5995.000000      2.584679
 3    -0.351127    0.000743      0.574292   9616.000000      4.575758
 4    -0.432938    0.005043      0.582773   13959.000000      7.526586
 5    -0.448756    0.001941      0.584412   19980.000000     12.987296
 6    -0.474726    0.001690      0.587104   26049.000000     18.642597
 7    -0.511422    0.001613      0.590908   33891.000000     28.990449
 8    -0.580264    0.017762      0.598044   42398.000000     40.337151
 9    -0.639789    0.002430      0.604214   52610.000000     57.017324
10    -0.645739    0.007068      0.604831   63769.000000     78.216135
3.875156    0.449508    
4.252331    5.638783    0.941918    0.528606    
4.206319    5.592855    1.514199    0.923777    0.621443    0.315031    
4.435010    5.741659    5.147838    2.085951    1.072808    0.393179    0.233302    1.228330    
4.167935    5.716322    1.439904    5.924190    0.430308    0.972551    0.527907    0.403144    0.439452    1.110346    
4.189426    5.654062    1.579996    5.335410    5.509859    1.335891    1.042487    0.567137    0.342317    0.196920    1.367969    1.357097    
4.150802    3.233961    4.164235    5.186499    2.848400    0.776298    4.469250    0.236850    1.169891    1.443765    1.150388    1.246412    0.366798    0.122601    
4.394456    5.771900    2.193728    3.027742    2.125963    5.934856    2.153290    6.283185    0.938744    0.440490    1.505462    0.235677    1.223076    1.406802    1.537874    1.353085    
4.099119    3.941156    1.645246    4.717996    1.532883    3.266477    5.253085    3.146332    3.767070    0.574652    0.513937    1.309540    1.426870    1.454265    0.685401    0.377798    1.362103    0.253510    
4.185629    5.634226    1.623262    5.011922    5.587746    1.095459    1.571710    4.879524    2.094466    3.828743    0.982552    0.470778    0.264340    0.105011    1.382228    1.443353    1.447648    1.280813    0.239149    1.332056    
