10    -5.074299    4.633552    0.441493
-0.894779  0.121654  -0.763285  -0.481901  1.059032  0.356689  -0.392180  1.515508  -0.183340  -0.140353  -1.015118  -1.061475  -0.607602  1.142866  0.181214  0.037874  0.814313  -0.188506  0.959805  -0.357926  -1.180893  -0.575264  -0.207069  -0.544600  1.494800  -0.153919  -1.374320  0.848533  0.426362  0.235991  0.583620  0.009888  0.773765  -0.970134  0.187788  -0.565258  -1.174475  0.982607  -0.310552  0.148691  0.150205  0.729971  1.808813  1.031144  -0.973067  
0.329376  0.275299  0.256843  0.298179  -0.292763  0.291921  0.255922  0.297334  -0.302404  -0.281852  
 1    -2.689338    0.355673      0.754327   3249.000000      0.899188
 2    -3.881139    0.687400      0.877093   6772.000000      2.437856
 3    -4.779634    0.920840      0.969647   12708.000000      5.415489
 4    -5.007357    0.976855      0.993104   19659.000000     10.207997
 5    -5.051898    0.990784      0.997693   31882.000000     19.894773
 6    -5.064006    0.995773      0.998940   55779.000000     44.586759
 7    -5.070882    0.999092      0.999648   79382.000000     74.174870
 8    -5.073600    0.999769      0.999928   131719.000000    151.272729
 9    -5.073620    0.999769      0.999930   193207.000000    245.985158
10    -5.073569    0.999757      0.999925   213066.000000    290.781986
5.061817    0.565002    
3.571174    4.653927    0.834826    0.447418    
3.313280    3.309837    3.804411    0.783690    0.586256    0.342951    
2.158371    3.169957    3.082299    3.476612    0.705981    0.642560    0.479204    0.260316    
1.559066    2.917900    2.661167    2.962656    3.304808    0.722883    0.596784    0.534686    0.415000    0.202001    
1.423910    2.629188    2.526578    2.658882    2.780447    3.234280    0.708707    0.569150    0.528448    0.432668    0.306687    0.119826    
1.363752    2.505905    2.391055    2.410609    2.511081    2.792946    3.684104    0.701105    0.549310    0.504735    0.418308    0.335880    0.224511    0.082362    
1.271786    2.277352    2.117787    2.008983    2.086860    2.240452    2.666646    3.593822    0.685615    0.513426    0.450180    0.388292    0.331593    0.275028    0.193281    0.080562    
1.251498    2.240758    2.106764    2.010787    2.062662    2.220903    2.678204    3.512235    5.825702    0.681866    0.510559    0.450874    0.389743    0.330193    0.279143    0.196415    0.076211    1.565851    
1.229423    2.242402    2.108834    2.042406    2.101581    2.272012    2.862512    5.137689    3.101017    4.629035    0.684052    0.514988    0.453980    0.398189    0.337000    0.276339    0.177690    1.570796    1.494532    1.544951    
