10    -5.539107    5.669785    0.005716
1.106323  0.363394  -0.936566  0.047962  0.263298  -0.084500  -0.391316  0.255723  0.376680  -0.973780  0.143114  -1.327974  2.457710  1.226160  -0.086657  -0.573588  -0.182010  -2.922650  1.607104  -0.050218  -0.684451  0.899178  -1.532244  0.367452  -1.576856  -0.121400  -0.714569  -1.170924  -0.583232  0.267610  1.852324  1.060063  -0.838641  -0.070460  -0.661715  -1.365817  -0.081495  -0.163926  0.908927  0.961960  -0.483184  -1.761778  -0.674152  0.411467  0.044028  
0.096982  -0.608042  -0.383884  -0.462402  -0.518729  0.509346  0.481137  -0.470843  -0.403201  0.441288  
 1    -2.964254    0.147251      0.770285   4857.000000      1.365455
 2    -4.417255    0.241992      0.899914   7742.000000      2.769709
 3    -5.252708    0.285930      0.974449   11732.000000      4.843002
 4    -5.324603    0.383226      0.980863   17151.000000      8.416475
 5    -5.363682    0.396494      0.984349   24921.000000     14.579039
 6    -5.372717    0.504693      0.985156   34725.000000     24.420161
 7    -5.374229    0.423799      0.985290   47068.000000     40.048301
 8    -5.369214    0.435028      0.984843   76137.000000     83.286332
 9    -5.385244    0.604324      0.986273   95553.000000    116.581885
10    -5.389039    0.769058      0.986612   127055.000000    174.399318
1.899419    0.567120    
1.415117    1.793456    0.830077    0.440982    
1.276462    1.211464    1.412980    0.745691    0.538188    0.319181    
1.133498    1.134288    1.323382    3.083440    0.705250    0.555261    0.389286    1.464013    
1.084468    1.136029    1.323939    3.127243    3.652465    0.695022    0.568848    0.402116    1.403333    0.065473    
1.078385    1.136809    1.334286    3.141113    5.512756    3.661514    0.693899    0.572400    0.409001    1.408198    1.476540    0.050571    
1.060135    1.140952    1.325147    3.073069    3.561057    5.231569    5.056793    0.691820    0.574723    0.410376    1.381674    0.098262    0.040894    0.014115    
1.075274    1.137235    1.331501    3.132775    5.493260    5.480047    5.517408    5.390904    0.693282    0.573363    0.408942    1.406279    1.486818    1.520264    1.546949    1.555957    
1.057173    1.145549    1.332315    3.096724    3.606752    5.394083    5.495160    3.643618    1.758245    0.691974    0.576335    0.412031    1.373034    0.124186    0.080274    0.081563    1.453973    1.503472    
1.078523    1.134106    1.341184    3.171090    5.495211    3.661729    5.415715    3.536331    1.715908    5.150949    0.693366    0.570425    0.411330    1.403922    1.442212    0.115532    0.101003    1.425533    1.473888    1.552619    
