10    -5.797793    5.830218    0.070414
0.441145  -0.576500  -1.269955  -2.450535  1.899251  -0.074970  -0.255748  -0.274553  -0.856710  0.858997  0.574482  0.136117  -0.110739  0.963468  0.789986  -0.354507  0.655454  -1.442845  0.516226  1.165711  -0.683643  -0.198090  0.540971  0.441133  0.138034  -0.057272  -1.105156  0.767905  0.516581  -0.796075  -0.164653  -1.025493  -0.558958  1.935090  1.185729  0.401918  0.448543  -0.146055  1.102712  0.101675  -0.006842  1.715351  -1.090988  -0.179423  -0.775085  
-0.300000  1.000000  1.000000  1.000000  1.000000  1.000000  1.000000  1.000000  1.000000  1.000000  
 1    -0.111887    0.000340      0.511016   2784.000000      0.882146
 2    -0.548067    0.000539      0.548528   5762.000000      2.470497
 3    -0.624283    0.000205      0.555082   9291.000000      4.475126
 4    -0.475027    0.004119      0.542246   14025.000000      7.591609
 5    -0.546421    0.002525      0.548386   18729.000000     12.249323
 6    -0.584392    0.000261      0.551652   26481.000000     20.866718
 7    -0.784736    0.005387      0.568881   32558.000000     27.997524
 8    -0.662917    0.005507      0.558405   40722.000000     38.319639
 9    -0.799257    0.000068      0.570130   52451.000000     58.074619
10    -0.829890    0.007691      0.572764   62664.000000     77.591665
5.419505    0.739061    
1.543502    0.209741    0.709438    0.826799    
1.455740    0.297779    0.348909    0.389037    0.898649    0.267054    
5.767082    3.599516    2.312092    5.913186    1.075523    0.601928    1.187056    1.354278    
5.606996    3.702018    4.813543    3.106077    5.129505    1.286232    0.903894    1.557532    1.266042    1.130094    
5.584165    3.731108    4.702606    3.230067    5.106692    0.985904    1.236170    0.926684    1.494965    1.293515    1.161430    1.374944    
1.527711    0.187174    3.005788    5.227140    4.557259    6.283185    2.586389    0.753750    0.798766    1.441636    1.515338    0.181240    1.427134    0.105371    
5.658824    3.646249    4.804445    3.096194    5.175200    5.181704    2.210054    2.973241    1.285424    0.903911    1.570796    1.277030    1.153923    1.446960    0.120584    1.372976    
1.480182    0.219030    2.963191    0.445183    0.278743    2.077591    1.774729    5.446077    4.905770    0.729850    0.777473    1.281891    0.411295    1.316368    1.570796    1.465701    0.181771    1.441831    
5.835966    3.610534    2.217586    6.283185    4.770416    1.483322    6.015380    5.361069    1.909951    5.615902    1.088031    0.559565    1.108170    1.409853    1.454211    1.359694    1.321991    1.360465    1.447762    1.418219    
