10    -5.219563    5.377778    0.284646
-1.105140  -1.607770  -1.264305  -0.061869  -0.944557  -1.679209  -0.822992  -0.049193  -0.700455  0.428230  -1.542561  0.340174  1.443574  -0.181025  0.498420  0.636785  -0.874873  -0.610991  0.944186  0.764858  0.946040  -0.456936  -0.665911  -1.666717  -0.734193  0.241131  1.866028  0.123527  -1.140208  1.479094  -0.270763  -0.309019  0.036444  0.677593  -0.573055  0.205904  -0.932619  -2.017504  -0.595203  -1.075644  2.010019  -0.016801  -0.599771  -1.084022  -0.696752  
-0.231549  -0.113898  -0.185807  -0.160544  0.084674  -0.150070  0.118375  -0.799962  -0.116511  -0.130457  
 1    -2.242339    0.145468      0.719059   3336.000000      0.888983
 2    -3.988490    0.508739      0.883832   6610.000000      2.397620
 3    -4.464970    0.696171      0.928794   11918.000000      5.048171
 4    -4.808804    0.787529      0.961239   19101.000000      9.660595
 5    -5.029699    0.889541      0.982084   28148.000000     16.907562
 6    -5.129038    0.929867      0.991458   46200.000000     33.562607
 7    -5.174225    0.954756      0.995722   65311.000000     58.444099
 8    -5.192323    0.971331      0.997430   103697.000000    110.406628
 9    -5.208252    0.990756      0.998933   133748.000000    155.742038
10    -5.214883    0.995705      0.999558   186879.000000    249.346598
6.283185    0.619006    
5.053888    6.132412    0.436674    0.447100    
4.000406    5.172314    4.709404    0.483327    0.360413    0.257887    
3.690085    4.835253    4.335642    6.283185    0.609074    0.476054    0.273566    0.268292    
3.396472    4.349823    4.057430    4.949552    4.693012    0.598654    0.457050    0.358218    0.196737    0.205570    
2.551639    4.161805    4.038134    4.206864    4.685474    4.834352    0.600764    0.473119    0.393455    0.303979    0.184790    0.159715    
2.306245    3.898225    3.806165    4.005250    4.083776    4.892365    4.648014    0.616762    0.462903    0.393841    0.332375    0.264610    0.155992    0.116589    
2.199590    3.680811    3.628232    3.764384    3.932803    4.273392    4.721162    4.791978    0.600675    0.450508    0.392895    0.326366    0.281131    0.213568    0.118859    0.078723    
2.121819    3.688223    3.641298    3.704759    3.786103    4.267952    4.373548    4.614805    5.597279    0.611443    0.450190    0.389837    0.334698    0.286820    0.213121    0.195864    0.062408    0.077624    
1.982255    3.349540    3.395913    3.486939    3.581566    3.808563    4.226239    4.227616    5.387831    4.766785    0.599182    0.428850    0.380234    0.329960    0.298434    0.231312    0.198290    0.157729    0.056363    0.067872    
