10    -4.159944    6.743091    0.050795
1.388700  1.788755  0.578529  -1.270554  -1.258753  -0.139977  -0.346450  -1.133400  0.839501  -1.195614  -0.891264  0.056036  -0.382613  -1.776864  -0.436097  0.527447  -0.499284  0.978743  -0.462637  -0.235565  0.134705  0.247562  -0.517419  -0.054777  0.724381  -0.410012  0.210369  -0.298181  -1.063472  0.189191  0.456209  -0.417063  1.802967  0.102135  0.327872  -2.098674  1.606367  -0.421692  0.959022  -1.376463  -0.601378  -0.557004  1.270642  0.601003  -1.169584  
-0.300000  1.000000  1.000000  1.000000  1.000000  1.000000  1.000000  1.000000  1.000000  1.000000  
 1    -0.886636    0.002600      0.699780   2949.000000      0.917380
 2    -1.231538    0.002294      0.731414   5807.000000      2.388430
 3    -1.485984    0.000411      0.754751   9064.000000      4.202292
 4    -1.298723    0.004468      0.737576   13510.000000      7.226526
 5    -1.554208    0.003057      0.761008   17865.000000     11.025322
 6    -1.679645    0.004305      0.772513   25731.000000     19.084780
 7    -1.741987    0.012092      0.778231   32067.000000     28.261082
 8    -2.204416    0.005674      0.820644   37898.000000     37.034119
 9    -2.336551    0.014352      0.832763   48568.000000     53.303531
10    -2.511594    0.007741      0.848817   60478.000000     77.467996
0.490516    0.541562    
0.333561    0.468793    0.883269    0.495460    
0.288182    0.274447    0.344570    0.751004    0.557421    0.348263    
0.338328    0.408568    2.531425    3.950665    0.858033    0.529662    1.492190    1.457642    
0.244387    0.269144    0.336764    1.205718    5.775984    0.711180    0.614019    0.473922    0.057372    0.138523    
0.254628    0.266849    0.340896    1.732290    5.282645    6.213249    0.709288    0.603020    0.464477    1.570796    0.196344    0.167234    
0.337908    0.397684    2.606329    4.370327    4.716808    4.955405    5.021207    0.861006    0.559072    1.525410    0.136543    0.008995    1.443021    0.170993    
0.318254    0.368019    1.249576    4.430600    5.475939    6.283185    5.772886    5.810875    0.813456    0.577342    0.102358    1.429016    1.477135    1.389790    0.171651    1.410444    
0.319219    0.392136    1.245505    5.552872    6.252046    5.397436    6.262004    5.397647    0.665521    0.836525    0.521058    0.171024    0.119593    0.120252    0.137921    0.167645    0.191298    0.128276    
0.313398    0.316908    0.453131    0.779181    1.108353    6.283185    2.752082    6.266066    6.221824    5.372173    0.787448    0.651189    0.278431    0.237143    1.421461    1.483977    0.038873    0.105078    0.165160    0.213473    
