10    -6.849463    7.139012    0.012890
2.630205  0.331635  -0.987540  1.196508  1.705176  0.144573  -0.224789  0.221373  2.062121  2.356455  2.345444  -0.973641  -0.211556  -0.499396  -1.075603  -1.606699  1.315930  1.240364  2.464476  -1.954646  1.271019  0.863438  0.072479  1.632104  -0.754646  0.547447  -0.965586  -1.436375  1.354380  -1.247308  -0.210762  -0.761023  -0.015116  0.345782  -0.982598  -1.408368  -1.197403  1.452509  0.497301  -0.253196  1.510801  0.809795  -2.199108  -0.496101  -1.183128  
0.615228  -0.545944  0.610438  -0.188683  -0.657678  -0.283727  -0.398291  -0.560189  -0.546079  -0.654708  
 1    -3.427212    0.242876      0.755352   5028.000000      1.433367
 2    -5.143704    0.526484      0.878060   8003.000000      2.898368
 3    -6.369296    0.748273      0.965674   11968.000000      5.050499
 4    -6.696021    0.831933      0.989031   17741.000000      8.742573
 5    -6.708248    0.843237      0.989905   23075.000000     12.827681
 6    -6.720844    0.852672      0.990805   33311.000000     23.902389
 7    -6.728105    0.856557      0.991324   44221.000000     36.022415
 8    -6.735257    0.877876      0.991836   60259.000000     58.616279
 9    -6.736431    0.882392      0.991920   85298.000000    101.180979
10    -6.748380    0.954868      0.992774   111144.000000    149.270112
1.416368    0.546254    
1.057146    1.433370    0.816756    0.441708    
0.934624    1.021646    1.168657    0.741497    0.571706    0.334593    
0.671919    0.959861    0.937811    1.055793    0.683529    0.596332    0.453541    0.239486    
0.677005    0.964730    0.935420    1.061154    5.465835    0.689269    0.595939    0.455618    0.251325    1.546798    
0.677533    0.970780    0.942261    1.070774    5.568542    2.860322    0.691896    0.599758    0.459754    0.258565    1.518465    0.034689    
0.663891    0.972627    0.936879    1.061366    5.521927    2.849557    5.516581    0.691727    0.601254    0.463306    0.266271    1.508181    0.051110    1.549837    
0.651363    0.972373    0.928620    1.051014    5.430960    2.865117    5.580403    4.159930    0.691320    0.600514    0.465445    0.272910    1.499986    0.061713    1.528961    1.546387    
0.650830    0.971809    0.927015    1.048607    5.394722    2.853021    5.610656    4.169958    5.544896    0.691551    0.599799    0.465526    0.273760    1.498046    0.062784    1.525930    1.540481    0.008298    
0.652505    0.972500    0.928948    1.050572    5.306860    2.686303    5.205298    2.643790    2.680227    5.594268    0.690761    0.600446    0.464697    0.270071    1.512645    0.041694    1.517882    0.078073    1.526507    0.007005    
