10    -6.039091    7.133466    0.172676
1.736738  1.897914  -2.106773  -0.148912  0.583062  -2.259233  0.137240  -0.701213  -0.620780  -0.479620  1.209739  -1.075184  0.806919  -0.290783  -0.220948  -0.169156  1.100834  0.082511  -0.004376  -1.722558  1.057556  -2.517913  -1.910640  1.306455  0.424398  -0.469168  -1.006073  -0.921923  0.626405  0.357177  -0.018719  0.221171  0.698604  0.834510  -1.665638  -2.901440  -0.048639  -0.045378  1.475334  -0.513693  -0.668443  -1.033327  2.505239  0.106624  0.363085  
0.106344  -0.799962  -0.111099  0.145940  0.100864  -0.033574  0.197937  -0.130088  0.043234  0.282231  
 1    -2.282091    0.000581      0.714786   3132.000000      0.868435
 2    -4.272831    0.000014      0.865914   6599.000000      2.383819
 3    -4.770681    0.000164      0.903708   12926.000000      5.577007
 4    -5.156501    0.000053      0.932998   19336.000000      9.687355
 5    -5.353648    0.000018      0.947964   31011.000000     18.968582
 6    -5.439927    0.000001      0.954514   47489.000000     36.035124
 7    -5.464894    0.000001      0.956410   70436.000000     63.675998
 8    -5.471311    0.000000      0.956897   117632.000000    129.071849
 9    -5.473835    0.000000      0.957088   184633.000000    237.362292
10    -5.489045    0.000001      0.958243   217080.000000    301.569504
6.283185    0.619553    
5.718253    6.283185    0.457845    0.417045    
4.064682    5.862496    5.554596    0.502007    0.372648    0.251129    
3.723566    5.540401    5.487726    6.283185    0.616853    0.469146    0.270753    0.239332    
3.290559    4.845036    4.804926    5.746194    5.588787    0.585213    0.455147    0.364744    0.213527    0.180970    
2.630983    4.696087    4.646366    4.892747    5.516047    5.731641    0.607775    0.463284    0.388320    0.309294    0.179067    0.141113    
2.367258    4.176092    4.263486    4.517985    4.750222    5.718845    5.381426    0.600679    0.441153    0.383943    0.327038    0.252241    0.152721    0.098082    
2.096987    3.785638    4.004101    4.201693    4.440357    4.893420    5.482631    5.330637    0.586129    0.431867    0.381829    0.327701    0.278213    0.199293    0.124776    0.064514    
1.822851    3.417551    3.784698    3.954408    4.150874    4.473896    4.879836    5.333647    5.571212    0.577275    0.425140    0.379409    0.333101    0.289124    0.226980    0.171263    0.096906    0.047190    
2.162913    3.981908    4.143827    4.317467    4.609943    5.222826    5.465705    6.283185    6.283185    6.283185    0.589826    0.437696    0.386858    0.328113    0.259207    0.194613    0.097348    0.000000    0.000000    1.515542    
