10    -6.725067    6.700902    0.221135
-1.416842  1.141139  -0.062071  0.221127  -1.024472  -0.338375  2.052339  -0.303012  -1.444028  -2.597116  -2.753540  -1.642764  0.524421  -0.364225  -0.637291  0.086793  -1.483513  1.732859  0.351637  0.585125  -0.091862  0.001853  0.595091  -0.665807  0.793773  -0.278339  0.412654  -2.365867  1.255806  -1.336100  -0.537524  2.357279  -0.418594  1.781215  2.487691  -0.598725  -0.789933  0.603959  -0.148886  -0.076616  -1.293745  -1.102144  -1.363879  -0.432163  -1.196886  
-0.300000  1.000000  1.000000  1.000000  1.000000  1.000000  1.000000  1.000000  1.000000  1.000000  
 1    -1.499394    0.002750      0.610779   3561.000000      1.064582
 2    -2.012405    0.001264      0.648989   6383.000000      2.472013
 3    -1.724665    0.000017      0.627557   10140.000000      4.486031
 4    -2.456081    0.000091      0.682035   14093.000000      7.295362
 5    -2.529492    0.000257      0.687503   18255.000000     10.770388
 6    -2.291354    0.000434      0.669766   23980.000000     16.849521
 7    -2.505570    0.003343      0.685721   30696.000000     25.415646
 8    -2.452803    0.001131      0.681791   39157.000000     38.658354
 9    -3.030456    0.002454      0.724816   50442.000000     55.493777
10    -3.057999    0.000461      0.726868   60327.000000     77.428925
0.467464    0.552640    
0.335820    0.449477    0.869152    0.481235    
0.411541    0.798244    1.724025    0.651669    1.356085    0.126092    
0.287514    0.238664    0.326659    5.859844    0.714504    0.545709    0.397076    0.077221    
0.327859    0.338550    0.738282    0.882389    3.575142    0.809101    0.518872    1.260480    0.170120    0.097350    
0.334300    0.422199    6.283185    0.471166    5.994152    3.449347    0.841264    0.454951    1.344360    1.372733    1.469362    1.500439    
0.361160    0.381995    5.914620    3.005092    2.821702    6.232456    5.216377    0.860262    0.555870    0.031696    0.158878    1.446489    0.053550    1.402276    
0.360086    0.410780    5.886451    6.186497    5.839828    3.272811    1.895531    3.256994    0.869133    0.526118    0.110095    0.173325    0.037529    0.075892    1.489898    1.471016    
0.187729    0.315642    0.313276    0.724633    6.040226    4.686737    6.283185    3.511594    1.073292    0.721072    0.679920    0.438772    1.393011    1.390008    0.123568    0.113632    0.146681    1.422697    
0.328010    0.323567    0.738046    1.856708    3.426890    0.670457    5.454336    1.963021    3.379596    0.705288    0.803740    0.505532    1.219207    0.192252    0.072333    1.570796    1.515166    0.120051    0.186803    0.162589    
