10    -4.900340    4.945352    0.189832
-0.659308  -0.719588  -0.144427  -0.408353  0.227388  0.597708  -0.412917  -0.404949  0.066307  0.000811  -0.183957  1.244675  0.437136  -1.128792  -0.263570  0.076330  -1.121988  -0.142288  0.212140  -1.121190  1.833720  0.847114  0.872530  0.540815  1.087129  -1.317686  0.710090  -0.279298  2.268642  0.533366  -1.577294  0.101431  0.722313  -0.766399  0.378545  0.005866  -0.052208  0.768931  1.088784  1.151632  -0.292014  0.573181  0.829906  -0.592813  0.036111  
-0.165714  0.177941  -0.203970  -0.182322  0.799970  -0.120532  0.216198  -0.128906  0.238388  0.181947  
 1    -2.448642    0.153615      0.750988   3138.000000      0.872742
 2    -3.383240    0.132651      0.845912   7073.000000      2.570078
 3    -3.924470    0.194240      0.900884   13216.000000      5.749854
 4    -4.011354    0.414228      0.909708   19829.000000     10.249532
 5    -4.231594    0.756458      0.932077   28964.000000     17.266257
 6    -4.461655    0.843136      0.955444   46441.000000     35.361824
 7    -4.588304    0.849753      0.968307   83781.000000     82.458978
 8    -4.712914    0.925195      0.980964   110046.000000    117.598047
 9    -4.757753    0.947942      0.985518   133260.000000    152.961970
10    -4.780493    0.962577      0.987828   200929.000000    270.236457
6.283185    0.731263    
3.522763    5.153226    0.574450    0.462551    
3.097478    3.560388    5.577805    0.579884    0.515207    0.306404    
3.021175    3.593835    6.283185    1.588524    0.546904    0.523215    0.512976    1.315161    
3.016996    3.550805    6.283185    2.245098    3.259713    0.546001    0.516666    0.554998    1.119450    0.209115    
3.108174    3.564868    5.437586    1.840043    3.984011    2.572360    0.600111    0.508594    0.492839    1.336098    0.513817    1.157872    
2.881215    3.309319    2.992742    2.872245    3.662700    2.582462    2.831508    0.615694    0.439167    0.391299    1.522661    0.545537    1.091854    0.244715    
2.672304    3.360293    2.805000    2.430772    3.212037    1.978546    3.926524    2.143166    0.615720    0.437520    0.370889    1.570796    0.564733    1.214506    0.480555    1.238684    
2.617530    3.378316    2.803982    5.863160    1.783075    3.950549    2.119646    4.315761    3.790412    0.610274    0.445879    0.401946    0.556387    1.283891    0.466879    1.066779    0.172963    1.546746    
2.549952    3.264313    2.803999    5.389824    1.443843    3.846304    1.734289    4.468189    2.706665    1.458008    0.590633    0.468689    0.404643    0.338821    1.570796    0.417819    1.099696    0.338159    1.168756    0.193825    
