10    -5.953411    7.363895    0.504883
-1.789561  -0.620432  -1.171035  0.148565  0.893654  -1.575155  -0.288518  -0.152455  -0.774642  -0.676979  1.407445  0.790398  -1.298069  -1.898607  -0.394314  -0.811435  0.276450  0.234359  -0.670887  0.533213  -0.724677  0.912850  0.602760  -1.331720  -1.004301  -0.549175  -1.811160  -1.036142  -1.130660  0.340955  0.095783  -1.201586  -0.285413  -0.224714  0.232842  -0.593356  0.076833  1.319069  0.474004  1.308074  -0.111644  -0.517875  3.211660  0.302174  -0.131927  
0.800000  0.568442  0.651778  0.687451  0.747945  -0.374723  0.716964  -0.733987  0.787247  0.471127  
 1    -2.992814    0.300838      0.777688   5607.000000      1.615372
 2    -4.520506    0.620326      0.892403   8533.000000      3.065500
 3    -5.539115    0.859165      0.968890   12279.000000      5.198077
 4    -5.568491    0.879013      0.971096   17096.000000      8.160356
 5    -5.884252    0.955538      0.994807   23460.000000     13.257278
 6    -4.998440    0.789818      0.928291   31897.000000     23.157682
 7    -5.875212    0.980526      0.994128   41575.000000     35.388596
 8    -5.876948    0.981261      0.994258   56709.000000     56.868837
 9    -5.878141    0.980058      0.994348   77583.000000     95.388941
10    -5.879373    0.978983      0.994440   95102.000000    129.090234
0.910820    0.558585    
0.667747    0.876474    0.830299    0.449869    
0.598372    0.614666    0.702485    0.758795    0.568496    0.332250    
0.588724    0.606328    0.700781    4.886674    0.752960    0.568595    0.351323    1.530756    
0.316563    0.547963    0.499833    0.550034    0.628258    0.698691    0.584621    0.498106    0.387072    0.177310    
0.670710    0.762507    1.614684    2.208505    1.816371    2.457983    0.815612    0.529157    1.374126    0.113203    1.430849    1.522714    
0.404542    0.579404    0.560467    0.642118    4.932416    2.496622    1.673869    0.690467    0.612234    0.460731    0.259115    1.521798    1.503981    0.043851    
0.405152    0.578663    0.563175    0.644542    5.046069    2.566026    2.535765    1.693442    0.689991    0.613086    0.463097    0.261599    1.530629    1.524412    1.517938    0.031504    
0.403778    0.581255    0.562077    0.640218    5.006955    2.601081    2.585475    5.910379    2.503310    0.692055    0.613935    0.463517    0.265374    1.528513    1.530298    1.542694    1.539214    1.548575    
0.402484    0.581808    0.562455    0.642522    5.012345    2.599417    2.549980    5.921465    2.572840    1.804522    0.691373    0.615117    0.463847    0.263089    1.536448    1.542288    1.552541    1.537526    1.533163    0.018461    
