10    -5.555968    4.803093    0.614948
-0.944526  -0.876067  0.826348  -0.320301  -1.080067  1.307439  -0.072256  1.633084  1.209046  -0.966583  -1.493422  -0.523997  0.003965  -0.293546  0.062105  -0.430417  0.109365  -0.063731  0.741933  -0.730128  -1.295282  0.584340  0.263752  0.919100  -0.028440  -0.286742  2.014533  1.437291  -1.871341  -0.033665  0.017098  -0.669845  -0.390340  0.270122  0.528851  -0.003812  0.320729  0.897765  0.128169  0.651621  0.324340  0.271396  -1.723973  -1.159735  -0.335052  
-0.300000  1.000000  1.000000  1.000000  1.000000  1.000000  1.000000  1.000000  1.000000  1.000000  
 1    -0.656833    0.000993      0.527068   3381.000000      1.036796
 2    -0.783185    0.001919      0.539265   6482.000000      2.606622
 3    -0.848401    0.002934      0.545560   9850.000000      4.551849
 4    -1.062558    0.000061      0.566234   14227.000000      7.475644
 5    -1.150545    0.000596      0.574728   19248.000000     11.601233
 6    -1.283705    0.000005      0.587582   25536.000000     17.603462
 7    -1.064596    0.000143      0.566431   31505.000000     25.524686
 8    -1.106301    0.005958      0.570457   42476.000000     41.372446
 9    -1.265308    0.000010      0.585806   49015.000000     54.451842
10    -1.515893    0.000127      0.609996   62885.000000     81.233901
0.478211    0.551676    
1.113132    1.259141    0.840002    1.199999    
0.491890    2.704216    4.139966    0.612406    1.474372    0.227278    
0.348728    0.444646    3.675082    1.786390    0.887169    0.510186    0.129761    1.418129    
0.338177    0.448282    3.815130    0.602646    1.128890    0.873662    0.532307    0.165442    0.185685    1.392659    
0.298035    0.251824    0.350195    3.574129    4.899637    0.603841    0.741340    0.539393    0.387282    0.135076    1.401221    1.455970    
1.086266    1.186544    1.206505    4.634739    5.436437    2.231208    5.813885    0.821349    1.191507    1.338016    1.479049    0.104796    1.500472    1.465301    
1.062375    1.209355    0.882367    4.621866    5.497531    1.499057    1.573019    4.621464    0.821230    1.210934    1.347795    1.477760    0.058527    0.084049    1.514993    1.410441    
0.328761    0.454251    3.766018    1.961385    1.055227    1.851813    1.165827    5.804058    0.739953    0.870975    0.511787    0.070378    1.515768    0.150102    1.417748    0.116575    1.455181    1.511996    
0.294885    0.292174    0.321700    3.114649    0.525955    1.780526    6.171893    5.304550    5.731259    6.162288    0.776317    0.601752    0.301453    0.064930    0.096718    1.409781    1.415253    1.452499    0.091121    0.138470    
