10    -4.118599    5.675091    0.011012
-0.253089  -0.637147  -1.909595  -0.106139  0.001714  -0.962448  0.254333  -1.112221  0.210460  1.389632  0.656688  -0.053128  0.415673  0.704063  -0.896223  0.479744  1.144388  2.050119  0.674869  -0.860506  0.399698  -0.648903  0.244611  -0.701113  -0.574387  -0.681646  0.402290  1.027078  -0.136619  -1.196395  0.197572  -0.799100  1.102346  1.290502  0.409749  -0.691141  -0.771587  -0.926313  -0.050683  0.021199  0.120615  1.060513  0.376282  1.308774  0.202730  
0.208927  -0.213327  0.144339  0.207388  -0.142998  0.143221  -0.799962  -0.144238  0.157447  0.218095  
 1    -1.969153    0.220041      0.780527   3423.000000      0.961286
 2    -3.097124    0.527499      0.895701   7324.000000      2.718405
 3    -3.578045    0.650683      0.944806   12332.000000      5.354427
 4    -3.915055    0.811850      0.979217   20654.000000     10.519222
 5    -4.010266    0.904384      0.988938   31460.000000     19.823412
 6    -4.071967    0.945260      0.995239   50552.000000     39.049912
 7    -4.098558    0.985720      0.997954   71998.000000     65.114793
 8    -4.107813    0.992577      0.998899   110837.000000    119.192750
 9    -4.114257    0.997176      0.999557   171226.000000    214.810928
10    -4.116989    0.999337      0.999836   254279.000000    367.244422
6.283185    0.678127    
3.813373    5.557280    0.552313    0.467739    
3.324875    3.703428    5.579310    0.563835    0.476503    0.304927    
2.977336    3.600439    3.049077    5.885631    0.606942    0.476845    0.358149    0.305468    
2.548600    3.224652    2.995853    3.196660    4.565615    0.596999    0.447283    0.388978    0.226160    0.250218    
1.849761    3.255771    3.081223    3.097423    3.122668    4.578291    0.645010    0.494902    0.399555    0.340995    0.218874    0.204852    
1.765102    2.954775    2.845650    2.970029    3.023602    3.523112    3.796055    0.635924    0.466272    0.403061    0.344016    0.284270    0.170278    0.137444    
1.663264    2.711366    2.683427    2.755301    2.847595    3.079199    3.431066    3.729381    0.615140    0.446894    0.396328    0.336263    0.294979    0.217219    0.144309    0.085900    
1.612619    2.700646    2.658905    2.704549    2.765869    3.007756    3.262628    3.222359    4.686140    0.621544    0.446693    0.392718    0.341107    0.303101    0.221624    0.197346    0.093386    0.066428    
1.508796    2.450066    2.484860    2.538484    2.625081    2.721325    3.050745    3.158892    3.682268    3.950191    0.604178    0.425907    0.382201    0.336346    0.305993    0.246981    0.201654    0.168726    0.065244    0.059188    
