10    -6.597550    5.244546    0.361700
1.857565  -0.203968  0.711019  -0.958718  0.636314  0.984796  0.976736  -0.773217  -0.776050  -1.071380  -0.238518  -0.933245  -0.167597  -1.889870  0.563232  -1.514799  -0.558354  0.092131  0.432031  0.517837  -0.093025  0.611153  -0.411582  0.223541  0.685520  -0.103944  -0.564542  -0.640192  0.042300  -0.805789  -1.099186  0.143783  0.128243  -1.661902  -0.419893  -0.412928  1.080934  -2.421753  1.180210  -2.030084  1.978079  -0.550427  0.884651  0.266871  1.239871  
-0.604834  0.446243  0.374083  0.445576  -0.456952  -0.443464  0.480528  0.479358  -0.487579  0.418545  
 1    -3.504240    0.348633      0.738787   4227.000000      1.192620
 2    -5.061810    0.684420      0.870315   7678.000000      2.804085
 3    -6.185918    0.910639      0.965240   12384.000000      5.244516
 4    -6.504151    0.971595      0.992113   18107.000000      9.141033
 5    -6.518387    0.978721      0.993315   27232.000000     16.491772
 6    -6.541924    0.986291      0.995303   37724.000000     27.356235
 7    -6.548903    0.988607      0.995892   53397.000000     46.467949
 8    -6.550339    0.987393      0.996013   73698.000000     78.549642
 9    -6.551715    0.987867      0.996130   128754.000000    176.525955
10    -6.552888    0.989028      0.996229   153874.000000    224.336607
1.931679    0.564290    
1.369485    1.763546    0.820227    0.437438    
1.271971    1.273140    1.471856    0.778373    0.586166    0.341970    
0.824728    1.242243    1.194780    1.349240    0.708488    0.646632    0.481829    0.262837    
0.817662    1.241947    1.189089    1.339142    5.141470    0.710104    0.647072    0.486268    0.301299    0.042201    
0.744936    1.236556    1.125255    1.273566    3.226584    5.536541    0.715109    0.639930    0.499650    0.345006    1.458406    1.530466    
0.726977    1.230085    1.117674    1.275181    3.139338    3.599189    5.328836    0.716824    0.637324    0.508388    0.363944    1.420180    0.078051    0.026817    
0.718592    1.226099    1.115350    1.274283    3.147521    5.528798    5.482215    5.192377    0.715990    0.636822    0.510119    0.367497    1.431503    1.507231    1.520301    1.550444    
0.717869    1.220569    1.109507    1.268257    3.130326    5.411966    5.338424    5.111861    5.252332    0.713635    0.634683    0.508163    0.366399    1.430603    1.513936    1.529950    1.531049    1.550847    
0.702020    1.219150    1.103490    1.268942    3.057381    3.402199    5.243292    5.339105    5.449526    4.363741    0.718025    0.632326    0.515718    0.378631    1.400273    0.091321    0.061778    0.044440    0.014915    1.570388    
