10    -7.602327    5.629047    0.515570
0.286737  -1.614226  -2.273977  -0.592228  0.483037  0.143706  -2.061878  -0.378867  -1.044350  -0.467956  -1.944020  -0.360842  -0.845624  -0.393506  -0.128412  1.699103  -0.205102  -1.353236  0.078569  -0.912648  0.287707  0.720950  2.542370  1.214664  -0.456812  -0.948636  -0.651693  1.089899  0.792231  -0.326891  -0.526344  -0.326621  -2.338225  -1.775788  0.054964  2.505928  1.392925  -0.322259  0.174289  -0.189117  -0.312944  -0.256387  -0.951540  -1.782891  0.251961  
0.035365  -0.254748  -0.267713  -0.231615  0.205815  -0.202989  0.909331  0.195399  0.213673  0.211153  
 1    -3.873661    0.167500      0.718195   3294.000000      0.916844
 2    -5.674807    0.373828      0.854322   7180.000000      2.633704
 3    -6.446509    0.490868      0.912646   12420.000000      5.290085
 4    -7.042350    0.553035      0.957678   18657.000000      9.201385
 5    -7.280283    0.617351      0.975661   28998.000000     17.565448
 6    -7.365606    0.634178      0.982109   44253.000000     32.991156
 7    -7.404174    0.647820      0.985024   61515.000000     53.204885
 8    -7.434545    0.703925      0.987319   84741.000000     84.653494
 9    -7.488642    0.871615      0.991408   119355.000000    139.560296
10    -7.532059    0.911530      0.994689   184025.000000    257.088120
5.183157    0.668630    
2.655488    3.332176    0.519825    0.441317    
2.233116    2.591314    2.802141    0.553773    0.395771    0.261644    
2.113790    2.550569    2.247006    3.554301    0.631962    0.496526    0.307861    0.269147    
1.916356    2.251317    2.075560    2.538706    2.518282    0.608531    0.457603    0.369706    0.200843    0.201392    
1.254099    2.147070    2.115719    2.143948    2.462549    2.575514    0.601711    0.485764    0.407098    0.316782    0.200985    0.151815    
1.170917    2.001953    1.950353    2.033789    2.117229    2.563336    2.467389    0.632101    0.463102    0.400255    0.344919    0.274605    0.168459    0.106488    
1.219447    2.019216    1.908678    1.983595    2.030778    2.597362    2.236933    5.623824    0.644438    0.458268    0.384195    0.336260    0.276910    0.176969    0.191691    0.094455    
1.201041    2.167668    2.196980    2.172577    2.481017    2.501887    5.494968    5.321811    5.575708    0.599644    0.492705    0.411706    0.335314    0.194880    0.251003    0.195886    0.203854    0.117400    
1.263018    2.056959    1.931729    2.042844    2.096206    2.662540    2.533732    6.283185    5.729655    5.608039    0.654045    0.461839    0.388761    0.338473    0.263000    0.171109    0.136362    0.148427    0.194681    0.112017    
