10    -6.498374    7.077760    0.391832
-0.000432  -1.841434  -0.203556  -0.624784  -1.219408  -1.390574  -1.150531  0.491366  0.054424  0.097679  0.567014  -0.634688  -0.084317  2.237933  1.307675  -0.653678  0.796986  0.879571  1.715826  -0.195418  -0.504751  1.175331  -1.889992  0.104471  -0.910703  -0.366799  -3.151341  0.559314  1.007451  0.443932  -0.758146  -1.414866  1.207394  -0.785814  -1.332247  -1.326884  0.613767  1.042741  -0.372457  1.089776  -0.607093  0.389649  0.250325  1.961828  -1.056800  
-0.300000  1.000000  1.000000  1.000000  1.000000  1.000000  1.000000  1.000000  1.000000  1.000000  
 1    -0.289810    0.000101      0.542685   3072.000000      0.967822
 2    -0.429077    0.002931      0.552944   5858.000000      2.394639
 3    -0.573290    0.001768      0.563566   9324.000000      4.354305
 4    -0.704872    0.003677      0.573258   13533.000000      7.237723
 5    -1.251463    0.023677      0.613520   19453.000000     12.076631
 6    -0.852384    0.005121      0.584124   23700.000000     17.081037
 7    -0.902384    0.008196      0.587807   32228.000000     26.515264
 8    -0.987060    0.000154      0.594044   39888.000000     37.922906
 9    -1.029525    0.001247      0.597172   52089.000000     58.495355
10    -1.522010    0.047911      0.633448   63140.000000     82.898522
2.483190    0.868798    
1.348923    2.074918    1.009022    0.459510    
2.464801    3.062734    4.941587    0.818055    0.369729    1.214417    
2.461172    3.052018    4.902426    4.578269    0.790029    0.411434    1.169833    0.217172    
0.910898    1.005400    3.148303    5.608381    2.431324    1.007442    1.095061    1.307235    1.369740    1.460094    
1.545082    4.829803    5.811210    4.140045    0.746316    3.693731    0.799340    0.093964    1.570796    0.396580    0.156155    0.186067    
2.419366    3.089269    4.953640    3.751636    3.902647    5.679153    2.244906    0.890249    0.243198    1.194667    0.326493    0.109525    1.386038    0.187209    
2.475864    3.075127    4.866171    4.611632    5.916764    6.135351    5.528687    3.138042    0.814707    0.438447    1.211952    0.195019    0.174462    1.346668    0.095940    0.199462    
2.507767    3.075950    4.860055    4.620125    5.910990    6.159752    5.438815    3.232764    4.176581    0.807871    0.440863    1.205073    0.186300    0.161668    1.333860    0.090636    0.135765    0.127880    
0.887348    1.021051    3.135351    5.708270    3.462760    4.095428    4.161671    3.973607    3.230632    2.606513    1.001765    1.062779    1.336488    1.405321    1.418115    0.145044    1.489684    0.064017    0.167372    0.143190    
