10    -6.597550    5.244546    0.361700
1.857565  -0.203968  0.711019  -0.958718  0.636314  0.984796  0.976736  -0.773217  -0.776050  -1.071380  -0.238518  -0.933245  -0.167597  -1.889870  0.563232  -1.514799  -0.558354  0.092131  0.432031  0.517837  -0.093025  0.611153  -0.411582  0.223541  0.685520  -0.103944  -0.564542  -0.640192  0.042300  -0.805789  -1.099186  0.143783  0.128243  -1.661902  -0.419893  -0.412928  1.080934  -2.421753  1.180210  -2.030084  1.978079  -0.550427  0.884651  0.266871  1.239871  
-0.300000  1.000000  1.000000  1.000000  1.000000  1.000000  1.000000  1.000000  1.000000  1.000000  
 1    -1.089474    0.000637      0.534873   2553.000000      0.786036
 2    -2.088094    0.000300      0.619201   6566.000000      2.633663
 3    -2.655087    0.000036      0.667081   9752.000000      4.470081
 4    -2.736971    0.000005      0.673995   13541.000000      7.096013
 5    -2.500755    0.000832      0.654048   18530.000000     11.226372
 6    -2.940206    0.000002      0.691157   23929.000000     16.812666
 7    -1.816258    0.000756      0.596246   31001.000000     25.766378
 8    -3.004227    0.000050      0.696564   43629.000000     42.602358
 9    -3.095698    0.000396      0.704288   57277.000000     66.924871
10    -3.161403    0.000318      0.709836   73312.000000    101.140905
0.425900    0.604965    
0.311335    0.416729    0.833402    0.460845    
0.287735    0.287935    0.338308    0.752003    0.560934    0.335665    
0.271370    0.270949    0.315989    5.337339    0.725861    0.557373    0.374135    1.464816    
0.317291    0.397816    1.143969    1.667091    5.052557    0.835519    0.535310    0.237451    1.397858    1.486742    
0.286650    0.345439    0.331552    0.502811    1.849280    3.541919    0.781627    0.431090    0.351542    0.277160    1.486074    1.477975    
0.468564    1.142767    1.726179    3.243305    2.946848    3.836004    2.634346    0.691000    0.318662    1.437225    0.139100    1.467134    0.132295    0.103969    
0.281488    0.272859    0.321913    4.921158    0.388363    4.703581    4.672273    5.808176    0.736656    0.550337    0.324493    1.458942    1.401410    0.094451    1.471035    1.524301    
0.279966    0.333579    0.326004    0.500046    2.835323    6.283185    3.111364    5.427205    6.144318    0.783368    0.421982    0.352717    0.273207    0.061044    1.482640    0.110003    1.433880    0.122727    
0.278027    0.349950    0.328401    0.505147    5.961692    0.756845    2.753376    6.208722    5.790109    6.197052    0.792082    0.424146    0.346163    0.306572    0.047147    0.096434    0.115484    1.474019    1.447258    0.110187    
