10    -7.036096    5.820438    0.382236
0.993539  -0.758112  -0.351157  0.938245  -1.000467  -1.201973  2.034609  0.008307  0.258243  0.446007  -0.069812  -0.033584  -0.685347  1.140189  -1.653406  0.232497  -0.203918  -1.100841  1.758511  -0.430515  1.327838  0.925540  0.184446  1.811597  2.076887  -0.405200  0.515850  -1.207827  1.824501  -0.403212  0.578353  0.335270  -1.066069  -0.213213  -1.180237  0.789907  -0.729684  0.052067  -0.866032  0.311705  0.792536  0.482946  -0.172584  0.264629  -1.409215  
-0.201105  0.132813  -0.153278  -0.136654  0.126831  0.799962  -0.111598  0.132435  0.149858  0.183655  
 1    -2.954522    0.162862      0.682529   3357.000000      0.946614
 2    -5.516836    0.580344      0.881830   6659.000000      2.477811
 3    -6.117276    0.687242      0.928533   12737.000000      5.615199
 4    -6.623503    0.825761      0.967908   19967.000000     10.466845
 5    -6.881890    0.877902      0.988006   33592.000000     22.053595
 6    -6.959656    0.949206      0.994054   60379.000000     49.565424
 7    -7.007171    0.982192      0.997750   90776.000000     86.086782
 8    -7.024673    0.996175      0.999111   122001.000000    127.462856
 9    -7.029516    0.997683      0.999488   186325.000000    228.183958
10    -7.033952    0.999501      0.999833   287862.000000    404.792795
6.283185    0.669723    
4.698408    6.283185    0.427514    0.505863    
4.047683    4.576785    6.283185    0.502989    0.429026    0.284570    
3.641656    4.484706    3.876694    6.283185    0.614951    0.466679    0.275899    0.308239    
3.252112    3.810917    3.517004    3.655343    6.283185    0.566946    0.427437    0.379275    0.195848    0.290343    
2.315925    3.722300    3.659027    3.727841    3.961628    5.329048    0.575363    0.465705    0.387196    0.304004    0.189425    0.216962    
2.082110    3.618989    3.436701    3.612384    3.657258    4.227558    4.657754    0.624347    0.454869    0.387804    0.330669    0.273324    0.148888    0.167400    
2.035790    3.296534    3.211354    3.308393    3.405845    3.618077    4.362009    4.060076    0.612306    0.430579    0.377530    0.316113    0.290004    0.205053    0.135788    0.111173    
1.886934    3.068999    3.118324    3.166711    3.313030    3.469549    3.842947    4.182874    4.523506    0.591068    0.423245    0.376736    0.322220    0.289153    0.231507    0.178227    0.110319    0.068459    
1.880203    3.058513    3.061897    3.144028    3.264231    3.383592    3.857470    3.888285    4.496674    4.834559    0.599245    0.419025    0.371025    0.324054    0.298436    0.237780    0.190704    0.172816    0.049612    0.068571    
