10    -6.262780    6.267416    0.147785
-1.271091  0.176137  -0.296216  0.326929  -0.973419  0.227681  -0.819328  0.107223  0.975278  0.081974  -0.476623  -1.492172  -0.403465  0.694778  0.212153  0.090990  -1.548855  -0.044827  1.556763  1.947111  -0.785140  -2.139212  -1.264259  0.294987  0.806489  0.277670  -1.243845  0.787274  0.752030  0.172980  -0.737836  0.969191  -0.646371  1.811095  -0.990445  -1.369113  0.072485  0.408327  0.168774  -0.586701  -1.517338  0.720409  -2.149864  -1.233102  -0.121225  
0.202570  0.215975  -0.198574  -0.799962  0.211059  0.226797  -0.225307  -0.225870  -0.289444  0.130698  
 1    -3.363942    0.199326      0.768652   3318.000000      0.928896
 2    -4.800797    0.479377      0.883323   6919.000000      2.497519
 3    -5.539369    0.597419      0.942267   11963.000000      5.054192
 4    -6.017496    0.759385      0.980425   19379.000000      9.917109
 5    -6.117128    0.844010      0.988376   31532.000000     19.667695
 6    -6.179771    0.884345      0.993375   42273.000000     30.191828
 7    -6.207081    0.938773      0.995555   67635.000000     60.128697
 8    -6.211750    0.951317      0.995927   95255.000000     99.053493
 9    -6.242153    0.973778      0.998354   129137.000000    151.124199
10    -6.246000    0.983347      0.998661   192620.000000    269.317186
5.522557    0.677813    
2.823047    3.991928    0.596782    0.444300    
2.499321    2.759430    4.147446    0.609791    0.507641    0.305161    
2.238883    2.662732    2.315359    4.058391    0.634574    0.492782    0.367761    0.296985    
1.800819    2.267248    2.193566    2.310490    3.412477    0.598034    0.450681    0.405073    0.263706    0.245982    
1.374184    2.354686    2.227708    2.236443    2.329241    3.444265    0.648995    0.499298    0.408624    0.346803    0.254322    0.191040    
1.316939    2.370299    2.307825    2.296849    2.571335    2.742381    5.197755    0.631799    0.504266    0.424873    0.348408    0.238601    0.236585    0.091575    
1.295556    2.397077    2.334559    2.288543    2.566733    2.647511    5.341610    6.283185    0.634760    0.508599    0.427015    0.350345    0.234314    0.243546    0.129915    0.036450    
1.297894    2.233163    2.073761    2.141564    2.205948    2.701984    2.303975    5.136925    6.152793    0.662111    0.472320    0.401855    0.359265    0.288414    0.213269    0.191899    0.141789    0.031385    
1.303817    2.219926    2.061192    2.132314    2.201356    2.692564    2.364251    5.452685    6.283185    6.283185    0.661361    0.470638    0.401920    0.355961    0.287002    0.206696    0.185488    0.127663    0.000000    1.535180    
