10    -6.039091    7.133466    0.172676
1.736738  1.897914  -2.106773  -0.148912  0.583062  -2.259233  0.137240  -0.701213  -0.620780  -0.479620  1.209739  -1.075184  0.806919  -0.290783  -0.220948  -0.169156  1.100834  0.082511  -0.004376  -1.722558  1.057556  -2.517913  -1.910640  1.306455  0.424398  -0.469168  -1.006073  -0.921923  0.626405  0.357177  -0.018719  0.221171  0.698604  0.834510  -1.665638  -2.901440  -0.048639  -0.045378  1.475334  -0.513693  -0.668443  -1.033327  2.505239  0.106624  0.363085  
-0.300000  1.000000  1.000000  1.000000  1.000000  1.000000  1.000000  1.000000  1.000000  1.000000  
 1    -0.641144    0.000329      0.590213   2868.000000      0.882047
 2    -0.992510    0.000226      0.616887   6175.000000      2.526827
 3    -1.147424    0.000178      0.628647   9538.000000      4.473320
 4    -1.454960    0.000036      0.651994   12803.000000      6.728472
 5    -1.628696    0.000092      0.665183   17123.000000     10.438100
 6    -1.631526    0.000069      0.665398   23324.000000     16.799678
 7    -1.620177    0.001084      0.664536   30609.000000     25.528119
 8    -2.056973    0.001727      0.697696   37020.000000     34.133865
 9    -1.845501    0.004408      0.681642   47378.000000     51.541924
10    -2.091056    0.001727      0.700283   57902.000000     73.774858
0.403581    0.575207    
0.294176    0.383185    0.821707    0.421433    
0.343108    0.404731    2.691882    0.869002    0.584739    0.264276    
0.301047    0.325344    0.736407    2.854781    0.791749    0.538583    1.244609    1.449976    
0.337848    0.313870    0.703785    4.747623    3.951711    0.806008    0.517323    1.216768    0.184039    1.446625    
0.335309    0.312752    0.710473    2.076521    2.670024    3.972580    0.801776    0.522743    1.205368    1.549759    0.174304    1.449177    
0.323328    0.394888    3.902606    1.583289    5.790319    2.430549    4.029208    0.832010    0.479746    1.398109    0.154441    0.098750    1.445653    0.143009    
0.321391    0.328096    0.720997    4.770586    3.972499    4.895464    4.840755    3.492866    0.806328    0.529726    1.250202    0.149960    1.405908    0.188904    1.370974    1.444883    
0.317550    0.381124    1.463091    1.528837    3.964566    4.947428    0.862081    1.538738    1.080498    0.837687    0.503077    1.357726    0.194164    1.393118    0.132213    1.404361    0.086748    0.162819    
0.324890    0.376755    1.490262    5.800116    1.566291    4.709224    1.628110    4.802609    4.002105    4.865997    0.819155    0.533840    1.373062    1.486952    0.121621    1.398283    0.181082    1.430053    0.161721    1.349074    
