10    -6.869358    8.407183    0.003858
-0.016842  1.193143  0.399772  -1.002405  -1.181365  -0.378506  -0.714387  -0.865035  1.730648  -0.959349  -0.173111  -1.518304  0.611202  0.386043  0.675178  0.119889  1.049504  0.194760  0.715019  -0.416904  -0.306104  0.760458  0.887064  1.471282  -0.290232  -1.620485  -2.252044  -0.289965  -0.387475  1.377674  -1.817218  -0.321535  0.621941  -0.265941  1.511721  -0.481059  -0.653998  -2.419391  -1.698251  -1.579541  1.479380  0.368660  1.275330  3.132326  0.993627  
-0.300000  1.000000  1.000000  1.000000  1.000000  1.000000  1.000000  1.000000  1.000000  1.000000  
 1    -0.388692    0.002571      0.575777   3054.000000      0.998546
 2    -1.295766    0.005193      0.635154   6603.000000      2.915233
 3    -1.422738    0.008240      0.643465   9184.000000      4.465107
 4    -1.526237    0.003467      0.650240   14498.000000      7.775657
 5    -1.781035    0.025952      0.666919   20285.000000     12.931357
 6    -1.734355    0.014743      0.663864   24220.000000     17.163266
 7    -1.774474    0.006124      0.666490   32218.000000     26.637012
 8    -1.818230    0.002120      0.669354   42166.000000     41.362386
 9    -1.880942    0.025559      0.673459   53710.000000     60.572508
10    -2.027833    0.009050      0.683075   68482.000000     91.457710
0.885647    0.721078    
0.815445    1.528237    0.786891    1.083590    
0.815905    1.528862    3.081468    0.794468    1.087335    1.426611    
0.814266    1.528911    3.115645    6.220338    0.791427    1.071146    1.423309    0.131144    
0.394619    0.831675    1.439825    2.501794    2.173106    0.603843    0.771168    0.936821    0.173559    0.172624    
0.424228    0.858210    1.454164    3.164489    3.931608    2.270968    0.621439    0.765903    0.887693    1.376914    0.046112    0.108205    
0.827588    1.545396    3.118207    6.283185    4.930237    6.124956    2.772837    0.793625    1.041720    1.421655    0.184478    1.436046    0.136532    1.504060    
0.807017    1.552038    2.474610    0.701069    3.419247    2.710848    4.368292    6.044664    0.798057    1.095045    0.047786    1.494738    1.422355    0.115487    0.122851    1.420138    
0.481831    0.854857    1.407206    4.493456    4.221150    3.614263    2.800623    6.283185    3.352020    0.639951    0.782179    0.976386    0.163228    0.080636    0.171029    0.121192    0.112816    1.441219    
0.778514    1.533652    1.486616    5.268366    3.625128    3.887103    1.326451    0.967485    4.787565    1.611348    0.798511    1.192188    0.144700    1.479509    0.131347    1.455992    0.140099    1.447974    0.113113    1.459006    
