10    -5.119598    6.036734    0.500996
-0.785379  0.950782  -0.027696  -1.235860  -0.578111  0.713701  -0.686916  1.087173  0.024415  -1.229610  0.309458  1.095729  1.452500  -0.108886  0.952027  -0.189320  -2.661238  -0.526750  -0.667293  1.206642  0.618741  -1.492365  0.431372  -0.099084  0.579067  -1.668932  1.581917  -0.023200  -0.209271  -0.394850  1.356881  -0.937906  -0.054275  -0.875412  -0.297727  -0.538700  0.490776  -0.949471  -0.059848  1.286921  -0.386661  -0.484130  -0.196702  1.074376  -1.771697  
-0.300000  1.000000  1.000000  1.000000  1.000000  1.000000  1.000000  1.000000  1.000000  1.000000  
 1    -0.390902    0.000024      0.576142   2496.000000      0.775735
 2    -0.672255    0.002455      0.601362   5769.000000      2.383046
 3    -0.757735    0.000080      0.609024   8718.000000      4.120553
 4    -0.824890    0.000044      0.615043   13578.000000      7.227125
 5    -0.861668    0.002486      0.618340   18872.000000     11.980738
 6    -1.254423    0.006563      0.653544   24301.000000     17.507412
 7    -0.988267    0.001416      0.629687   30619.000000     25.023180
 8    -1.015862    0.002771      0.632161   39474.000000     36.996267
 9    -1.107720    0.001506      0.640395   53793.000000     62.922570
10    -1.088305    0.008366      0.638654   66070.000000     90.433852
0.438822    0.525879    
0.484123    1.390691    0.458003    1.201225    
0.444810    5.410099    5.777459    0.476263    1.312825    0.203922    
0.500061    1.375486    4.370937    1.904593    0.425947    1.312848    0.159152    1.406365    
0.420551    1.548458    6.203074    4.442462    2.208893    0.569345    1.259133    1.335572    0.101687    0.197830    
0.325644    0.383804    6.109758    3.115937    3.517623    4.661070    0.833258    0.586602    0.248984    0.113081    1.497794    0.080612    
0.504719    1.387611    4.339037    6.283185    5.060555    1.251300    4.310268    0.426939    1.288712    0.217317    0.074737    0.083245    1.421810    0.153417    
0.533886    1.331162    4.427445    1.832647    4.393372    3.587033    3.670689    1.808469    0.409688    1.334167    0.185567    1.400833    0.172054    1.553876    0.184333    1.455767    
0.448016    5.518668    0.112023    6.162064    5.536867    0.220088    0.459621    5.960221    0.839702    0.501274    0.994998    0.366697    1.380321    1.044419    0.523741    1.388142    0.126557    0.079236    
0.473002    5.540614    0.760067    2.351855    0.931133    2.111083    3.693961    3.340213    6.215192    2.276218    0.549135    1.412369    1.450075    1.456629    0.069350    1.385989    0.134555    1.392100    1.453227    1.448717    
