10    -4.856680    5.165599    0.593068
-1.121427  0.552710  -0.128515  -0.098978  0.525132  0.641744  1.041625  -0.042823  1.512432  -1.412685  -0.643521  0.264371  -1.049341  1.305647  0.713874  1.167148  0.704935  -0.414135  0.073798  1.057499  0.449541  0.053513  -0.031501  0.826730  0.584970  -0.994272  0.246403  0.018999  -0.868504  -0.660261  1.376680  0.324936  -0.561555  1.042115  0.370079  -1.074197  0.622274  -0.945610  1.262395  -0.076625  -0.077631  0.329898  -0.770322  0.515408  -0.316707  
0.215372  0.176724  0.168870  -0.165148  0.179271  -0.160412  -0.128067  -0.799962  -0.131556  -0.133220  
 1    -2.038595    0.193248      0.718818   3084.000000      0.835459
 2    -3.471833    0.525898      0.861823   7229.000000      2.650880
 3    -4.093179    0.656093      0.923820   13008.000000      5.699081
 4    -4.553202    0.818650      0.969720   21252.000000     10.785556
 5    -4.704222    0.920753      0.984788   34332.000000     21.749070
 6    -4.790371    0.966544      0.993384   51359.000000     39.115094
 7    -4.829313    0.986553      0.997269   74229.000000     65.458383
 8    -4.841037    0.991607      0.998439   113688.000000    120.382036
 9    -4.848369    0.996101      0.999171   162200.000000    201.013174
10    -4.852909    0.998452      0.999624   249416.000000    356.910115
6.283185    0.668576    
4.016001    6.263358    0.517287    0.482356    
3.752230    4.169871    6.283185    0.577011    0.461807    0.313377    
3.343601    4.115593    3.526984    6.283185    0.610470    0.489155    0.328011    0.304464    
2.915847    3.757255    3.444954    3.844943    4.761266    0.599743    0.461705    0.388783    0.207633    0.243703    
2.136262    3.644472    3.506324    3.543931    3.848168    4.546474    0.616121    0.489294    0.410085    0.329896    0.196152    0.191928    
1.943877    3.369398    3.258792    3.377927    3.451704    4.166017    4.052364    0.631089    0.471897    0.407303    0.351202    0.280290    0.170528    0.135336    
1.841946    3.063631    3.010516    3.093410    3.193434    3.457896    3.965496    3.874473    0.612493    0.446914    0.395162    0.337533    0.298723    0.215593    0.145435    0.091066    
1.780557    3.070110    3.037742    3.079856    3.168469    3.477438    3.705449    3.821725    4.954431    0.613067    0.452183    0.398046    0.345919    0.304034    0.227893    0.200365    0.088266    0.066713    
1.681258    2.850642    2.875417    2.935776    3.018943    3.169733    3.501295    3.618273    4.362622    4.363039    0.602758    0.435353    0.389770    0.342122    0.308873    0.246514    0.208331    0.168774    0.064722    0.063080    
