10    -6.749951    5.714943    0.197293
-1.708201  -0.685090  0.474089  1.287810  -0.074869  0.118065  0.501762  1.971941  -1.543012  1.101359  0.513531  1.303107  -0.039411  -0.404673  0.646122  0.367776  0.305231  -1.148064  -0.678943  -0.668388  -0.482080  0.743054  -0.008128  -1.277238  -2.272334  -0.698613  -0.453450  0.203009  -2.375496  -0.205393  -0.246886  0.350648  0.547968  -0.331325  -1.254338  1.786278  -1.149308  -0.272608  -0.161077  -0.122062  -0.661026  -0.258694  0.943699  0.783945  -0.817001  
-0.294600  -0.249211  0.236147  0.238483  0.209330  -0.737494  0.248226  -0.232372  0.249321  0.258680  
 1    -3.433846    0.222309      0.733964   3312.000000      0.936669
 2    -5.129339    0.568104      0.869986   6664.000000      2.558292
 3    -5.987172    0.740149      0.938806   11206.000000      4.969506
 4    -6.503648    0.867411      0.980240   18322.000000      9.225427
 5    -6.646567    0.960576      0.991706   28967.000000     17.782294
 6    -6.712231    0.982965      0.996974   43314.000000     33.038110
 7    -6.736456    0.995468      0.998917   62762.000000     55.683196
 8    -6.742345    0.997081      0.999390   104189.000000    115.500222
 9    -6.746767    0.999085      0.999745   133645.000000    156.479559
10    -6.747949    0.999449      0.999839   175209.000000    231.172554
5.097278    0.629235    
2.714805    3.822808    0.654061    0.443609    
2.362734    2.535649    3.493912    0.643881    0.499013    0.316641    
2.100899    2.572180    2.252893    3.466463    0.679362    0.531356    0.379606    0.287648    
1.873176    2.228634    1.996781    2.224246    2.758957    0.648567    0.476644    0.407620    0.253899    0.220099    
1.230516    2.236123    2.116132    2.042721    2.221449    2.751039    0.667410    0.535516    0.439239    0.361414    0.242995    0.177173    
1.169799    2.000205    1.880181    1.926372    2.014477    2.368721    2.437260    0.664430    0.491187    0.425712    0.375703    0.305348    0.198055    0.115209    
1.111984    1.788529    1.724426    1.759826    1.798280    1.918790    2.219828    2.354302    0.640374    0.457860    0.408893    0.358001    0.309524    0.231806    0.162383    0.077609    
1.081955    1.824538    1.756205    1.765752    1.819402    1.951697    2.101633    2.340205    2.936201    0.646027    0.468547    0.414568    0.366119    0.320000    0.247675    0.206057    0.106166    0.055411    
1.024081    1.693135    1.669348    1.701300    1.731249    1.823483    2.076901    2.323412    2.796538    5.793913    0.631742    0.448920    0.407711    0.360144    0.318330    0.255983    0.207415    0.133738    0.010403    1.532021    
