10    -6.923396    5.649174    0.927241
0.678844  0.916339  -0.121169  -1.154417  -0.271141  0.472377  1.269233  0.984344  -1.327064  -1.593114  -2.256591  -0.017827  -1.976864  1.137158  -0.490799  1.221608  -1.529330  1.045777  -0.322531  -0.944890  0.158779  0.166864  1.468873  0.158110  -0.907787  0.187829  -1.010326  -2.628436  1.190634  0.133431  -0.956012  1.028075  -1.682459  -0.402121  0.227379  0.154679  1.045232  -0.658396  0.802881  0.217468  -0.482234  0.786533  0.470663  -0.830895  1.811713  
-0.122770  -0.134499  -0.799962  -0.134555  -0.163391  -0.165016  0.171539  -0.186006  0.189574  -0.225285  
 1    -3.059786    0.210616      0.692695   3243.000000      0.899897
 2    -5.014649    0.553485      0.848182   7085.000000      2.633563
 3    -5.817557    0.740054      0.912044   11891.000000      5.045165
 4    -6.439609    0.822897      0.961520   19127.000000      9.767556
 5    -6.698186    0.929804      0.982087   30373.000000     19.180586
 6    -6.828626    0.964784      0.992462   46163.000000     34.085518
 7    -6.883733    0.979966      0.996845   65977.000000     57.992355
 8    -6.899972    0.985280      0.998137   106074.000000    113.074426
 9    -6.910916    0.993544      0.999007   153506.000000    191.137148
10    -6.917760    0.997360      0.999552   224369.000000    312.369591
6.283185    0.648568    
4.118307    5.665879    0.509018    0.456483    
3.555474    4.193489    4.867162    0.562265    0.400895    0.289607    
3.244221    4.094493    3.577744    5.811565    0.626839    0.499134    0.321083    0.290531    
2.893174    3.704973    3.413129    3.967516    4.234180    0.612704    0.470242    0.384566    0.212164    0.219378    
2.124988    3.565139    3.438665    3.490064    3.877372    4.213758    0.617671    0.494838    0.414375    0.328624    0.199904    0.173937    
1.912773    3.296259    3.174810    3.305246    3.392888    4.097961    3.897159    0.632072    0.475760    0.410785    0.354831    0.282050    0.174545    0.124981    
1.807876    2.998769    2.926127    3.013186    3.119000    3.377414    3.871085    3.747175    0.614266    0.449720    0.397687    0.340619    0.301592    0.218353    0.146190    0.086284    
1.758815    3.048300    2.990317    3.026283    3.108523    3.420582    3.605658    3.848781    4.670827    0.618604    0.459114    0.402517    0.349751    0.306242    0.232953    0.202187    0.086871    0.067767    
1.676737    2.834543    2.823414    2.879599    2.945422    3.094848    3.406440    3.512675    4.369732    4.139392    0.608292    0.438899    0.392057    0.342930    0.308450    0.245039    0.211355    0.167540    0.067300    0.064787    
