10    -8.481118    6.410797    1.891210
-0.374470  1.163536  1.171028  0.762805  -1.399164  -0.805286  -0.567384  0.003154  0.933997  -1.232669  0.347803  0.644465  0.018927  -0.473181  -1.407803  -1.970348  0.821106  0.569608  -1.868063  0.428322  2.014901  -0.007186  0.598445  0.461798  -1.053029  0.552033  -0.613530  0.955068  1.682189  0.854499  2.816151  0.037141  -0.240715  -0.597208  -0.573777  -0.062244  -0.155375  0.800620  1.426961  0.019741  0.329232  0.787811  -1.852175  1.629582  1.232894  
-0.300000  1.000000  1.000000  1.000000  1.000000  1.000000  1.000000  1.000000  1.000000  1.000000  
 1    -0.173666    0.003421      0.442150   2853.000000      0.924401
 2    -0.272839    0.000441      0.448810   6111.000000      2.706356
 3    -0.558704    0.001765      0.468006   9849.000000      5.134962
 4    -0.652333    0.003128      0.474293   14270.000000      8.488266
 5    -0.777828    0.005942      0.482720   20377.000000     13.456632
 6    -0.839542    0.009885      0.486864   25096.000000     17.385544
 7    -0.934115    0.016666      0.493215   35718.000000     30.719066
 8    -0.867064    0.001435      0.488712   46197.000000     45.454586
 9    -1.002905    0.026700      0.497834   60181.000000     68.411260
10    -1.000097    0.012592      0.497645   75462.000000     99.634853
0.266432    1.350359    
6.203311    2.892964    0.574746    1.245335    
6.283185    3.207765    3.839406    0.496955    1.199332    0.789807    
6.265587    3.216195    3.865796    2.884781    0.484757    1.227224    0.850114    0.201391    
6.203026    3.215365    3.986852    1.535145    2.252758    0.519764    1.146916    0.810712    1.308716    0.204440    
6.229597    3.227205    3.868802    2.829574    2.162946    4.093798    0.501673    1.193762    0.832114    0.206474    1.374955    1.419989    
6.274313    3.204179    3.873310    2.699099    2.267339    4.209924    6.283185    0.460948    1.162180    0.746503    0.114205    1.381472    1.404508    0.198687    
6.216156    3.173560    4.038466    1.494203    2.192635    5.310583    3.335563    1.880042    0.505843    1.158085    0.838739    1.252455    0.174436    1.426582    0.138171    0.090737    
6.250969    3.229137    3.849737    2.786599    2.178796    4.192057    6.283185    2.615305    1.192824    0.491923    1.162262    0.765346    0.123827    1.368102    1.391098    0.166767    1.433970    0.106390    
6.262678    3.209527    3.875986    2.644730    2.294640    4.206083    6.283185    2.576639    4.572209    3.337314    0.456456    1.151718    0.735611    0.115276    1.389554    1.386236    0.183722    1.525888    0.072710    1.485213    
