10    -5.716544    5.618163    0.298217
1.023492  0.283144  -0.004423  -0.507907  0.852055  -1.412692  0.568955  1.263137  -1.571967  -0.876978  -0.225261  0.303901  0.219018  0.460761  -0.189678  -1.520499  -1.072632  -0.267436  -1.661053  -1.062456  1.171652  -0.160575  -0.663102  0.434856  -0.596899  -0.137532  -1.480474  0.245122  0.438490  0.202227  -1.345522  -0.221028  0.868873  0.070822  -2.903281  1.128442  1.130096  0.079082  0.956096  -2.043017  0.301429  0.238692  -0.532264  0.136123  1.544247  
0.361451  -0.181188  -0.223848  0.210896  0.182772  -0.236009  0.202395  0.866365  -0.174285  0.235390  
 1    -2.867295    0.224291      0.748626   3414.000000      0.957736
 2    -4.222294    0.508993      0.868170   6815.000000      2.484643
 3    -4.975488    0.643748      0.934621   11413.000000      4.887452
 4    -5.437958    0.818774      0.975422   18853.000000      9.485303
 5    -5.575449    0.900598      0.987552   30227.000000     18.831579
 6    -5.659490    0.955765      0.994966   44589.000000     33.232854
 7    -5.689050    0.985735      0.997574   66829.000000     58.933147
 8    -5.701662    0.988280      0.998687   103423.000000    110.941177
 9    -5.710649    0.997156      0.999480   145729.000000    179.703602
10    -5.713744    0.999069      0.999753   216469.000000    306.652560
5.175475    0.672420    
2.663435    3.882785    0.589722    0.446988    
2.333484    2.678956    4.025280    0.611045    0.502226    0.321358    
2.035405    2.578916    2.284077    3.848958    0.626769    0.499808    0.364312    0.299252    
1.609911    2.294258    2.229137    2.348118    3.295378    0.607120    0.476540    0.417895    0.277916    0.241272    
1.316571    2.279706    2.175274    2.190970    2.293741    3.166740    0.642616    0.499817    0.416940    0.352038    0.239739    0.192970    
1.211555    2.070629    2.033937    2.097265    2.186533    2.517796    2.798779    0.629258    0.476371    0.419498    0.360814    0.293798    0.194230    0.121384    
1.141747    2.008933    1.996916    2.046324    2.126678    2.404693    2.415164    3.417794    0.627312    0.472754    0.421298    0.367763    0.305081    0.234220    0.155115    0.070918    
1.101778    1.903925    1.899614    1.925657    1.973409    2.149375    2.301644    2.396932    3.301211    0.624990    0.458561    0.408311    0.358290    0.313851    0.238731    0.205455    0.101773    0.065650    
0.998659    1.703312    1.779667    1.812219    1.860140    1.932526    2.122264    2.258602    2.636519    2.888595    0.605368    0.440237    0.399029    0.354147    0.317718    0.259147    0.215427    0.173279    0.078367    0.054095    
