10    -6.749951    5.714943    0.197293
-1.708201  -0.685090  0.474089  1.287810  -0.074869  0.118065  0.501762  1.971941  -1.543012  1.101359  0.513531  1.303107  -0.039411  -0.404673  0.646122  0.367776  0.305231  -1.148064  -0.678943  -0.668388  -0.482080  0.743054  -0.008128  -1.277238  -2.272334  -0.698613  -0.453450  0.203009  -2.375496  -0.205393  -0.246886  0.350648  0.547968  -0.331325  -1.254338  1.786278  -1.149308  -0.272608  -0.161077  -0.122062  -0.661026  -0.258694  0.943699  0.783945  -0.817001  
-0.300000  1.000000  1.000000  1.000000  1.000000  1.000000  1.000000  1.000000  1.000000  1.000000  
 1    -0.835859    0.000543      0.525540   3057.000000      0.996150
 2    -1.628869    0.000263      0.589160   5519.000000      2.320173
 3    -1.763053    0.000283      0.599925   8642.000000      4.159486
 4    -1.885385    0.000461      0.609739   12384.000000      6.560708
 5    -2.051985    0.001660      0.623104   16418.000000      9.693592
 6    -2.169004    0.000407      0.632492   21492.000000     14.935497
 7    -2.411721    0.001955      0.651964   28954.000000     23.159689
 8    -2.569739    0.006124      0.664641   34868.000000     31.514250
 9    -2.669093    0.014708      0.672612   46891.000000     51.646650
10    -2.580193    0.001879      0.665480   54646.000000     69.102459
0.388778    0.627452    
0.307726    0.391325    0.824212    0.443672    
0.320992    0.387278    1.525454    0.829046    0.512868    1.411146    
0.319551    0.370623    1.109747    4.874436    0.825068    0.521056    0.222998    1.492777    
0.317999    0.373743    2.324740    2.717815    3.124549    0.800671    0.513714    1.350848    1.397399    0.125906    
0.316952    0.355483    1.106677    4.476701    2.498989    3.679331    0.806207    0.522191    0.261775    0.088180    1.453560    1.398979    
0.318217    0.281717    0.289084    3.303939    2.378750    3.599973    2.837008    0.759023    0.544969    0.286819    0.168991    1.376602    1.436926    1.449288    
0.325653    0.389805    3.483370    4.423040    5.917005    3.602429    6.273868    3.604184    0.844439    0.523463    0.221572    0.086181    0.190792    0.115716    1.398937    1.371537    
0.322084    0.386204    3.498532    3.636967    3.853693    3.235226    6.283185    4.054372    3.216074    0.834929    0.523350    0.220903    0.112782    0.090999    1.437499    0.063330    1.395085    0.139196    
0.334523    0.375418    1.102293    3.959586    3.142293    3.177132    3.190118    3.293856    1.558351    1.871918    0.828773    0.501392    0.277261    1.378094    0.218372    1.365751    0.122484    1.439776    0.136905    0.069792    
