10    -6.497798    6.272997    0.469916
-0.387979  1.027428  -0.161652  -1.247563  0.865654  -0.059300  -0.902750  -0.009563  0.619805  0.494273  0.241427  -0.782034  -0.710795  0.554494  0.314347  0.665382  0.619601  0.789661  0.478173  -0.066191  0.159553  -1.213747  -1.279232  -1.144129  -0.167654  0.087212  -3.364413  -1.137771  -0.301603  1.668635  1.337528  0.118905  0.775811  -2.252921  0.313550  1.304715  1.780733  -2.420355  0.248468  -1.087792  1.728022  -0.265995  -1.030269  -0.188304  -0.625750  
-0.300000  1.000000  1.000000  1.000000  1.000000  1.000000  1.000000  1.000000  1.000000  1.000000  
 1    -0.489432    0.000274      0.529523   2547.000000      0.810592
 2    -1.058252    0.000160      0.574064   5654.000000      2.374165
 3    -1.224819    0.000063      0.587106   9105.000000      4.273819
 4    -1.273103    0.000019      0.590887   13216.000000      6.969727
 5    -1.419386    0.000061      0.602342   18506.000000     10.995954
 6    -1.372773    0.000062      0.598692   23400.000000     16.802116
 7    -1.379657    0.000223      0.599231   30116.000000     24.661469
 8    -1.459826    0.000019      0.605508   37633.000000     35.876113
 9    -1.465131    0.000144      0.605924   49816.000000     55.045516
10    -1.547808    0.000122      0.612398   61752.000000     80.288619
0.365878    0.642426    
0.306288    0.382197    0.811849    0.449684    
0.331215    0.372223    2.772938    0.829978    0.557924    0.217045    
0.343518    0.364143    1.528756    1.252696    0.827176    0.556305    1.502235    0.191696    
0.295137    0.275042    0.358522    1.566279    2.421717    0.748836    0.584077    0.197492    0.234971    1.439805    
0.314886    0.380745    3.950735    1.643363    0.865727    2.102362    0.823129    0.490698    1.322623    0.112734    0.122247    0.129147    
0.333326    0.392575    1.516808    5.200579    0.414814    1.658672    2.992328    0.836917    0.511354    1.380467    1.379668    1.288489    0.182289    0.122696    
0.321270    0.388879    3.951521    1.606654    1.545533    2.886594    5.519976    5.138611    0.834672    0.501340    1.321177    0.196626    1.409415    1.511822    0.087848    1.486897    
0.330389    0.384625    2.573290    1.418880    1.627912    1.478051    2.539270    3.072322    2.415378    0.844909    0.512593    0.056539    1.318701    0.151752    1.424153    0.104973    0.090814    1.484370    
0.322863    0.353275    3.930414    2.533764    2.060379    3.609159    2.075660    6.274474    2.546235    6.283185    0.815602    0.465019    1.365827    0.101509    0.148682    0.196012    0.121310    1.442934    0.080727    1.439284    
