10    -3.860432    5.197314    0.032526
-0.277191  -1.145218  1.062622  -0.870811  -1.755050  -1.015249  1.560385  0.481436  -1.006437  1.485005  -0.585905  -0.851112  0.591227  1.385524  1.787364  0.401825  0.404999  0.073697  0.025266  0.675647  1.116530  0.599057  1.417557  -0.488025  0.220577  -0.609157  0.015882  1.153928  0.627370  0.311363  1.364681  -0.776396  0.551247  0.156636  1.109462  0.377343  0.981329  -0.880291  0.005659  -0.441012  -0.008597  0.315943  0.493635  0.340181  -1.355582  
-0.389650  0.198717  -0.312482  0.162049  0.278805  -0.304244  0.275503  0.302973  -0.255795  -0.350681  
 1    -2.108205    0.318960      0.806549   3003.000000      0.877337
 2    -2.993342    0.651362      0.904271   7069.000000      2.604356
 3    -3.613312    0.873956      0.972717   12111.000000      5.184080
 4    -3.793252    0.944053      0.992583   21283.000000     11.334559
 5    -3.833316    0.965485      0.997006   32963.000000     20.822697
 6    -3.847973    0.990192      0.998625   49232.000000     37.990191
 7    -3.856641    0.997432      0.999581   82906.000000     81.237719
 8    -3.859002    0.998620      0.999842   139255.000000    160.961950
 9    -3.859493    0.999410      0.999896   212577.000000    283.495846
10    -3.859931    0.999740      0.999945   247619.000000    345.637207
5.134495    0.562749    
3.678571    4.677610    0.806867    0.429025    
3.394341    3.437574    3.907091    0.772527    0.580242    0.334911    
2.310081    3.190323    3.181546    3.582497    0.693534    0.621253    0.469372    0.247219    
1.656250    3.002938    2.762651    3.051306    3.440931    0.709620    0.587364    0.518435    0.403078    0.192593    
1.579709    2.958148    2.738846    3.032809    3.242935    4.048977    0.708332    0.584747    0.528419    0.429168    0.287058    0.091954    
1.438862    2.649328    2.483666    2.558011    2.711569    3.043794    4.041221    0.698939    0.541672    0.497699    0.413877    0.330627    0.219517    0.087774    
1.330152    2.382712    2.238466    2.127336    2.182459    2.386587    2.874977    3.849161    0.680531    0.508898    0.450279    0.379919    0.320458    0.267294    0.186865    0.081603    
1.328191    2.396991    2.275345    2.193270    2.222814    2.339964    2.788862    3.516497    4.073179    0.683240    0.517304    0.460594    0.393163    0.329942    0.277436    0.208974    0.126991    0.032621    
1.178443    2.098098    2.157366    2.123536    2.151295    2.238405    2.522268    2.964795    3.423415    4.248739    0.654556    0.499213    0.453256    0.405555    0.350348    0.304841    0.253538    0.181508    0.111252    0.033259    
