10    -4.457973    5.189128    0.185954
1.197643  -0.714573  -0.331470  0.595437  0.338292  0.659938  -0.500032  0.115505  -0.342145  -0.596453  -0.067084  1.545699  -0.413591  0.960188  -0.016378  0.482895  -0.638031  0.569905  -2.400921  0.158575  0.180194  -0.618764  0.041434  1.062451  0.299904  0.768707  0.849697  -0.345409  1.072250  -0.226294  -0.705384  -1.052540  0.599254  0.049440  0.887364  1.871586  -0.882463  0.029645  0.117220  -0.350653  0.707747  0.302475  0.694216  -0.851537  -0.341028  
0.024784  0.272186  -0.213223  0.199576  -0.200015  0.807774  -0.220693  0.199207  -0.118523  0.320286  
 1    -2.265361    0.138722      0.772718   3447.000000      0.955071
 2    -3.366800    0.333709      0.886891   7293.000000      2.634817
 3    -3.819655    0.440771      0.933833   11463.000000      4.755993
 4    -4.171933    0.516625      0.970350   19540.000000      9.694409
 5    -4.295474    0.570316      0.983156   29333.000000     17.360518
 6    -4.337171    0.584246      0.987478   39421.000000     27.611491
 7    -4.358418    0.601798      0.989680   60458.000000     51.866360
 8    -4.378229    0.644230      0.991734   92415.000000     98.747248
 9    -4.389349    0.661210      0.992887   137581.000000    171.951910
10    -4.384724    0.913025      0.992407   181883.000000    252.009636
5.595927    0.677735    
2.985568    3.677913    0.543504    0.430853    
2.536135    2.891415    3.257915    0.573273    0.411321    0.254214    
2.404868    2.879969    2.592149    3.868112    0.638539    0.498094    0.309728    0.254765    
2.176268    2.520363    2.328682    2.828009    2.848430    0.609788    0.454582    0.368439    0.206829    0.188480    
1.382983    2.435327    2.390242    2.408742    2.756073    2.963776    0.610734    0.487956    0.407293    0.319908    0.204526    0.140630    
1.377292    2.263007    2.250926    2.328573    2.454889    2.885699    2.980944    0.628393    0.468485    0.403628    0.338507    0.273698    0.164121    0.089847    
1.316699    2.380769    2.306307    2.358523    2.497397    2.960179    2.659578    4.232313    0.649170    0.478074    0.410198    0.354047    0.256090    0.226418    0.093955    0.079258    
1.309683    2.215467    2.152463    2.203703    2.323751    2.689204    2.643341    3.271851    3.048797    0.634090    0.455903    0.395115    0.341839    0.284754    0.219343    0.180504    0.067191    0.077368    
2.172723    2.538229    2.300891    2.832954    2.675978    6.283185    6.028870    6.283185    6.283185    6.046756    0.606830    0.452423    0.376931    0.189442    0.256791    0.117963    0.099223    0.124134    0.168981    0.100526    
