10    -7.613120    6.199361    0.451105
0.120886  0.610718  -0.940969  -1.296675  -0.444179  -1.381420  0.602617  -0.815498  1.472935  -0.054761  0.049716  -1.540904  -1.109380  -1.381756  3.932359  -0.255963  1.355360  -0.172457  -0.880102  0.905413  0.530236  0.473998  -0.589417  -0.877020  0.452247  -2.293872  0.450996  -0.950069  1.582639  -1.208071  0.558386  -0.141408  -1.126877  -0.168347  1.173746  0.844190  0.039212  0.008737  0.498031  0.395026  -1.077446  1.203820  -0.397368  -0.565155  0.879084  
-0.300000  1.000000  1.000000  1.000000  1.000000  1.000000  1.000000  1.000000  1.000000  1.000000  
 1    -0.158061    0.001878      0.460266   2727.000000      0.867470
 2    -0.369192    0.003316      0.475552   6048.000000      2.565456
 3    -0.590296    0.000435      0.491560   9442.000000      4.599948
 4    -0.568144    0.003869      0.489956   12996.000000      6.986741
 5    -0.633125    0.005600      0.494660   18013.000000     11.073875
 6    -0.765459    0.014868      0.504241   23902.000000     16.385113
 7    -0.835693    0.024140      0.509326   30843.000000     24.890891
 8    -0.813886    0.005988      0.507747   40228.000000     38.436650
 9    -0.984066    0.019917      0.520068   50208.000000     54.671763
10    -0.975352    0.008729      0.519437   62294.000000     77.577797
5.939430    0.937948    
5.897812    3.022091    0.870559    0.482801    
0.811068    1.546211    1.370735    0.818890    1.197727    0.292586    
5.896784    3.041824    3.683120    2.049629    0.841951    0.529557    0.184307    0.281236    
5.885541    3.022399    3.677559    2.107767    0.739980    0.837108    0.528100    0.182929    0.238823    1.398282    
5.874139    3.180488    3.640549    3.641448    3.924097    5.512869    0.942189    0.560625    0.297206    1.388628    1.164639    1.414938    
5.927588    3.164978    3.684847    3.403443    4.028815    1.154477    0.734831    0.956920    0.541825    0.298648    1.403818    1.286263    1.389098    0.162527    
5.869233    3.043588    3.654672    2.143994    0.816208    4.848793    6.071954    2.585121    0.828282    0.517019    0.160142    0.250335    1.315520    1.299884    1.462245    1.419481    
5.902487    3.123912    3.639977    3.489192    3.957271    1.096512    0.960311    6.258646    3.056685    0.994631    0.561743    0.235724    1.382243    1.250361    1.343921    0.203282    1.305122    0.140510    
0.877559    5.045302    2.668259    3.161264    1.376282    5.637561    3.090769    4.470407    2.032368    2.585604    1.027332    1.323386    1.230640    0.306441    1.476289    0.101983    0.138801    1.320410    1.355014    1.436102    
