10    -8.077059    6.033468    1.827934
0.238444  0.083739  -0.285309  0.820320  2.772535  1.922071  0.717749  0.194126  -1.362224  1.075911  0.656403  0.149734  0.320614  0.914567  -1.547847  2.150050  0.871377  -0.892210  0.312259  0.446726  -0.424200  1.268882  -0.513329  0.799139  1.440468  0.658850  0.837964  -0.497161  0.986576  -0.773761  -0.411618  -0.228449  -0.773643  1.023479  0.746771  -2.181157  -0.009004  0.341714  -0.707264  0.480961  1.081449  2.124352  0.237081  0.302034  -0.074544  
0.199917  -0.140374  0.134874  0.138506  -0.121570  -0.799962  -0.121522  -0.125872  0.131840  0.185884  
 1    -3.031906    0.170894      0.642455   2979.000000      0.818475
 2    -5.923227    0.608239      0.847360   7415.000000      2.762709
 3    -6.944035    0.817603      0.919704   12231.000000      5.316818
 4    -7.343149    0.864522      0.947988   19279.000000      9.703092
 5    -7.828752    0.958509      0.982403   31561.000000     19.712675
 6    -7.976313    0.983308      0.992860   48419.000000     36.547347
 7    -8.038545    0.993234      0.997271   71720.000000     64.303215
 8    -8.066153    0.997600      0.999227   98586.000000     99.063711
 9    -8.071311    0.998526      0.999593   152530.000000    183.715713
10    -8.074773    0.999545      0.999838   235337.000000    330.096373
6.283185    0.609116    
5.371906    5.732554    0.432604    0.449688    
4.096149    5.243794    4.106409    0.463452    0.351386    0.267092    
3.758268    4.722396    4.170690    5.661024    0.574927    0.459587    0.233323    0.235138    
3.796642    4.271818    3.798933    5.282289    4.003666    0.600933    0.459521    0.330935    0.174909    0.210717    
2.901326    3.772241    3.687501    3.909934    4.851228    4.052877    0.553207    0.445551    0.388824    0.244801    0.192037    0.156939    
2.107002    3.797964    3.616968    3.763041    3.842091    4.833366    4.075539    0.617563    0.459944    0.390330    0.334450    0.246512    0.160601    0.129070    
2.091642    3.431880    3.323000    3.425775    3.498006    3.733526    4.568652    3.897868    0.614059    0.432740    0.376534    0.314958    0.287974    0.194114    0.137105    0.102044    
1.916349    3.006151    3.087250    3.162118    3.343930    3.434154    3.800719    4.399882    3.991736    0.581136    0.408448    0.369764    0.316479    0.284833    0.237386    0.167505    0.118159    0.070767    
1.891851    3.075795    3.099592    3.182463    3.329564    3.451955    3.910702    4.014712    4.545498    4.860148    0.592443    0.415053    0.367780    0.323006    0.297011    0.240642    0.190326    0.169340    0.054572    0.062300    
