10    -5.248051    5.933846    0.039530
0.779165  0.433715  -0.868448  0.416689  -0.606075  0.537735  -1.068886  0.371192  -1.583441  0.551922  -1.085115  0.775944  0.416375  0.780529  0.033247  1.286144  2.901189  0.521076  1.021167  -0.454762  -1.219863  -2.057769  0.471433  -0.316541  -0.748170  0.918634  -0.860999  -3.374013  -0.444010  -0.478795  -0.889080  0.608275  0.344794  0.236290  -0.185461  -0.433932  0.738915  0.028337  0.617541  0.860293  -1.203438  1.167589  2.826214  -0.760676  -0.701464  
0.165366  0.142446  0.799962  0.156794  -0.183356  -0.196451  -0.176025  0.248910  -0.240234  0.128978  
 1    -2.561201    0.001190      0.759714   3399.000000      0.937277
 2    -3.824673    0.000947      0.872707   6900.000000      2.572878
 3    -4.474950    0.000677      0.930861   11864.000000      5.112739
 4    -4.868724    0.000124      0.966077   19001.000000      9.835947
 5    -5.004581    0.000023      0.978226   29074.000000     17.951817
 6    -5.083543    0.000018      0.985288   45569.000000     34.194580
 7    -5.119858    0.000010      0.988536   62453.000000     52.847745
 8    -5.147735    0.000011      0.991029   101126.000000    106.225349
 9    -5.160306    0.000003      0.992153   166658.000000    208.935998
10    -5.165278    0.000001      0.992598   217077.000000    299.794099
6.283185    0.654715    
3.644831    5.148729    0.592022    0.444231    
3.121253    3.508805    4.834496    0.579974    0.474502    0.299198    
2.732795    3.522771    3.057576    5.016667    0.626319    0.495284    0.363133    0.278949    
2.374969    3.139004    2.904139    3.143086    4.162031    0.615289    0.463021    0.397857    0.256395    0.217147    
1.872255    3.095635    2.935734    2.976383    3.123561    4.131301    0.639751    0.498001    0.408368    0.335352    0.231612    0.165158    
1.759123    2.905068    2.827733    2.893040    3.039364    3.401501    4.185833    0.627298    0.486520    0.417701    0.342611    0.278435    0.188199    0.096970    
1.640927    2.865803    2.784916    2.830694    2.914502    3.453414    3.117107    5.447925    0.639269    0.481014    0.414628    0.358874    0.282658    0.223643    0.142077    0.084222    
1.582463    2.702404    2.618167    2.659452    2.734795    3.051827    3.148758    3.432086    4.189821    0.630896    0.463780    0.403309    0.349169    0.301340    0.226248    0.194339    0.084783    0.075319    
1.474043    2.469654    2.480866    2.507385    2.573166    2.742238    2.983628    3.175570    3.761947    3.803534    0.615808    0.445994    0.397964    0.343009    0.306797    0.244246    0.204780    0.151016    0.079307    0.053776    
