10    -4.753721    4.906298    0.054999
-0.804458  0.320932  -0.025483  0.644324  -0.300797  0.389475  -0.107437  -0.479983  0.595036  -0.464668  0.667281  -0.806116  -1.196070  -0.405960  -0.182377  0.103193  -0.138422  0.705692  1.271795  -0.986747  -0.334835  -0.099482  0.407192  0.919388  0.312118  1.533161  -0.550174  -0.383147  -0.822941  1.600083  -0.069281  0.083209  -0.326925  -0.045797  -0.304460  1.923010  -0.078659  -0.582066  -1.617982  0.867261  -1.040437  0.650421  2.699646  0.802025  -1.096921  
-0.799962  -0.115349  -0.132894  0.170385  0.034974  -0.203155  0.202901  -0.226337  0.272798  -0.014955  
 1    -2.145830    0.000999      0.730033   2811.000000      0.761917
 2    -3.311011    0.000201      0.850651   6923.000000      2.543274
 3    -3.862789    0.000269      0.907771   11909.000000      5.076943
 4    -4.172691    0.000042      0.939852   20123.000000     10.208128
 5    -4.254393    0.000024      0.948310   33094.000000     21.236231
 6    -4.297518    0.000004      0.952774   47097.000000     35.146069
 7    -4.315577    0.000003      0.954644   69047.000000     61.291500
 8    -4.335816    0.000000      0.956739   104327.000000    109.576543
 9    -4.343911    0.000001      0.957577   147786.000000    180.884675
10    -4.366816    0.000001      0.959948   243413.000000    352.064725
6.283185    0.569919    
4.699950    6.283185    0.591723    0.405179    
4.060693    4.807978    6.283185    0.623906    0.486985    0.299561    
3.443072    4.833538    4.414854    6.042584    0.652678    0.520906    0.356654    0.251889    
2.837399    4.168973    4.014293    4.470838    5.233865    0.624240    0.481176    0.411500    0.270426    0.180743    
2.343894    4.102044    3.933878    3.997138    4.451749    5.348090    0.646680    0.500419    0.416856    0.339304    0.227983    0.128649    
2.325105    4.019771    3.927351    4.005077    4.355250    4.951447    6.261738    0.637593    0.498769    0.426939    0.344094    0.274353    0.170004    0.074068    
2.259994    3.932925    3.844367    3.924138    4.217195    4.824963    5.172746    6.149483    0.644536    0.487948    0.421509    0.353549    0.279541    0.224997    0.112835    0.080418    
2.261012    3.926385    3.883769    3.995130    4.238709    4.794020    5.349997    5.661293    6.283185    0.643753    0.494147    0.431744    0.356834    0.290899    0.227555    0.154309    0.100496    0.049625    
2.372597    4.091660    3.964053    4.137394    4.584065    5.026467    6.283185    5.569464    6.194016    5.893920    0.653608    0.499893    0.423445    0.333154    0.251323    0.193006    0.096129    0.153166    0.071792    0.084929    
