10    -6.130040    5.537309    0.669921
0.050657  0.392329  0.609438  -0.588129  1.443758  0.402090  0.166803  0.853984  1.658907  0.699776  -1.693152  -0.962174  -2.420045  -0.416890  -0.337671  0.421032  -1.120160  -0.961434  0.302471  0.846941  0.373882  -0.822025  -1.224561  -0.630809  -1.119728  -0.142730  0.364224  -0.979682  0.309658  -1.452174  -1.102066  0.390759  -1.981690  -0.184424  -0.380117  0.204990  0.237579  0.112373  -0.632952  0.478647  -1.245860  -0.806900  -0.440037  2.225693  -0.305795  
-0.169046  0.171714  0.122350  0.158618  0.146986  0.118206  0.800000  0.108462  0.127897  0.159379  
 1    -2.298099    0.144212      0.671567   3300.000000      0.888437
 2    -4.535931    0.556068      0.863370   6885.000000      2.476450
 3    -5.206445    0.686836      0.920839   12472.000000      5.387481
 4    -5.695484    0.827529      0.962755   20281.000000     10.291695
 5    -5.940772    0.912791      0.983778   33179.000000     20.702774
 6    -6.037904    0.964955      0.992103   50547.000000     38.863780
 7    -6.092686    0.985518      0.996798   73443.000000     65.777984
 8    -6.112366    0.993223      0.998485   111362.000000    118.234520
 9    -6.121540    0.997086      0.999271   148976.000000    174.080600
10    -6.127358    0.999262      0.999770   235442.000000    332.353303
6.283185    0.674886    
5.009566    6.283185    0.449539    0.491119    
4.237534    4.759441    6.283185    0.518986    0.414443    0.290496    
3.777453    4.707461    4.072569    6.283185    0.592842    0.468203    0.263852    0.285434    
3.509246    4.206746    3.785776    4.284851    5.533218    0.577769    0.440217    0.368445    0.170596    0.257690    
2.531366    3.974258    3.880632    3.981943    4.458353    4.976837    0.573363    0.461761    0.391306    0.294823    0.180043    0.190547    
2.189568    3.837439    3.691695    3.853716    3.885702    4.718402    4.582047    0.626097    0.458463    0.390589    0.335870    0.266710    0.152868    0.145631    
2.126146    3.479151    3.419775    3.527398    3.628496    3.884229    4.583482    4.296109    0.607826    0.435015    0.380785    0.318839    0.287938    0.205047    0.133758    0.100520    
2.021586    3.444566    3.421665    3.484118    3.578143    3.907902    4.240131    4.163682    5.652457    0.604965    0.437156    0.382862    0.328841    0.291100    0.212917    0.191816    0.083824    0.067213    
1.931588    3.187553    3.212068    3.304407    3.425240    3.573015    4.049611    4.074828    4.776793    4.979528    0.595642    0.419218    0.372666    0.325611    0.298308    0.236432    0.191560    0.169985    0.049615    0.067155    
