10    -5.330333    6.670067    0.506247
-0.337545  -0.225671  -0.825266  -1.519911  0.236885  -0.567556  1.783642  0.438508  -0.234935  0.649691  0.120339  -1.428240  -0.086604  1.572401  0.256997  0.257998  0.610064  -0.238371  -0.607507  0.311573  1.282436  2.512872  -0.260945  0.680088  -0.107376  -0.015426  1.702213  -0.941800  -0.734058  -0.195777  0.768347  0.857076  -1.473879  -1.988438  -0.563131  1.071466  0.111449  -0.379456  -0.452851  -1.808791  -0.149954  0.189505  -0.094223  0.724651  -0.081891  
0.197817  0.125464  0.148558  0.131681  0.114074  0.799962  -0.122114  -0.134120  0.143274  0.148500  
 1    -2.215563    0.138865      0.740444   3042.000000      0.820223
 2    -4.231369    0.574288      0.908423   7032.000000      2.529078
 3    -4.627044    0.770409      0.941395   12428.000000      5.356208
 4    -4.979920    0.824377      0.970800   19376.000000      9.918914
 5    -5.200781    0.905175      0.989204   33863.000000     21.948656
 6    -5.270944    0.972424      0.995051   51619.000000     40.277519
 7    -5.306166    0.986019      0.997986   71666.000000     63.334938
 8    -5.321175    0.994421      0.999237   104299.000000    107.281796
 9    -5.324965    0.996599      0.999553   165601.000000    203.129398
10    -5.328476    0.999299      0.999845   210497.000000    281.268997
6.283185    0.683748    
4.949862    6.283185    0.402478    0.508198    
4.094924    5.003809    5.122222    0.462782    0.376289    0.268793    
3.773086    4.730752    4.182891    6.283185    0.621353    0.462413    0.256462    0.303006    
3.577983    4.081446    3.752697    4.173157    5.802719    0.573019    0.436117    0.366464    0.159849    0.279284    
2.765453    3.775834    3.746207    3.925630    4.707310    4.548685    0.542855    0.446713    0.385579    0.262481    0.181114    0.186294    
2.116592    3.807931    3.626300    3.796728    3.900437    4.693163    4.513942    0.611613    0.452535    0.386434    0.330129    0.258537    0.150817    0.150467    
2.104177    3.462400    3.381472    3.484801    3.590913    3.831778    4.641566    4.156979    0.607183    0.428516    0.374987    0.314285    0.286977    0.200439    0.134043    0.107315    
1.943818    3.180321    3.253782    3.311237    3.481143    3.643902    4.018226    4.472829    4.497353    0.582733    0.418735    0.373588    0.319116    0.285466    0.232158    0.174303    0.109484    0.068153    
1.960998    3.212038    3.229379    3.319353    3.453187    3.595686    4.110496    4.142792    4.611315    5.246234    0.595148    0.417605    0.369719    0.321091    0.296158    0.236014    0.185386    0.172816    0.043682    0.068225    
