10    -5.023792    4.655697    0.329387
0.522022  0.069947  0.869230  0.424554  -0.220960  -0.632086  -0.455699  -0.681874  0.387163  -0.009748  -1.344962  -0.010275  0.704485  -1.958639  0.153709  1.233067  -0.504342  1.349764  0.731516  1.011621  -0.637194  -0.194763  1.103719  -0.072570  -1.162580  0.324676  -0.032394  0.351848  -1.702749  -0.089254  -0.822555  -1.831628  -0.537568  -1.319745  0.014571  2.606340  -0.531054  1.379970  -0.740361  -1.332955  0.110074  -0.127004  -0.600323  -0.892693  0.462145  
-0.226132  0.306036  -0.236995  0.282966  0.264552  -0.309226  0.300802  0.224967  0.351067  0.089168  
 1    -2.695131    0.260915      0.759423   3078.000000      0.853721
 2    -3.959427    0.530865      0.890039   6902.000000      2.491028
 3    -4.697377    0.728672      0.966278   12714.000000      5.423506
 4    -4.888238    0.792829      0.985996   20073.000000     10.187708
 5    -4.930031    0.825359      0.990314   37129.000000     25.165640
 6    -4.970206    0.920999      0.994464   50824.000000     38.285310
 7    -4.989499    0.968972      0.996457   80750.000000     73.776548
 8    -5.008385    0.983706      0.998408   128110.000000    142.137901
 9    -5.016212    0.994629      0.999217   177923.000000    222.214085
10    -5.020539    0.997207      0.999664   280635.000000    403.140002
5.468679    0.572266    
4.047953    5.048414    0.812554    0.425696    
3.701723    3.545527    4.101992    0.747493    0.543615    0.318279    
2.505188    3.433922    3.338649    3.784294    0.685135    0.597873    0.440830    0.234464    
1.955003    3.181977    2.972812    3.260813    3.756897    0.683608    0.570458    0.483398    0.374220    0.165767    
1.920712    3.225348    2.979484    3.442937    3.787632    4.990867    0.679164    0.568183    0.487493    0.384116    0.254663    0.115550    
1.919110    3.278399    2.987986    3.479665    3.848948    5.045567    5.230834    0.673640    0.575041    0.480209    0.386225    0.243877    0.180914    0.074724    
1.634288    3.069742    2.799105    3.050806    3.327912    3.810074    4.371595    5.110539    0.706274    0.545277    0.494840    0.403507    0.315590    0.195213    0.178619    0.080960    
1.591797    2.947861    2.762359    2.890836    3.134270    3.531070    4.260052    4.238977    4.539469    0.692834    0.543647    0.489878    0.405449    0.320007    0.226741    0.183894    0.131950    0.064698    
1.494294    2.740741    2.555185    2.539675    2.632302    2.855557    3.371965    3.826478    4.255541    4.523689    0.681616    0.516979    0.461436    0.383254    0.312112    0.245922    0.186168    0.168303    0.126332    0.056453    
