10    -7.342541    5.375525    0.111051
-1.450948  1.910953  0.711879  -0.247738  0.361466  -0.032950  -0.221347  0.477257  -0.691939  0.792006  0.073249  1.303286  0.213481  1.017349  1.911712  -0.529672  1.842135  -1.057235  -0.862916  0.237631  -1.154182  1.214984  -1.293759  0.822723  -0.332151  -1.281429  0.218538  2.083474  -0.248218  0.267460  0.712514  -0.653608  0.162280  2.213380  -0.665534  -1.009003  2.348051  0.604376  0.643829  -0.331752  0.069864  -0.014711  1.711069  -0.356445  0.643116  
-0.300000  1.000000  1.000000  1.000000  1.000000  1.000000  1.000000  1.000000  1.000000  1.000000  
 1    -0.267892    0.002156      0.443732   2787.000000      0.963324
 2    -0.376171    0.007655      0.452246   6363.000000      2.686197
 3    -0.434870    0.002166      0.456862   10036.000000      4.824423
 4    -0.542880    0.002215      0.465354   14749.000000      8.399771
 5    -0.740920    0.005296      0.480926   21349.000000     13.973060
 6    -0.839388    0.001477      0.488668   27857.000000     20.596760
 7    -0.773435    0.000251      0.483482   36800.000000     32.620812
 8    -0.862281    0.002228      0.490468   44194.000000     42.975240
 9    -0.917482    0.000768      0.494809   52859.000000     57.466007
10    -0.971447    0.013618      0.499052   65619.000000     83.890682
0.285938    1.352305    
0.338350    5.386872    1.356667    1.307660    
0.358150    5.256612    1.381901    1.351511    1.339682    1.400572    
0.013864    6.283181    3.191199    4.608127    1.564787    1.415075    0.140260    0.558106    
5.772462    2.080391    5.223158    4.058047    2.403362    0.511491    0.461275    1.031782    1.326808    0.267923    
5.796933    2.085117    5.223609    4.074934    2.484347    5.633359    0.517839    0.503943    1.030680    1.298355    0.169834    1.334100    
0.494259    5.131106    4.587378    5.275205    4.405930    4.148920    3.347382    1.315576    1.295098    0.289617    1.305650    0.260868    0.264067    1.177986    
0.330291    5.300714    1.401307    4.882208    2.265508    4.972400    2.687526    2.108128    1.345740    1.309894    1.336751    0.286056    0.362239    1.336388    0.240477    0.138614    
0.218638    5.332210    1.566889    4.995383    0.770924    1.971263    1.681610    6.283185    1.767583    1.264411    1.303128    1.285599    0.370626    0.267787    1.191293    0.296993    1.420178    0.308440    
4.930807    1.063876    3.317194    4.835060    5.366652    3.121422    5.927941    4.624707    1.884922    1.499553    0.741301    0.202774    1.044083    0.275786    1.355989    1.434275    1.495163    1.306333    1.438066    1.410361    
