10    -5.377344    5.620971    0.281018
-0.865377  -0.906804  -0.216282  -1.436207  -1.287836  0.000968  0.262022  -0.588278  -0.086633  2.495468  0.738580  -1.138786  -0.119129  -1.040382  -0.558895  -1.008352  0.341405  0.190311  -0.480779  -0.992802  1.018609  0.358448  -0.657133  -0.287619  0.822581  -0.732660  0.836864  1.419409  -0.925479  -1.002656  1.329515  -0.938496  0.955065  -0.270918  -0.642081  -0.070753  0.861484  -1.551337  -1.344420  0.558663  0.413445  -0.212662  -1.006283  -0.373141  -0.039081  
-0.799962  0.110148  -0.152597  -0.161754  0.171605  -0.201660  0.211240  0.000414  -0.193970  -0.215875  
 1    -2.284674    0.108930      0.718805   3108.000000      0.830014
 2    -3.876890    0.301438      0.863574   6557.000000      2.348232
 3    -4.554909    0.377061      0.925222   11444.000000      4.820520
 4    -4.989833    0.445079      0.964766   19388.000000      9.713949
 5    -5.105383    0.476949      0.975272   33017.000000     21.227052
 6    -5.166918    0.494808      0.980867   49701.000000     38.151058
 7    -5.185367    0.500385      0.982545   80270.000000     75.454102
 8    -5.192177    0.501950      0.983164   118924.000000    130.100274
 9    -5.196641    0.503240      0.983570   195485.000000    251.306510
10    -5.198025    0.503655      0.983696   282587.000000    413.792298
6.283185    0.650617    
4.819159    6.283185    0.584304    0.424703    
4.145510    4.749149    6.283185    0.613845    0.473060    0.296797    
3.608846    4.728656    4.279497    6.283185    0.640869    0.516000    0.353761    0.273094    
2.902493    4.144069    3.978684    4.322428    5.437607    0.614723    0.480592    0.416495    0.268117    0.211451    
2.296932    4.117910    3.937975    3.946694    4.279937    5.286274    0.650418    0.506648    0.422915    0.349812    0.229795    0.161757    
2.120863    3.683571    3.621562    3.730909    3.927700    4.634205    4.881883    0.637114    0.477130    0.417897    0.360676    0.290201    0.188547    0.098228    
2.005747    3.548228    3.574883    3.689174    3.877551    4.405053    4.610180    5.775351    0.629548    0.474865    0.423634    0.369047    0.305341    0.232296    0.133255    0.055408    
1.886194    3.284229    3.332463    3.412743    3.543908    3.867263    4.167211    4.604784    5.557012    0.619209    0.455262    0.407145    0.358385    0.313637    0.241753    0.194216    0.095829    0.051129    
1.583113    2.907665    3.213186    3.298286    3.389901    3.580853    3.890535    4.214056    4.887257    5.342558    0.601253    0.455793    0.412561    0.364633    0.327130    0.270716    0.216971    0.163791    0.079556    0.040652    
