10    -4.234775    3.952146    0.217976
-0.934865  0.816632  0.671318  0.859880  0.640418  0.266168  -0.867070  -0.429947  0.784486  0.648298  -1.177462  -0.270474  0.982758  0.978122  -0.218039  -1.001104  0.680115  -0.061909  0.443576  -0.178919  -0.562895  -0.681361  1.251128  0.112286  -0.010073  -1.276786  0.717665  1.291600  -0.105187  -0.953890  -1.007958  -0.949926  -0.329737  0.157287  1.385215  1.187480  0.185674  0.723177  -0.024266  0.079668  -0.675992  -0.162050  0.490816  0.063395  -1.292414  
0.166017  0.187026  -0.158986  0.148238  -0.142093  -0.799995  -0.126337  -0.144020  0.172403  0.158831  
 1    -1.952310    0.192606      0.721206   3135.000000      0.855235
 2    -3.275966    0.555937      0.882885   7402.000000      2.766255
 3    -3.646274    0.757572      0.928117   13096.000000      5.542416
 4    -3.998373    0.825814      0.971124   20153.000000     10.206497
 5    -4.123836    0.931097      0.986449   33221.000000     20.794229
 6    -4.181836    0.972669      0.993534   54158.000000     41.938730
 7    -4.212188    0.986917      0.997241   71629.000000     65.177457
 8    -4.223560    0.993128      0.998630   107312.000000    112.868484
 9    -4.229154    0.997271      0.999313   137178.000000    156.355521
10    -4.233228    0.999480      0.999811   225445.000000    311.538545
6.283185    0.660967    
4.096669    6.122661    0.461256    0.492034    
3.691788    4.274316    4.736889    0.500596    0.384492    0.275681    
3.527833    4.095331    3.456711    6.283185    0.615673    0.476322    0.304060    0.304725    
3.238831    3.689212    3.338572    3.929156    4.531364    0.596831    0.446488    0.366674    0.173036    0.249416    
2.379823    3.375847    3.352250    3.465859    4.056752    4.080149    0.562965    0.457895    0.393443    0.281182    0.191056    0.172351    
1.926776    3.375732    3.216987    3.357024    3.412590    4.147345    3.953252    0.628587    0.461940    0.393318    0.337502    0.267883    0.158792    0.135963    
1.890751    3.053641    2.983839    3.065638    3.164365    3.375932    3.997232    3.750903    0.612615    0.436406    0.382284    0.319595    0.289565    0.206587    0.136102    0.094946    
1.831274    3.112766    3.028807    3.078424    3.142201    3.465616    3.763172    3.472890    5.491617    0.619397    0.443357    0.384404    0.330057    0.292988    0.205229    0.194415    0.077670    0.065031    
1.774419    2.870064    2.846305    2.919857    3.022255    3.154619    3.619829    3.569057    4.427174    4.256643    0.608079    0.423136    0.375094    0.325460    0.300108    0.233942    0.192625    0.169288    0.044437    0.069358    
