10    -6.075876    6.833041    0.368257
-0.994205  -0.671251  -0.887883  0.195603  1.382997  0.888781  -0.060407  -0.573972  0.071070  -1.079800  1.842317  -1.375264  1.536962  1.111330  0.582643  0.988356  0.304395  -0.174480  0.961648  -1.968457  2.608949  1.927321  -0.187514  1.218037  -2.363810  1.078523  1.704040  -1.534157  1.152590  -0.030215  -0.203973  -0.700638  -0.231525  0.013304  0.164172  -0.133719  -0.773512  0.097549  0.916264  -1.072608  -1.287118  0.271469  -0.583656  0.196905  1.741085  
-0.325086  -0.246016  -0.222552  -0.337407  -0.333393  0.252058  0.278102  0.241211  0.293601  -0.326362  
 1    -3.060837    0.336287      0.766438   3141.000000      0.866036
 2    -4.646178    0.673976      0.889247   7107.000000      2.571703
 3    -5.692827    0.911748      0.970327   11617.000000      4.970186
 4    -5.969195    0.965698      0.991736   19861.000000     10.273643
 5    -6.032400    0.984195      0.996632   32004.000000     19.942312
 6    -6.059017    0.995334      0.998694   52401.000000     40.795833
 7    -6.070923    0.998850      0.999616   78170.000000     74.316748
 8    -6.074269    0.999507      0.999876   126961.000000    143.802562
 9    -6.074897    0.999642      0.999924   191942.000000    252.078506
10    -6.075352    0.999818      0.999959   265473.000000    380.674447
5.231280    0.572015    
3.640302    4.829274    0.835649    0.455823    
3.304123    3.326797    3.889036    0.769925    0.576528    0.340086    
2.206919    3.164374    3.122187    3.565170    0.695645    0.631408    0.469749    0.257066    
1.631244    2.986155    2.716622    3.012184    3.406801    0.716149    0.597881    0.521262    0.402078    0.194331    
1.480824    2.782966    2.652905    2.816570    3.001970    3.580531    0.711037    0.583504    0.532260    0.433741    0.304124    0.110749    
1.344699    2.527784    2.425613    2.412210    2.556282    2.835165    3.640993    0.699941    0.551968    0.497598    0.421853    0.342921    0.233450    0.090299    
1.243554    2.293370    2.172301    2.075544    2.103565    2.251677    2.685805    3.508152    0.683659    0.519880    0.453293    0.393651    0.330817    0.278221    0.196758    0.082030    
1.110482    2.082081    2.111080    2.077277    2.063126    2.090483    2.373078    2.857146    3.457313    0.670393    0.522494    0.463010    0.411085    0.356609    0.305297    0.257518    0.174298    0.062684    
1.053650    2.018328    2.126798    2.109391    2.094518    2.079457    2.237483    2.613265    3.030653    3.470234    0.667369    0.532002    0.476243    0.425274    0.373048    0.320427    0.280488    0.223469    0.129096    0.037807    
