10    -6.940617    5.893979    0.495427
-1.005836  0.503446  1.199233  1.483479  -0.592821  -0.667869  -0.277927  -0.746122  -1.144461  -0.517024  -1.065586  0.040723  -0.927408  0.138031  -1.344592  0.494226  -0.986034  0.821460  1.196688  1.597137  -1.299495  0.713507  0.143302  0.823571  -1.206175  -1.405423  0.998794  1.505038  0.429739  -1.935947  -0.247171  0.900996  -0.349041  -0.477095  -1.421178  0.104364  0.425847  -1.037371  0.000303  -0.571347  -0.337199  2.891899  0.270498  -1.104481  -0.483323  
-0.300000  1.000000  1.000000  1.000000  1.000000  1.000000  1.000000  1.000000  1.000000  1.000000  
 1    -0.451660    0.000867      0.494417   3042.000000      0.936558
 2    -0.533770    0.000305      0.500814   5719.000000      2.335452
 3    -0.905481    0.000683      0.529776   9735.000000      4.556496
 4    -0.837653    0.004555      0.524491   14095.000000      7.492614
 5    -0.946532    0.003464      0.532974   18459.000000     11.465823
 6    -1.109865    0.018422      0.545700   24323.000000     16.836605
 7    -1.704820    0.000912      0.592056   28992.000000     22.460490
 8    -1.393186    0.015586      0.567775   34361.000000     31.384260
 9    -1.472637    0.026982      0.573966   46966.000000     51.244974
10    -1.467793    0.011165      0.573588   60495.000000     77.331694
0.458865    0.561316    
0.446408    2.344224    0.608694    0.234043    
0.316348    0.332180    0.809834    0.802319    0.498283    1.244554    
0.415247    0.954026    3.314796    6.283185    0.828864    1.081350    0.210820    0.171580    
0.451264    2.296904    3.577642    2.750658    3.185274    0.502482    0.245963    0.261568    0.284798    1.377131    
0.436111    2.350390    3.577294    2.720071    2.357928    1.335079    0.504647    0.247711    0.202209    0.294854    1.468657    0.278339    
0.306669    0.313672    0.681325    0.338530    2.847479    6.283185    5.932508    0.777945    0.531366    1.188134    1.211301    1.409453    1.316651    0.149739    
0.435507    2.329694    3.541526    2.781672    3.678876    4.142989    3.203412    1.748117    0.493429    0.209943    0.218642    0.276725    0.172690    1.424514    0.200583    0.165933    
0.416472    0.884380    2.912500    5.803293    2.867089    1.787870    4.973728    4.171805    3.289145    0.824483    1.088446    1.327772    0.291207    0.139660    0.044679    1.432442    0.188231    1.446058    
0.294353    0.424226    5.914996    0.898619    6.185323    6.283185    2.430317    2.210418    5.163258    4.645051    0.855092    0.510336    0.225024    1.370038    1.354329    1.311462    0.142542    1.464220    0.118957    0.127023    
