10    -4.118599    5.675091    0.011012
-0.253089  -0.637147  -1.909595  -0.106139  0.001714  -0.962448  0.254333  -1.112221  0.210460  1.389632  0.656688  -0.053128  0.415673  0.704063  -0.896223  0.479744  1.144388  2.050119  0.674869  -0.860506  0.399698  -0.648903  0.244611  -0.701113  -0.574387  -0.681646  0.402290  1.027078  -0.136619  -1.196395  0.197572  -0.799100  1.102346  1.290502  0.409749  -0.691141  -0.771587  -0.926313  -0.050683  0.021199  0.120615  1.060513  0.376282  1.308774  0.202730  
-0.300000  1.000000  1.000000  1.000000  1.000000  1.000000  1.000000  1.000000  1.000000  1.000000  
 1    -0.352844    0.005235      0.615492   2646.000000      0.830308
 2    -0.428295    0.006353      0.623196   6630.000000      2.747612
 3    -0.452012    0.006966      0.625617   9174.000000      4.360636
 4    -0.462592    0.007516      0.626698   13754.000000      7.391336
 5    -0.544214    0.001572      0.635032   20822.000000     13.044726
 6    -0.630653    0.001318      0.643858   27070.000000     20.119773
 7    -0.671002    0.001616      0.647978   37700.000000     32.369062
 8    -0.689732    0.003970      0.649890   45672.000000     44.656756
 9    -0.714352    0.002208      0.652404   53794.000000     59.699804
10    -0.753426    0.007717      0.656394   66327.000000     86.788950
0.317770    1.324377    
0.214079    0.640633    1.246489    1.435999    
0.177578    0.466817    0.706439    1.210280    1.402989    1.486495    
0.176225    0.449767    0.657181    6.105458    1.206715    1.398166    1.489377    0.098834    
0.309141    0.719192    0.658975    5.492242    0.612893    1.250197    1.428350    1.473777    0.418259    0.469642    
0.226065    0.508692    0.784276    5.370699    0.762216    0.653282    1.241594    1.396498    1.448413    0.206340    0.413003    0.324006    
0.193040    0.495572    0.809245    2.143635    3.169122    0.831079    0.684147    1.206614    1.397828    1.466930    1.502791    0.224092    0.407446    0.293303    
0.225634    0.587080    0.830700    1.619306    3.629698    0.589814    0.438713    0.498157    1.240028    1.417357    1.444632    1.487985    0.231919    0.291383    0.279301    0.152678    
0.246790    0.636655    0.758870    5.436195    0.686980    0.568925    0.597896    1.088822    1.236744    1.227129    1.372275    1.466204    0.167549    0.210640    0.415828    0.298665    0.103035    0.115490    
0.157984    0.416246    0.768786    5.422897    0.598988    2.642900    4.645908    3.693169    4.807507    1.517891    1.074473    1.380795    1.448116    0.377852    0.346805    0.073138    0.096296    0.164646    0.260705    1.424345    
