10    -4.916345    7.285886    0.129051
1.412241  2.337697  1.611915  1.649743  0.798248  -0.038336  -0.416919  0.573888  0.379333  0.395861  -0.639797  -0.622015  -1.097253  -0.040995  0.406483  1.850516  0.371162  -0.024252  0.881849  1.684386  -0.044589  -0.971817  -0.680023  -1.209145  0.695044  0.691764  0.203673  -0.572106  0.621362  -0.836067  -0.261789  0.241504  -0.153626  -0.948075  0.199662  -0.560836  -2.803511  0.893301  0.423962  0.633647  0.019574  1.092465  0.627957  0.383323  1.381928  
-0.300000  1.000000  1.000000  1.000000  1.000000  1.000000  1.000000  1.000000  1.000000  1.000000  
 1    -0.273524    0.001552      0.619510   2823.000000      0.870443
 2    -0.566175    0.001088      0.643494   6166.000000      2.557244
 3    -1.093547    0.001051      0.686713   9922.000000      4.759775
 4    -0.668191    0.010138      0.651854   15185.000000      8.134957
 5    -0.781241    0.007037      0.661119   19493.000000     12.140280
 6    -0.856518    0.004913      0.667288   25290.000000     18.097873
 7    -0.964820    0.007270      0.676164   33666.000000     28.500587
 8    -0.991114    0.009591      0.678319   43544.000000     42.984844
 9    -1.594042    0.005515      0.727730   52600.000000     59.061699
10    -1.074158    0.034337      0.685124   66693.000000     88.420717
1.552273    0.355177    
0.993266    1.364345    0.248896    0.381142    
0.476872    1.120171    5.860265    0.696596    0.354878    0.188324    
1.369110    0.498940    0.839017    1.549160    0.724777    0.497298    0.394306    0.316662    
0.836470    1.290246    3.822983    6.232775    0.281928    0.246955    0.299885    0.213918    0.281906    1.224756    
0.763877    1.284830    3.896324    6.250867    3.388205    4.819403    0.241100    0.302774    0.138655    0.027113    1.396082    0.239629    
0.793697    1.293750    3.980071    0.056608    5.273039    4.314221    4.730010    0.216541    0.349186    0.553500    1.158602    0.133873    1.421005    0.238898    
0.780247    1.278279    3.944804    6.143465    3.486390    4.933541    3.826877    5.755840    0.260003    0.259124    0.161377    0.047832    1.432260    0.150021    0.141062    0.209032    
0.439026    1.100441    5.867675    1.006329    6.209995    4.866913    5.695806    1.621033    4.550808    0.685931    0.325369    0.183087    1.515906    0.106952    0.120192    0.183634    0.115756    1.434590    
1.283838    0.506017    0.655116    3.321719    5.434422    4.471279    4.578201    2.960621    0.080581    3.895795    0.822268    0.420293    0.351896    1.531732    1.400798    0.106826    1.504476    0.524460    0.920381    0.260371    
