10    -4.491912    5.842370    0.261689
-0.913186  0.596383  0.783402  -0.561723  -0.291456  1.049971  0.974512  -0.630528  -0.053466  1.690651  -0.015440  0.065761  -0.867256  -0.327027  -0.371583  -0.194330  -0.448940  -1.491343  1.642849  0.599594  -0.460096  -2.010617  0.502082  1.134824  -1.005218  -1.249696  -0.871701  0.020682  -0.788147  -0.522394  0.775097  0.634871  -0.673511  0.471438  -0.921861  0.449032  0.416270  -0.233352  -0.641085  0.326641  1.049163  -0.496667  -1.593433  -1.207052  0.410623  
-0.300000  1.000000  1.000000  1.000000  1.000000  1.000000  1.000000  1.000000  1.000000  1.000000  
 1    -0.843122    0.000810      0.646924   2865.000000      0.924791
 2    -1.613236    0.000941      0.721444   5729.000000      2.410374
 3    -2.003305    0.000054      0.759189   8142.000000      4.055388
 4    -2.033382    0.000040      0.762100   12592.000000      7.126829
 5    -1.896852    0.000828      0.748888   16150.000000      9.990723
 6    -2.167184    0.000034      0.775047   24081.000000     17.097373
 7    -2.131334    0.000010      0.771578   29958.000000     24.610373
 8    -2.169902    0.000163      0.775310   39730.000000     37.703198
 9    -2.223905    0.000016      0.780536   48765.000000     52.900433
10    -2.302476    0.000000      0.788139   65049.000000     83.948888
0.402138    0.642326    
0.310386    0.396492    0.816024    0.441333    
0.283297    0.278597    0.327146    0.742707    0.553096    0.330813    
0.275421    0.268514    0.314531    5.430236    0.727081    0.549957    0.371877    1.494577    
0.318321    0.383780    1.118738    6.028287    1.584825    0.827180    0.528071    0.178627    0.123890    1.447350    
0.210601    0.267571    0.269442    0.326407    2.456712    3.901597    0.691561    0.600637    0.449447    0.247765    1.436100    0.094831    
0.283933    0.273349    0.311964    5.233057    0.355432    0.770314    5.573720    0.738182    0.549891    0.317033    1.411273    1.365867    0.124953    1.517331    
0.270768    0.264485    0.312094    5.449322    1.590890    4.623056    5.005909    6.198214    0.727284    0.550906    0.320341    1.476814    0.196274    1.412158    1.455686    0.050644    
0.264642    0.265351    0.319786    5.411600    1.677231    6.029483    3.378371    3.744579    2.543549    0.719145    0.561264    0.392094    1.438522    0.043081    0.149694    0.141104    1.464737    1.488094    
0.163056    0.284008    0.233455    0.274985    0.320014    0.472614    5.934934    5.396120    4.582359    5.809094    0.750382    0.597884    0.474459    0.353351    0.223360    0.152905    0.105797    1.458855    0.104293    0.064593    
