10    -5.670333    4.703232    0.038300
-0.217286  -0.915852  1.062431  0.444871  -0.375857  -1.325971  -0.652894  -0.842896  -0.447425  1.539325  0.027425  -0.777571  -1.614024  0.688196  -0.014051  0.026840  0.549220  0.855711  0.291851  -0.626174  -2.124388  0.198757  0.726640  -0.387585  0.110386  2.242068  -0.104016  0.801473  1.070724  0.797388  0.451471  1.084119  0.856671  -0.268014  0.219906  0.141838  0.501892  0.241152  1.580794  -0.362969  -0.440099  -0.087929  0.066861  -1.152043  2.398170  
-0.300000  1.000000  1.000000  1.000000  1.000000  1.000000  1.000000  1.000000  1.000000  1.000000  
 1    -0.476936    0.003742      0.499362   2643.000000      0.821963
 2    -0.739768    0.002494      0.524699   6222.000000      2.516053
 3    -0.961548    0.002151      0.546078   10063.000000      4.650449
 4    -1.106321    0.002480      0.560034   14528.000000      7.495496
 5    -1.204652    0.001492      0.569513   20253.000000     11.895294
 6    -1.252772    0.001024      0.574152   27160.000000     19.182620
 7    -1.272548    0.000720      0.576058   36141.000000     29.986121
 8    -1.278322    0.000570      0.576615   50680.000000     48.834720
 9    -1.331367    0.000435      0.581729   66011.000000     78.225152
10    -1.348588    0.000167      0.583389   87051.000000    116.095437
0.316246    1.317525    
0.306213    0.610347    1.166960    1.330319    
0.244328    0.565932    0.645338    1.244769    1.329950    1.395727    
0.235817    0.534673    0.582102    0.841596    1.230213    1.361918    1.367579    1.447079    
0.212633    0.508424    0.554516    0.703427    0.969653    1.207717    1.359435    1.392254    1.415043    1.464271    
0.182935    0.444113    0.555084    0.600827    0.697820    0.928805    1.199677    1.354491    1.391203    1.437164    1.445030    1.485305    
0.162434    0.387925    0.497596    0.582471    0.623239    0.692270    0.907072    1.190181    1.355897    1.393725    1.430418    1.459042    1.468730    1.508543    
0.142232    0.335266    0.447994    0.519738    0.606660    0.630600    0.684977    0.900133    1.189425    1.357023    1.398710    1.429463    1.450959    1.477531    1.491397    1.529318    
0.202231    0.477733    0.524318    0.726157    1.099277    1.299884    5.552569    3.764809    1.242643    1.209114    1.371584    1.398313    1.423207    1.449375    1.495922    1.498381    1.448852    1.408461    
0.187029    0.472318    0.530257    0.693318    1.010534    1.222741    3.201033    6.283078    1.186039    1.233835    1.188916    1.360954    1.404375    1.412950    1.441379    1.492819    0.000000    1.468256    1.427275    1.473677    
