10    -8.077059    6.033468    1.827934
0.238444  0.083739  -0.285309  0.820320  2.772535  1.922071  0.717749  0.194126  -1.362224  1.075911  0.656403  0.149734  0.320614  0.914567  -1.547847  2.150050  0.871377  -0.892210  0.312259  0.446726  -0.424200  1.268882  -0.513329  0.799139  1.440468  0.658850  0.837964  -0.497161  0.986576  -0.773761  -0.411618  -0.228449  -0.773643  1.023479  0.746771  -2.181157  -0.009004  0.341714  -0.707264  0.480961  1.081449  2.124352  0.237081  0.302034  -0.074544  
-0.300000  1.000000  1.000000  1.000000  1.000000  1.000000  1.000000  1.000000  1.000000  1.000000  
 1    -0.218974    0.002678      0.443105   2478.000000      0.796928
 2    -0.333777    0.005399      0.451241   5991.000000      2.668630
 3    -0.431023    0.006901      0.458133   9894.000000      5.152811
 4    -0.517568    0.004742      0.464266   14962.000000      9.162580
 5    -0.597870    0.017674      0.469957   20559.000000     13.125465
 6    -0.694551    0.011969      0.476809   27093.000000     19.773699
 7    -0.740150    0.018322      0.480040   35534.000000     30.362191
 8    -0.816658    0.012045      0.485462   45718.000000     43.585594
 9    -0.844423    0.026429      0.487430   55398.000000     60.085640
10    -1.023179    0.022360      0.500098   71642.000000     91.034263
0.274725    1.345672    
2.929036    6.187167    0.362893    0.506455    
2.931153    6.096284    6.053583    0.343964    0.488099    0.291155    
2.969665    2.327609    1.934920    0.591201    0.491508    1.202124    1.060594    0.363727    
2.911546    6.213742    6.112662    1.408638    3.824297    0.374289    0.384929    0.231115    1.393852    0.262571    
2.955950    6.055905    6.071314    6.188942    2.763743    3.810764    0.368701    0.473221    0.389214    0.219285    0.225835    0.132915    
2.937116    6.063744    6.070966    6.146987    2.764589    3.919874    1.995740    0.355898    0.457256    0.391510    0.224412    0.255898    0.132456    1.444727    
2.917363    5.992409    6.081347    6.156846    2.763079    3.997652    0.775902    6.283185    0.368576    0.558022    0.431047    0.277167    0.213179    0.164796    1.354571    1.379544    
2.938743    6.014770    6.119150    1.388728    3.975669    3.592833    6.283185    1.844712    6.283185    0.285103    0.327561    0.298591    1.327438    0.152055    0.281452    1.388513    0.223572    0.117437    
2.919544    2.420132    5.961117    1.888631    3.987712    5.025208    4.967147    2.888261    2.083270    3.986867    0.832450    1.570796    0.209733    1.063145    1.414562    1.248969    1.352011    1.459454    1.449865    1.346994    
