10    -6.742522    4.941355    0.754757
1.228264  -0.961592  -1.375194  -0.666736  -0.408250  -0.159367  -1.010143  -0.272901  1.148510  0.304371  0.659412  1.625798  -1.085026  -0.277913  0.463255  -0.990108  0.434097  -0.866149  1.488676  -0.134554  0.149314  0.151039  -1.374282  -0.378194  0.792847  -1.594435  -0.553262  -1.656346  -0.175900  1.068554  -0.328559  -1.447383  1.133899  1.159811  1.071022  -1.115433  -0.242938  -1.266567  -0.090140  -0.219575  -0.945066  0.380761  -0.531428  0.821282  0.988751  
-0.300000  1.000000  1.000000  1.000000  1.000000  1.000000  1.000000  1.000000  1.000000  1.000000  
 1    -0.299676    0.003201      0.448570   2610.000000      0.810933
 2    -0.530665    0.002262      0.468339   6104.000000      2.629248
 3    -0.643546    0.002820      0.478001   9671.000000      4.654054
 4    -1.011598    0.001933      0.509502   12680.000000      6.909423
 5    -0.902223    0.003180      0.500140   18510.000000     11.474150
 6    -0.667433    0.011691      0.480045   24996.000000     17.728615
 7    -0.717235    0.018286      0.484308   31224.000000     25.797848
 8    -1.064867    0.008671      0.514061   39371.000000     36.921242
 9    -0.850397    0.020145      0.495705   49800.000000     54.684537
10    -0.889653    0.016572      0.499064   63766.000000     85.409059
5.792376    1.022983    
1.458149    0.820618    1.128200    1.128861    
1.431569    0.793369    4.984279    1.010896    1.193858    0.246389    
0.408871    1.547756    4.755481    1.845383    0.734931    1.077571    0.111088    1.352710    
0.675220    2.662644    2.315070    1.932182    5.586121    0.974959    0.581694    0.151937    0.121432    0.173924    
5.778138    3.152633    5.850145    2.113533    1.563607    0.640459    1.076786    0.272584    0.334825    0.117164    0.243243    0.165886    
5.896650    3.219600    5.797106    1.214621    2.187705    0.766244    2.451746    1.112600    0.223544    0.331623    0.145224    0.231826    0.152849    0.194460    
1.385926    0.738383    5.030137    3.305506    3.359869    2.625856    5.582232    2.007644    1.030974    1.240367    0.214630    0.264998    0.081530    1.415574    1.402116    1.440599    
5.788402    3.561665    5.550489    1.222489    1.920152    3.067655    1.498270    5.991147    4.497771    1.045477    0.118020    0.158843    0.174532    0.000000    0.315176    0.265566    0.281302    1.326069    
5.966802    3.363447    5.728447    3.539980    1.356435    5.739703    5.005002    2.524139    3.804859    6.283185    1.162553    0.256519    0.325559    0.245002    0.162076    1.374603    0.309086    1.287919    1.391060    0.234190    
