10    -7.508457    6.914425    0.212961
-1.485170  -0.260205  -1.424565  -0.891399  0.761163  -0.698757  -0.396650  1.243787  0.074518  -0.322948  1.461472  1.241821  0.259419  1.071688  -0.130218  1.885784  -0.705359  0.335575  0.568752  -0.916734  -1.059760  -1.918972  1.679736  -1.131580  -1.168810  -0.301069  3.244311  1.609465  -1.323539  -1.015974  -0.859412  1.091355  -0.047849  0.167719  1.658327  -0.051820  -1.070045  0.012548  -0.466637  1.137368  0.718743  -0.597138  -0.764962  -0.835288  1.229626  
-0.109762  -0.169087  -0.156249  0.155414  0.133585  -0.799962  -0.131662  -0.115682  0.156296  -0.183029  
 1    -3.368345    0.148250      0.712948   3207.000000      0.861143
 2    -5.941814    0.509882      0.891378   6673.000000      2.383688
 3    -6.552575    0.624409      0.933725   12300.000000      5.224122
 4    -7.122461    0.779557      0.973237   20548.000000     10.464680
 5    -7.348951    0.837741      0.988941   34080.000000     22.077331
 6    -7.420173    0.872864      0.993879   58254.000000     46.639291
 7    -7.459794    0.936666      0.996626   96210.000000     94.181274
 8    -7.477283    0.959547      0.997839   144864.000000    163.464138
 9    -7.492651    0.981428      0.998904   196961.000000    249.870282
10    -7.501259    0.993785      0.999501   264406.000000    371.401842
6.283185    0.687828    
4.389707    6.283185    0.434014    0.509804    
3.951560    4.490007    6.283185    0.509824    0.441562    0.276102    
3.617862    4.345610    3.769832    6.283185    0.610376    0.466461    0.281101    0.304111    
3.105898    3.681263    3.427594    3.569866    6.190202    0.556261    0.422076    0.376655    0.202422    0.282281    
2.079254    3.827571    3.607065    3.669048    3.564658    6.282471    0.637426    0.472323    0.378215    0.333811    0.224395    0.227027    
2.070096    3.474355    3.357211    3.531778    3.599126    3.962936    5.093344    0.617508    0.447616    0.384354    0.321209    0.275517    0.158690    0.160339    
1.997372    3.251514    3.235616    3.323773    3.472884    3.734651    4.109838    4.959287    0.598761    0.435776    0.381315    0.317612    0.280993    0.210399    0.138226    0.096343    
1.938791    3.314223    3.258851    3.328526    3.411496    3.763284    3.977876    3.719547    6.283185    0.610104    0.440202    0.381112    0.327101    0.288052    0.208428    0.193568    0.086196    0.081518    
1.937769    3.148792    3.117366    3.217503    3.320097    3.516037    4.036254    3.829115    5.378284    4.238350    0.606852    0.424367    0.372838    0.320162    0.295264    0.221546    0.192444    0.159663    0.042433    0.075275    
