10    -4.951722    4.769365    0.263131
0.458901  1.173661  0.398716  1.044500  0.584015  0.653871  1.328473  -0.097377  -0.441175  -0.278228  -0.389714  -0.718051  -0.625707  -0.346769  -1.994583  -0.832022  -1.447044  0.816843  0.281185  0.968107  0.519780  0.659102  -0.532252  -0.200280  0.512809  -0.394196  -0.439878  0.036976  0.693787  -1.913152  0.520066  1.505534  -0.868628  -0.236787  -0.378622  0.076066  -0.098226  1.081653  -1.026897  -0.691907  0.742134  1.022666  -1.031449  1.198064  0.301400  
-0.306552  0.204941  0.253484  -0.245261  0.251154  -0.206467  -0.676921  0.189569  0.232659  -0.229562  
 1    -2.478338    0.231346      0.745565   3480.000000      0.968594
 2    -3.768366    0.567643      0.878269   7070.000000      2.629075
 3    -4.422698    0.738019      0.945580   11917.000000      5.077084
 4    -4.785956    0.866667      0.982948   18528.000000      9.551630
 5    -4.871083    0.946920      0.991705   30107.000000     18.932426
 6    -4.919453    0.974982      0.996681   48439.000000     36.736614
 7    -4.936173    0.990628      0.998400   73995.000000     67.275727
 8    -4.944264    0.993006      0.999233   111762.000000    117.442324
 9    -4.949261    0.998680      0.999747   149692.000000    179.910902
10    -4.950675    0.999521      0.999892   220031.000000    305.238014
5.584965    0.646298    
3.106238    4.304908    0.675172    0.437888    
2.695612    2.902468    4.007823    0.657195    0.514683    0.319610    
2.345126    2.914198    2.573293    3.873506    0.684110    0.534232    0.393525    0.286851    
1.980377    2.465473    2.283612    2.476769    3.276819    0.644074    0.478976    0.420725    0.285544    0.224545    
1.418949    2.527780    2.371991    2.294749    2.468249    3.253308    0.675294    0.536803    0.439359    0.364602    0.262224    0.178117    
1.341898    2.272161    2.191975    2.220920    2.339498    2.707292    3.058014    0.661012    0.502041    0.438792    0.380221    0.309214    0.212582    0.102756    
1.280628    2.214936    2.142537    2.188273    2.299899    2.579776    2.665690    3.716024    0.654441    0.496931    0.439069    0.387691    0.323324    0.247603    0.155108    0.066276    
1.229183    2.077147    2.004887    2.025714    2.087724    2.235682    2.404484    2.675072    3.405265    0.648151    0.474686    0.422152    0.373430    0.325587    0.254720    0.210229    0.112697    0.062091    
1.125699    1.857783    1.857906    1.873920    1.900508    1.956934    2.168679    2.350469    2.780572    3.040263    0.627482    0.448527    0.407018    0.361087    0.320214    0.268565    0.227736    0.178035    0.092180    0.051072    
