10    -5.866924    7.535011    0.239600
-0.452566  0.701203  -1.493780  -1.275922  1.342529  -2.134132  -1.496720  -1.305306  0.828734  0.154989  0.275923  1.852512  -0.828546  0.056397  0.562527  0.047985  0.905175  1.409930  -0.323823  -0.165668  -0.018118  0.307362  -0.945166  -2.021812  -0.190764  -1.968996  0.411619  -1.887392  -0.508471  -1.421473  1.122714  -1.617291  -0.288227  1.458641  0.854792  -0.048910  0.234488  1.212307  -0.037268  1.373881  -0.144785  2.242208  0.934083  -0.008594  0.531181  
-0.298470  0.064830  0.136414  -0.074215  -0.180998  0.144329  -0.146288  -0.089330  -0.800000  0.108320  
 1    -2.110790    0.095788      0.719732   3234.000000      0.873214
 2    -4.039713    0.381049      0.863661   6441.000000      2.224365
 3    -4.759277    0.523944      0.917352   10395.000000      4.236157
 4    -5.226299    0.667252      0.952199   16572.000000      8.096659
 5    -5.477726    0.757532      0.970960   25821.000000     15.487206
 6    -5.601039    0.834646      0.980161   40500.000000     30.508068
 7    -5.693048    0.908027      0.987026   59521.000000     52.749673
 8    -5.771930    0.952488      0.992912   88191.000000     91.400980
 9    -5.814159    0.969186      0.996063   122508.000000    146.499853
10    -5.833483    0.983403      0.997505   177005.000000    242.405915
6.283185    0.655961    
5.455618    6.283185    0.476733    0.452639    
4.410404    5.358149    6.283185    0.534782    0.410491    0.284350    
3.962813    5.275043    4.764485    6.283185    0.589644    0.474395    0.265576    0.260406    
3.535309    4.837509    4.495992    5.018088    6.283185    0.585545    0.453522    0.372724    0.224225    0.211212    
3.059935    4.733433    4.493565    4.796418    5.049571    6.283185    0.598923    0.468332    0.383571    0.298949    0.197798    0.147006    
3.099663    4.646565    4.403871    4.789265    4.978970    5.428038    6.283185    0.589169    0.463795    0.385714    0.289456    0.258236    0.125627    0.105303    
2.637038    4.587574    4.450678    4.589132    4.938270    5.322788    5.750157    6.283185    0.609709    0.467993    0.398596    0.322774    0.238803    0.224510    0.081166    0.100923    
2.479385    4.248229    4.216621    4.362066    4.493448    5.192123    5.125372    5.910242    6.283185    0.616959    0.456301    0.393474    0.334040    0.270160    0.212159    0.172563    0.081844    0.086362    
2.351163    4.070803    4.115808    4.226091    4.393285    4.869667    5.039235    5.601686    5.644274    6.283185    0.604827    0.455227    0.396435    0.334594    0.282757    0.228844    0.171508    0.133940    0.072443    0.061414    
