10    -6.655104    5.457656    0.507897
-1.347907  0.938718  1.021825  0.788287  -2.600565  0.373243  -1.052956  0.132503  0.415469  -0.735163  2.955965  1.631560  -0.638114  -1.002116  -0.091526  -0.602506  -0.684845  -0.295842  0.911793  0.673155  0.771728  0.885360  -0.357356  0.310439  -0.297568  0.015547  -0.755597  1.064481  1.147830  -0.308416  0.280121  -0.869412  -0.171759  -3.018073  -0.884095  -0.436185  0.137967  -0.509285  -0.632609  0.859570  0.045425  0.242550  -1.030126  -0.431336  -1.409983  
-0.592553  -0.441683  0.427064  0.536050  -0.364348  -0.520880  -0.214629  -0.510211  -0.477724  -0.511619  
 1    -3.072755    0.301364      0.704250   4275.000000      1.209396
 2    -4.999136    0.617301      0.863287   7578.000000      2.738918
 3    -6.165997    0.843947      0.959621   12168.000000      5.138755
 4    -6.508869    0.915789      0.987927   17744.000000      9.008743
 5    -6.593998    0.943054      0.994955   25717.000000     14.845757
 6    -6.546871    0.923540      0.991065   35142.000000     24.623098
 7    -6.559579    0.964427      0.992114   52130.000000     46.499022
 8    -6.571269    0.969797      0.993079   69353.000000     70.987859
 9    -6.582898    0.980206      0.994039   99503.000000    119.925705
10    -6.591655    0.984987      0.994762   130625.000000    178.327191
1.811140    0.572836    
1.343228    1.756491    0.811149    0.441559    
1.210253    1.278103    1.462971    0.757074    0.578963    0.335579    
0.830087    1.218176    1.186987    1.351534    0.695832    0.622837    0.471601    0.252554    
0.625115    1.141601    1.035184    1.136985    1.288582    0.718615    0.587263    0.515125    0.399732    0.193027    
0.794802    1.214116    1.153233    1.292894    3.231454    1.785351    0.701643    0.621126    0.484890    0.321300    1.445771    1.514089    
0.804505    1.222669    1.167386    1.312677    3.292466    1.775491    1.737679    0.703382    0.624089    0.483767    0.310985    1.433952    1.437457    1.507106    
0.766543    1.217184    1.129511    1.272256    3.044514    6.279999    3.267316    3.406993    0.707488    0.619073    0.490041    0.330419    1.481158    0.059130    1.486948    0.051821    
0.755607    1.209512    1.120989    1.259339    3.137145    1.592052    1.568712    3.527260    5.450019    0.703714    0.616345    0.489945    0.339712    1.392738    1.414202    1.443596    0.075524    0.028819    
0.730087    1.203589    1.106038    1.244086    2.996195    1.489911    1.606918    3.658071    3.464007    3.315235    0.708823    0.613680    0.498284    0.361296    1.362898    1.401235    1.452231    0.100698    1.492107    0.033922    
