10    -6.991107    5.265593    0.585746
-0.035920  -1.299604  0.889104  -0.585994  0.462999  -0.768262  -1.095189  -1.467687  1.944982  -0.321040  -0.414614  -0.035430  3.271529  -0.267381  0.734255  -0.297524  -0.216513  1.865483  0.718226  0.226963  -0.908634  1.313824  0.193337  1.572044  -1.879911  1.578469  -0.685577  -0.879810  0.464822  -1.564092  1.209342  0.987161  -0.700099  -0.423367  0.187833  0.288651  -0.559797  -0.532814  -1.248217  0.973253  0.434748  -0.563710  -0.704399  -1.723364  -1.217254  
-0.152055  -0.133506  -0.119277  0.799962  0.098724  0.136690  -0.143708  0.165428  0.103037  0.233766  
 1    -2.786701    0.156825      0.656971   3084.000000      0.825718
 2    -5.248927    0.563586      0.857859   7529.000000      2.733587
 3    -6.010083    0.764009      0.919960   12251.000000      5.163863
 4    -6.401332    0.819805      0.951881   19979.000000     10.233259
 5    -6.752944    0.924077      0.980569   31139.000000     19.208532
 6    -6.878731    0.955004      0.990832   48860.000000     36.696101
 7    -6.938216    0.972203      0.995685   70621.000000     62.717646
 8    -6.962728    0.981830      0.997685   105697.000000    110.181006
 9    -6.977301    0.993838      0.998874   162415.000000    201.263496
10    -6.986800    0.998374      0.999649   217168.000000    299.743815
6.283185    0.608210    
5.199907    6.031821    0.436814    0.449541    
4.111957    5.220866    4.365430    0.472562    0.353834    0.260454    
3.830408    4.809962    4.154924    6.283185    0.593849    0.470778    0.255101    0.255463    
3.696659    4.333645    3.918525    5.136758    4.325026    0.598689    0.454696    0.341521    0.179885    0.207311    
2.729626    3.941661    3.876412    4.065412    4.795926    4.406088    0.566438    0.456950    0.389602    0.270908    0.187881    0.155546    
2.241961    3.854310    3.720809    3.903090    3.977850    4.855725    4.382521    0.615132    0.459030    0.389483    0.329561    0.256834    0.155622    0.121471    
2.185961    3.539696    3.459755    3.574158    3.722841    3.954128    4.642909    4.288003    0.599993    0.438837    0.380511    0.314109    0.282530    0.204880    0.125957    0.089869    
2.080057    3.589933    3.530855    3.583323    3.671054    4.092678    4.276502    4.304395    5.646883    0.607458    0.443882    0.384712    0.327724    0.284781    0.207258    0.193423    0.064577    0.071628    
2.013152    3.325634    3.307038    3.406938    3.507847    3.693461    4.194725    4.089332    5.356606    4.588669    0.602025    0.423516    0.373627    0.323447    0.296596    0.228133    0.193715    0.164129    0.045691    0.072870    
