10    -6.725067    6.700902    0.221135
-1.416842  1.141139  -0.062071  0.221127  -1.024472  -0.338375  2.052339  -0.303012  -1.444028  -2.597116  -2.753540  -1.642764  0.524421  -0.364225  -0.637291  0.086793  -1.483513  1.732859  0.351637  0.585125  -0.091862  0.001853  0.595091  -0.665807  0.793773  -0.278339  0.412654  -2.365867  1.255806  -1.336100  -0.537524  2.357279  -0.418594  1.781215  2.487691  -0.598725  -0.789933  0.603959  -0.148886  -0.076616  -1.293745  -1.102144  -1.363879  -0.432163  -1.196886  
-0.245036  -0.169250  0.799962  -0.207926  0.205411  -0.221472  -0.257490  -0.235426  -0.208541  -0.341307  
 1    -3.398659    0.237610      0.752241   3339.000000      0.929849
 2    -4.948101    0.521424      0.867647   6867.000000      2.527874
 3    -5.923026    0.671133      0.940262   11372.000000      4.942349
 4    -6.446249    0.833133      0.979233   19313.000000      9.717459
 5    -6.601467    0.909006      0.990794   30551.000000     19.104954
 6    -6.680555    0.960591      0.996685   47289.000000     36.099264
 7    -6.704778    0.988372      0.998489   70226.000000     62.460356
 8    -6.714014    0.989515      0.999177   97975.000000    101.382563
 9    -6.720379    0.997045      0.999651   158933.000000    199.016128
10    -6.722708    0.999062      0.999824   215060.000000    303.129593
5.357559    0.647941    
2.832854    4.137308    0.652209    0.440255    
2.415451    2.699034    3.987117    0.630999    0.525410    0.337924    
2.052036    2.676755    2.363354    3.791413    0.649809    0.522952    0.396344    0.299432    
1.676045    2.361218    2.219694    2.339162    3.320659    0.632059    0.488111    0.429655    0.302217    0.241009    
1.341687    2.321273    2.195741    2.176360    2.283089    3.204647    0.661274    0.517799    0.430233    0.363313    0.262674    0.194595    
1.237678    2.097281    2.037459    2.084962    2.171389    2.488061    2.850288    0.644177    0.488249    0.430248    0.372310    0.305366    0.207604    0.120140    
1.158995    1.990563    1.969030    2.007251    2.082173    2.307192    2.414993    3.247442    0.634950    0.478483    0.426670    0.375011    0.319377    0.240798    0.165725    0.072031    
1.121759    1.903986    1.881981    1.901281    1.947679    2.081922    2.250573    2.416557    3.303485    0.631260    0.465276    0.414310    0.365596    0.321626    0.249981    0.207136    0.115350    0.062634    
1.022302    1.703503    1.752272    1.788435    1.830370    1.879743    2.057354    2.225568    2.589197    2.954653    0.610792    0.442398    0.402902    0.360513    0.322670    0.267174    0.222774    0.176340    0.089059    0.050996    
