10    -6.055436    8.624987    0.603528
-0.377364  0.166759  0.682802  1.921379  -0.197037  -0.759879  -2.089066  -0.036373  -1.217749  -1.428905  -0.170528  1.160940  -1.061140  -1.408500  0.839550  -0.099625  -1.736265  -0.307186  -0.080870  0.834319  1.885460  0.440898  0.439874  1.070767  0.404252  0.133472  1.937107  1.002275  -0.047000  1.153260  0.019985  -1.579930  -0.197842  -0.220196  -0.267084  -0.412130  1.049545  1.663777  0.603633  0.231452  0.368404  -0.497894  1.567452  0.469145  0.545377  
-0.300000  1.000000  1.000000  1.000000  1.000000  1.000000  1.000000  1.000000  1.000000  1.000000  
 1    -0.217144    0.003936      0.602308   3300.000000      1.064456
 2    -0.467347    0.000183      0.619351   6692.000000      2.858410
 3    -0.527029    0.001107      0.623416   11416.000000      5.490374
 4    -0.593929    0.001662      0.627973   15830.000000      8.758039
 5    -0.689760    0.000249      0.634501   20929.000000     13.114086
 6    -0.737213    0.009116      0.637734   27165.000000     19.698686
 7    -0.743119    0.004162      0.638136   34581.000000     29.535454
 8    -0.850158    0.004374      0.645427   43016.000000     42.093843
 9    -0.929388    0.002413      0.650824   55914.000000     62.757385
10    -0.929370    0.011906      0.650823   70817.000000     92.816957
0.251516    1.351778    
0.913850    0.562664    1.333365    0.641457    
0.871246    0.594150    1.807114    1.334161    0.666013    0.177119    
0.857358    0.614598    1.899233    2.361868    1.344479    0.678963    0.172515    1.401675    
0.705557    0.741094    4.462206    0.413421    4.745814    1.332971    0.484948    1.178482    0.331862    0.251945    
0.790029    0.669680    1.885103    2.189896    5.764123    2.409747    1.332931    0.692478    0.163347    1.319171    1.423979    1.357032    
0.734148    0.659608    4.315356    4.720170    0.538373    0.441546    1.695279    1.347932    0.632444    1.291525    1.358371    0.271182    1.311869    1.459669    
0.749928    0.678767    1.693271    2.315343    5.873971    2.447085    0.387683    5.786293    1.323484    0.669136    0.141389    1.355127    1.451254    1.351111    0.169447    0.171979    
0.600894    0.671191    2.024349    2.492647    0.987472    3.892565    2.015007    5.569068    1.105323    1.293004    0.652374    0.204437    1.430306    0.141388    0.256077    1.403098    0.247537    0.147008    
0.389666    0.862550    4.401947    0.437725    4.763451    4.099024    5.251990    2.773925    0.216791    1.938139    1.345118    0.515150    1.119334    0.517824    0.275482    0.227728    0.208146    0.396210    1.251728    0.118852    
