10    -5.716544    5.618163    0.298217
1.023492  0.283144  -0.004423  -0.507907  0.852055  -1.412692  0.568955  1.263137  -1.571967  -0.876978  -0.225261  0.303901  0.219018  0.460761  -0.189678  -1.520499  -1.072632  -0.267436  -1.661053  -1.062456  1.171652  -0.160575  -0.663102  0.434856  -0.596899  -0.137532  -1.480474  0.245122  0.438490  0.202227  -1.345522  -0.221028  0.868873  0.070822  -2.903281  1.128442  1.130096  0.079082  0.956096  -2.043017  0.301429  0.238692  -0.532264  0.136123  1.544247  
-0.300000  1.000000  1.000000  1.000000  1.000000  1.000000  1.000000  1.000000  1.000000  1.000000  
 1    -1.059743    0.000354      0.589156   3573.000000      1.063065
 2    -1.795465    0.000185      0.654064   6614.000000      2.601377
 3    -2.199593    0.000070      0.689718   9495.000000      4.309408
 4    -2.204949    0.000064      0.690191   13517.000000      6.935012
 5    -2.299453    0.000001      0.698528   18638.000000     11.379015
 6    -2.059613    0.000055      0.677369   23105.000000     16.149845
 7    -2.055173    0.000241      0.676977   30014.000000     25.039252
 8    -2.280990    0.000052      0.696900   39903.000000     37.487840
 9    -2.295514    0.000020      0.698181   55960.000000     65.457477
10    -2.126632    0.000074      0.683281   62950.000000     82.826730
0.429251    0.583687    
0.318972    0.419104    0.843369    0.461707    
0.289290    0.280397    0.328741    0.752886    0.554787    0.331212    
0.287688    0.277539    0.324427    5.286063    0.749008    0.554480    0.327558    1.543078    
0.196140    0.273890    0.265899    0.313322    2.473688    0.695626    0.610400    0.455566    0.256853    1.536497    
0.329949    0.387460    1.158112    2.932824    2.993477    2.870280    0.836440    0.528194    0.243621    0.092422    0.108758    0.096702    
0.321219    0.383593    1.138057    0.839771    1.654488    1.791202    3.725698    0.830105    0.511858    0.229381    1.400893    0.110819    1.499188    1.503621    
0.265735    0.263825    0.318513    1.800051    0.485809    5.959462    2.330433    6.220360    0.718472    0.564139    0.425384    1.492961    1.393701    1.485859    0.082439    1.529274    
0.265069    0.269120    0.331703    1.617727    3.729101    6.014319    5.007843    3.813973    2.460869    0.721275    0.573556    0.418627    1.421430    1.457371    1.525344    0.057794    0.079889    1.493127    
0.324890    0.392094    1.572508    3.710337    2.966127    3.660985    1.518104    5.835459    3.224147    6.283185    0.835791    0.518642    1.414765    1.472385    1.526334    1.477108    0.103898    0.127414    1.451886    0.087802    
