10    -5.074299    4.633552    0.441493
-0.894779  0.121654  -0.763285  -0.481901  1.059032  0.356689  -0.392180  1.515508  -0.183340  -0.140353  -1.015118  -1.061475  -0.607602  1.142866  0.181214  0.037874  0.814313  -0.188506  0.959805  -0.357926  -1.180893  -0.575264  -0.207069  -0.544600  1.494800  -0.153919  -1.374320  0.848533  0.426362  0.235991  0.583620  0.009888  0.773765  -0.970134  0.187788  -0.565258  -1.174475  0.982607  -0.310552  0.148691  0.150205  0.729971  1.808813  1.031144  -0.973067  
-0.300000  1.000000  1.000000  1.000000  1.000000  1.000000  1.000000  1.000000  1.000000  1.000000  
 1    -0.093228    0.001670      0.486903   2565.000000      0.816355
 2    -0.348129    0.004785      0.513160   5587.000000      2.406909
 3    -0.344078    0.003540      0.512743   9434.000000      4.539571
 4    -0.360183    0.001032      0.514402   12838.000000      6.842095
 5    -0.438841    0.000782      0.522504   19746.000000     12.155361
 6    -0.505366    0.003409      0.529357   25363.000000     19.062493
 7    -0.664865    0.005434      0.545787   30803.000000     25.150609
 8    -0.663520    0.002392      0.545648   38152.000000     36.461595
 9    -0.657519    0.008156      0.545030   49687.000000     53.861082
10    -0.732673    0.015644      0.552772   62036.000000     79.080058
4.627845    1.111426    
0.580764    2.977196    1.374241    0.968255    
4.238637    0.462186    2.785095    0.959343    1.102579    0.437576    
4.650639    2.898250    4.739549    4.385534    1.096346    0.300320    0.383483    0.242175    
4.633883    2.972125    4.698549    4.366996    4.407667    1.107673    0.187341    0.402013    0.372370    0.240673    
4.633038    2.969241    5.027376    2.395369    5.796954    2.558265    1.105674    0.343805    0.414221    0.231769    1.474764    1.334113    
0.371344    3.435829    0.448212    3.809279    1.440269    3.655518    3.500233    1.337212    1.176001    1.073314    0.283535    1.398381    0.063106    1.459265    
0.435269    3.507269    0.442695    3.709307    4.418002    0.499382    3.614368    2.309240    1.367274    1.158653    1.046885    0.301142    1.382127    0.173092    1.463935    0.145054    
4.611905    2.976778    4.997018    2.411382    4.411326    3.920200    2.341469    3.950046    4.059821    1.082783    0.367220    0.333712    0.217605    0.153673    1.284461    0.170150    1.409988    0.108385    
0.428604    3.390761    0.338653    3.587527    1.376509    4.037443    3.207697    5.622145    1.371742    3.147371    1.381236    1.062171    1.066799    0.274881    1.445282    0.087606    1.293659    1.389335    0.176143    1.414626    
