10    -4.591781    6.437727    0.195228
-0.835604  0.665364  0.481271  -0.938764  -0.122347  -1.126123  -0.846273  -1.317148  -1.813608  -0.155595  0.611860  0.014949  0.795852  0.011985  0.922505  0.349768  0.002359  -0.999109  0.421646  -0.261758  0.127665  0.056907  -0.229472  -0.957703  -0.424170  0.020671  -0.415321  0.213133  0.117778  1.360823  -0.434741  -0.066807  0.645877  -1.553138  -2.486736  1.837397  -0.484461  0.361843  0.254181  -0.534835  1.677636  -0.110994  -0.669409  -0.335348  0.428695  
-0.300000  1.000000  1.000000  1.000000  1.000000  1.000000  1.000000  1.000000  1.000000  1.000000  
 1    -0.190894    0.003146      0.600990   3024.000000      1.032722
 2    -0.304421    0.014589      0.611283   6036.000000      2.526116
 3    -0.401800    0.017950      0.620112   9652.000000      4.744155
 4    -0.536234    0.014323      0.632300   13723.000000      7.844651
 5    -0.503023    0.007030      0.629289   19615.000000     13.383775
 6    -0.573369    0.012036      0.635667   26369.000000     20.541804
 7    -0.612844    0.013414      0.639246   33517.000000     28.283878
 8    -0.633711    0.015904      0.641138   42977.000000     41.441686
 9    -0.684255    0.015167      0.645721   53540.000000     58.857143
10    -0.748287    0.015740      0.651526   63755.000000     78.878304
2.333806    0.938531    
2.322252    2.200373    0.823136    0.296970    
2.482466    2.170506    1.606336    0.852672    0.369809    0.348543    
1.276679    0.536729    2.911746    1.710341    1.022835    1.220809    0.266356    0.282765    
2.395966    2.145790    1.827152    0.360477    1.778913    0.829722    0.327578    0.388469    1.221082    0.173547    
2.541633    2.089257    1.635004    1.812076    1.167017    4.344955    0.879638    0.389043    0.462985    0.226714    0.252784    1.383499    
2.542156    2.099813    1.650948    1.784077    1.241462    4.247073    4.809316    0.873253    0.382955    0.462749    0.220385    0.255714    1.418243    0.150208    
2.321366    2.018455    1.896492    0.341143    2.193415    0.509950    5.735717    0.978270    0.803684    0.317500    0.400175    1.164822    0.265271    1.416642    1.368531    0.140230    
2.552254    2.128375    1.647148    1.810494    1.229207    4.131731    4.939696    4.311188    3.379325    0.872625    0.365231    0.457750    0.195791    0.231591    1.377123    0.191448    0.067546    0.152028    
2.152955    0.604255    1.081632    0.891650    3.267687    0.810124    5.333477    2.117329    5.881496    2.922656    0.806468    0.364295    1.124873    0.209929    1.282433    1.340454    1.175920    0.097141    1.437072    0.078177    
