10    -5.901012    5.757641    0.280536
-1.130571  0.696200  -0.432293  0.741020  -0.478137  1.386040  0.125180  1.148860  -2.350259  0.183293  -0.311386  -0.294066  0.400061  1.005500  0.501643  -0.000668  1.303972  1.073324  -0.515345  1.662900  0.551817  -0.579494  -0.848800  -0.410862  2.160625  -1.557699  0.134852  0.005454  0.646549  -0.592073  0.551924  1.378349  0.504470  -0.117452  -0.835364  1.302395  1.956960  0.577368  0.163496  0.603344  -0.601698  -0.586945  0.483114  0.647956  -0.733215  
-0.316995  -0.212383  0.249107  -0.250500  0.203901  -0.210126  0.862459  0.155086  0.229992  0.136768  
 1    -2.970808    0.225661      0.748667   3408.000000      0.952440
 2    -4.371420    0.520962      0.868802   7342.000000      2.655774
 3    -5.083061    0.701810      0.929842   11974.000000      5.133870
 4    -5.572111    0.807592      0.971789   18163.000000      8.999875
 5    -5.761982    0.892895      0.988075   27990.000000     16.825610
 6    -5.836668    0.920945      0.994481   42020.000000     30.698582
 7    -5.867900    0.938818      0.997160   60354.000000     51.303317
 8    -5.878814    0.964791      0.998096   86479.000000     86.558861
 9    -5.891147    0.983274      0.999154   126303.000000    149.015158
10    -5.895474    0.989343      0.999525   169816.000000    225.398661
5.153961    0.642012    
2.726664    3.471962    0.567629    0.422503    
2.365404    2.658394    3.073070    0.599696    0.424247    0.272981    
2.143861    2.699422    2.429327    3.364436    0.655879    0.516366    0.329267    0.257240    
1.950903    2.373776    2.146967    2.500062    2.628551    0.627319    0.470598    0.385126    0.225734    0.191391    
1.318056    2.287059    2.212105    2.194168    2.458732    2.683093    0.627831    0.505587    0.421648    0.334455    0.215562    0.148750    
1.218665    2.110020    2.023639    2.077815    2.154539    2.568216    2.516693    0.645717    0.480797    0.414160    0.357438    0.286275    0.180212    0.102114    
1.194334    2.086986    2.044508    2.085872    2.187951    2.491508    2.530179    3.178699    0.633641    0.484056    0.422631    0.362384    0.290885    0.228422    0.114630    0.054650    
1.172474    2.003785    1.926011    1.952031    2.024781    2.254769    2.312776    2.600265    3.030762    0.632440    0.466601    0.404568    0.352174    0.302142    0.226393    0.193168    0.076317    0.066240    
1.081596    1.803057    1.797753    1.826793    1.876218    1.982178    2.191643    2.297756    2.854886    2.678276    0.614130    0.442124    0.396169    0.344660    0.306036    0.244307    0.208090    0.156193    0.072091    0.055563    
